Year,Month,Day,realization,ORO_fnf,SHA_fnf,FOL_fnf,YRS_fnf,MHB_fnf,PAR_fnf,NHG_fnf,NML_fnf,DNP_fnf,EXC_fnf,MIL_fnf,PFT_fnf,KWH_fnf,SUC_fnf,ISB_fnf
2024,10,1,1,3098.6051971509164,9322.330606125606,1.2518601566562004,1254.283994630396,65.65923321457966,3.910617194317564,3.929890606906869,153.50779445284738,5.846013548759807,113.82393657589267,247.0026951085015,398.3692322524867,88.45978513793082,8.688902971111716,379.3633190108952
2024,10,2,1,3151.572779819229,9251.202810538429,2707.284101138487,1204.819223906857,65.65923321457966,3.910617194317564,3.929890606906869,74.51832272342374,5.846013548759807,113.82393657589267,399.0043335759089,302.7606185124782,88.45978513793082,2.8987049082896856,344.690318096767
2024,10,3,1,5190.825776453092,13355.965196510624,2488.2482159618307,2603.9641924656503,65.65923321457966,38.53678836659364,38.72671629488469,46.2013766360764,935.360781200201,113.82393657589267,375.2540954949252,311.8662055367163,75.19082708665256,16.01345415857275,273.3047595964931
2024,10,4,1,7600.852034148954,13174.703990594177,203.79866063644064,4741.546728744976,65.65923321457966,152.4716483860055,153.2231023999103,484.36923559850686,374.14430220887306,113.82393657589267,1073.5117314114495,530.4001440753127,84.036815319876,16.01345415857275,279.4235191942105
2024,10,5,1,4502.246836998037,10185.04198266446,203.79866063644064,2561.565836270818,65.65923321457966,202.7370294878724,203.7362156066589,216.10316347718,190.1900267089964,113.82393657589267,342.0037517497346,446.17351411542336,159.2276424065665,16.01345415857275,367.12579981556615
2024,10,6,1,2436.510079427162,10164.391977494008,203.79866063644064,109.529032262296,65.65923321457966,35.18577820587228,35.35919073564455,299.5637290542118,190.1900267089964,113.82393657589267,646.0070286845495,600.9684435129086,148.17019356289154,2.8987049082896856,456.8676371088335
2024,10,7,1,2462.993840363859,9042.408313815737,203.79866063644064,1438.0100519999282,65.65923321457966,7.037167075727656,7.071849638037119,52.65961104731864,190.1900267089964,113.82393657589267,722.0078739975082,489.4250524804476,128.26670788887935,34.75547185038963,416.0758765969879
2024,10,8,1,3283.9918276817584,9710.091863745323,203.79866063644064,1695.9332654548605,65.65923321457966,7.037167075727656,7.071849638037119,52.65961104731864,129.78130563118174,113.82393657589267,323.00354042146023,512.1890200411144,117.20925904516643,17.377735925194816,387.52168007146247
2024,10,9,1,2489.477662095475,8948.336068039303,203.79866063644064,1695.9332654548605,65.65923321457966,7.037167075727656,7.071849638037119,52.65961104731864,27.18390651057137,113.82393657589267,427.5046505682511,277.7202541959303,110.57478001954628,11.585157283464444,232.51299908470045
2024,10,10,1,2489.477662095475,10779.303291988066,203.79866063644064,551.1783030865545,65.65923321457966,7.037167075727656,7.071849638037119,6.245322553810482,27.18390651057137,113.82393657589267,427.5046505682511,254.95628663540623,90.6712943455341,14.481481612841764,238.6317586823649
2024,10,11,1,1218.2550093162793,10779.303291988066,203.79866063644064,512.3131541561671,65.65923321457966,7.037167075727656,7.071849638037119,6.245322553810482,27.18390651057137,113.82393657589267,116.37625526657828,229.9159723329936,88.45978513793082,2.8987049082896856,336.5319570361996
2024,10,12,1,815.7011864946244,9815.636334616382,203.79866063644064,10.599556304110456,65.65923321457966,82.10009197422659,82.50472092858665,6.245322553810482,27.18390651057137,113.82393657589267,16.62517187257584,188.9408307239933,86.24832452747927,11.585157283464444,377.3237175480452
2024,10,13,1,815.7011864946244,7509.718942328494,203.79866063644064,10.599556304110456,65.65923321457966,29.321453251843906,29.46596355243328,6.245322553810482,48.52185082798452,113.82393657589267,617.5067116922074,364.2232809117007,95.0943127607027,14.481481612841764,379.3633190108952
2024,10,14,1,2224.6396271647045,8686.769335881085,203.79866063644064,10.599556304110456,65.65923321457966,29.321453251843906,29.46596355243328,6.245322553810482,48.52185082798452,113.82393657589267,952.385397233623,346.01210686336714,92.88280355309944,28.962893208658027,446.6697193763545
2024,10,15,1,2224.6396271647045,8262.29695795869,203.79866063644064,303.8547114249566,65.65923321457966,227.86972003883344,228.9927722100609,6.245322553810482,48.52185082798452,113.82393657589267,292.12818397350844,453.0027043836377,88.45978513793082,23.17031456692642,379.3633190108952
2024,10,16,1,3570.0168835205536,8262.29695795869,203.79866063644064,317.98747499348303,65.65923321457966,46.91437094116304,47.14558764752608,6.245322553810482,8.301324859670489,113.82393657589267,168.6268624984431,220.81038530875543,90.6712943455341,20.274060254573367,481.3426754995444
2024,10,17,1,3570.0168835205536,8381.608098943174,203.79866063644064,706.6388333190337,65.65923321457966,46.91437094116304,47.14558764752608,6.245322553810482,8.301324859670489,113.82393657589267,168.6268624984431,311.8662055367163,88.45978513793082,23.17031456692642,442.5905164506016
2024,10,18,1,3575.3136843438288,9381.986176617538,9.038504846543283,710.1720405834784,65.65923321457966,40.21229344695433,40.41047907450477,6.245322553810482,8.301324859670489,113.82393657589267,93.2197900891018,402.9220257646772,81.82530611231067,8.688902971111716,350.80907769443144
2024,10,19,1,3575.3136843438288,8113.158031727928,9.038504846543283,710.1720405834784,65.65923321457966,56.96740142332073,57.24816432524007,6.245322553810482,8.301324859670489,113.82393657589267,93.2197900891018,252.67988987923965,77.40233629425585,11.585157283464444,379.3633190108952
2024,10,20,1,3352.8496912297405,8537.630360230336,9.038504846543283,547.6450958221096,65.65923321457966,194.35944691332125,195.31734425403585,6.245322553810482,8.301324859670489,113.82393657589267,93.2197900891018,298.20782500043043,79.61384550182117,23.17031456692642,305.93815904777136
2024,10,21,1,3352.8496912297405,8962.102738153355,9.038504846543283,547.6450958221096,65.65923321457966,15.079602896012124,15.15392247112166,6.245322553810482,374.14430220887306,113.82393657589267,93.2197900891018,252.67988987923965,75.19082708665256,23.17031456692642,442.5905164506016
2024,10,22,1,3352.8496912297405,9228.258360349177,9.038504846543283,551.1783030865545,65.65923321457966,85.45115930772876,85.87230394238271,6.245322553810482,80.28513633027113,113.82393657589267,496.3804296728908,425.6859433109232,77.40233629425585,26.066638896304973,436.4717568528842
2024,10,23,1,3352.8496912297405,9189.252795027696,9.038504846543283,706.6388333190337,65.65923321457966,31.834768045150923,31.99166517640442,6.245322553810482,80.28513633027113,113.82393657589267,888.2596970403417,341.45931335117666,77.40233629425585,14.481481612841764,426.2738391204052
2024,10,24,1,1657.8861947208648,8094.802471576276,9.038504846543283,621.8421864186221,65.65923321457966,67.02048907822157,67.35079845747214,6.245322553810482,80.28513633027113,113.82393657589267,95.00105664121536,343.7357101072005,72.97931787908723,17.377735925194816,391.60083820627705
2024,10,25,1,1657.8861947208648,9072.236099062013,9.038504846543283,699.5724842793968,65.65923321457966,7.260541072484949,7.296324529867312,6.245322553810482,9.353601135775063,113.82393657589267,470.25515213615824,332.3537263269385,75.19082708665256,14.481481612841764,363.0465968897605
2024,10,26,1,1657.8861947208648,9691.736303594296,9.038504846543283,745.5039822494209,65.65923321457966,7.260541072484949,7.296324529867312,6.245322553810482,9.353601135775063,113.82393657589267,472.630139433258,302.7606185124782,70.7678572686357,5.790408113902344,383.4424771457097
2024,10,27,1,3548.8298626122123,9182.36945997067,9.038504846543283,706.6388333190337,65.65923321457966,7.260541072484949,7.296324529867312,6.245322553810482,652.4141157428139,113.82393657589267,296.8782628848668,305.037015268502,66.34483885346708,23.17031456692642,389.5612367433742
2024,10,28,1,1980.988613142591,9558.658443075776,9.038504846543283,734.9044259453393,65.65923321457966,25.970443091122544,26.09843799319314,6.245322553810482,174.21093670385824,113.82393657589267,413.254518151335,250.40349312321567,66.34483885346708,23.17031456692642,320.2152797060032
2024,10,29,1,1980.988613142591,9184.663904989471,731.5799965785803,706.6388333190337,65.65923321457966,25.970443091122544,26.09843799319314,6.245322553810482,174.21093670385824,113.82393657589267,368.12902928646713,343.7357101072005,68.55634806103241,23.17031456692642,416.0758765969879
2024,10,30,1,2277.607209833017,10958.270003465106,731.5799965785803,1201.286082131482,65.65923321457966,98.85525712338412,99.34246363388824,6.245322553810482,159.0113220192945,113.82393657589267,947.6353183222648,195.7700209922076,59.71035982780898,17.377735925194816,365.0861983526633
2024,10,31,1,3421.7076155726427,16689.793957280366,52.56858859741447,2063.385445682995,65.65923321457966,130.6899679957438,131.33407135572628,1544.020021907153,972.7751857434068,113.82393657589267,237.50258944443385,591.8628564886704,75.19082708665256,31.85921753803657,454.8280356459306
2024,11,1,1,15198.338654952438,24889.630336660943,6094.187209527051,5879.5299124481535,135.17502640219493,680.3923916103162,683.7456943332686,4020.555478723804,893.2761496063099,792.1493400998695,5115.772918835743,1769.5219958681732,136.40876681730515,41.44111766857228,672.4519350933952
2024,11,2,1,24146.27828333089,24237.1837163776,11497.76720927906,14208.86397145546,135.17502640219493,3405.171236925613,3421.9535674185763,5283.595832695394,14699.303432577351,792.1493400998695,7716.409566870254,4689.119444205955,1764.369085249961,95.63331615039868,686.759424027118
2024,11,3,1,15042.078714245015,20359.849426947872,8502.890293732553,5686.515064902967,135.17502640219493,614.5996876819146,617.6287321445544,2358.6602267772564,7569.463114747563,792.1493400998695,3094.638856580182,2614.428895697395,831.8698287729662,137.07443381898383,819.6146272218762
2024,11,4,1,9353.667300381065,17952.1676381124,5251.983311524151,4881.791500681534,135.17502640219493,614.5996876819146,617.6287321445544,1430.460945454395,4597.332242400141,792.1493400998695,1904.75853720851,1983.595467125746,572.4695716043395,89.25777574377805,537.552740920975
2024,11,5,1,7097.492539743053,13004.996602999683,4628.752482143228,3465.3592852727384,135.17502640219493,614.5996876819146,617.6287321445544,763.2408003530292,3421.1073731123706,792.1493400998695,1491.50667914299,1478.017725441027,487.4936169116506,92.44551093857562,676.5397826757459
2024,11,6,1,7854.119800247459,12429.437637394363,3018.458682216437,2562.6435918629268,135.17502640219493,614.5996876819146,617.6287321445544,1002.0612729085756,1814.613359397963,792.1493400998695,1030.7546057081909,1275.3311893705309,357.79348832733723,76.50662491351132,539.5966871076458
2024,11,7,1,4057.276537644834,11205.825631773425,3095.941448880425,2420.109514327987,135.17502640219493,1017.37913702342,1022.3932733843238,1226.1093581786918,1807.598081512653,792.1493400998695,1090.129861880127,1259.3895601314118,344.3762118612778,66.94334931209313,500.7620678888812
2024,11,8,1,4057.276537644834,11034.476001346462,3335.1272900415247,2093.469018210689,135.17502640219493,317.7303860969876,319.2963150844387,925.7372259683698,2747.6425962871403,792.1493400998695,1491.50667914299,1245.7252779183143,344.3762118612778,60.567738888434135,525.2891981739231
2024,11,9,1,5954.32746077904,11159.693038966358,4406.410642936477,2758.627915728934,135.17502640219493,1071.9389360977364,1077.2219695319404,1048.840545277921,2469.3707285291266,792.1493400998695,1726.6327165339133,1682.981658551823,449.4780812530559,70.1310845068907,568.2116649750914
2024,11,10,1,5230.597074693473,11159.693038966358,3887.613042958694,2800.200387754493,135.17502640219493,664.3453683408694,667.619583573297,805.0959068548286,3636.24194532562,792.1493400998695,1862.0083485920795,1455.243955095431,494.2022551446803,117.9477425820836,588.6509028868444
2024,11,11,1,5233.338491027372,11005.917729608427,2587.2503096878568,2295.39222922945,135.17502640219493,860.1186405845795,864.3577211726328,738.6201364910703,2149.007296171047,792.1493400998695,1429.7563835153046,1252.5574190247917,402.5176622189617,92.44551093857562,510.9817092402533
2024,11,12,1,6187.346754865443,11008.11451974198,1020.751123485461,1885.6067890608508,135.17502640219493,497.4566922439985,499.9083993783254,1014.3716048395146,1342.252650371118,792.1493400998695,1135.2550899523062,1318.6013330215671,351.0848500943075,82.88223533715743,545.7284360856761
2024,11,13,1,5669.221560320319,11153.10266856508,1394.6895764045198,1939.0571008811703,135.17502640219493,1688.143348975761,1696.4633357343675,886.344119662499,2679.8284488189297,792.1493400998695,1467.7565453790255,1382.367899992178,386.8641892076223,79.69443012533438,529.3770457562737
2024,11,14,1,5137.389344899991,9738.36992131397,1394.6895764045198,1653.9889458111084,135.17502640219493,263.17064419541884,264.4676763913448,1061.1508772088598,2001.6868714258685,792.1493400998695,2177.8847364632934,1478.017725441027,395.8090239859699,86.069970531955,623.3976745232585
2024,11,15,1,3654.290281975805,11834.107560587086,1798.9474861941544,1713.378144784,135.17502640219493,263.17064419541884,264.4676763913448,800.1717961458459,2279.958790539498,792.1493400998695,1833.508188075267,1384.6452970324776,395.8090239859699,86.069970531955,641.7930110393319
2024,11,16,1,3975.0344731875775,13740.921248362962,1873.06140775782,1538.1800241861465,135.17502640219493,523.1318951714758,525.7101421215776,568.7374896537737,2562.9075102209576,792.1493400998695,2033.0091030582184,1411.9738114443946,368.9745196509649,76.50662491351132,627.485522105609
2024,11,17,1,3618.652052017988,10324.912837587044,1408.164882289646,1659.9278984529328,135.17502640219493,532.7600748295063,535.3857741048582,590.89609816116,1924.5190201107648,792.1493400998695,1325.2559514296995,1357.3167326062824,335.4313770829681,76.50662491351132,652.0126523907039
2024,11,18,1,3807.8088671439314,11214.612792308251,896.1048979969595,1653.9889458111084,135.17502640219493,590.5292099504369,593.4396234590639,590.89609816116,2272.943512654188,792.1493400998695,1035.5046324609002,1220.6741105324184,313.0693144357127,63.7555441002572,568.2116649750914
2024,11,19,1,3289.683672599123,9320.979845334306,818.6221313329712,1520.3632972389964,135.17502640219493,356.2431619018572,357.99890047208345,332.37907245263744,1187.916999096526,792.1493400998695,1387.0061948987354,1074.9220003259131,270.5813370893683,57.380003693636574,441.48816596737225
2024,11,20,1,3286.942317059828,9083.726510896448,818.6221313329712,1303.5927701046537,135.17502640219493,93.07251770643836,93.5312240807386,430.86172790031065,1155.179086987596,792.1493400998695,1220.755467185445,1024.8197155682567,257.16406062330884,60.567738888434135,461.9274486701165
2024,11,21,1,3015.543376681393,11522.163411024112,1037.5951999551544,1508.485457444418,135.17502640219493,487.828512585968,490.2327673950449,408.7031193928432,1643.908726391028,792.1493400998695,881.1289455502672,1118.1921439769492,241.5105876119694,70.1310845068907,555.9480774370484
2024,11,22,1,2878.4732287226866,8960.706263410104,1162.2413509283112,1288.7454539892542,135.17502640219493,471.78148931646615,474.1066566350177,408.7031193928432,591.6200735863995,792.1493400998695,852.6288371921039,942.83412231837,221.38472150999408,66.94334931209313,470.1031438348177
2024,11,23,1,2788.0069152634183,8185.239395639788,751.2458254539914,1413.462739087609,135.17502640219493,539.1788612682301,541.8361954270822,371.7721236000266,484.0527874798452,792.1493400998695,548.6274379650375,808.4688472703848,216.9122798222824,57.380003693636574,545.7284360856761
2024,11,24,1,2735.920248096182,9791.092884522315,751.2458254539914,1348.1346529621458,135.17502640219493,157.26049643878525,158.0355522116356,413.6272852603889,792.7241413849252,792.1493400998695,1061.6297535219635,744.7023303140517,192.31397203259525,57.380003693636574,461.9274486701165
2024,11,25,1,2892.180249598207,9496.723056028995,747.8770548692185,1300.6232937838329,135.17502640219493,157.26049643878525,158.0355522116356,364.38590237807057,687.4952812399537,792.1493400998695,1059.2547662248642,828.9652705901026,190.0777754872773,60.567738888434135,488.49852514182936
2024,11,26,1,3610.42786381058,10573.150122693283,889.3672823120687,1300.6232937838329,135.17502640219493,48.14095546290118,48.378217370926365,583.5098769392039,1143.4870085344558,792.1493400998695,2916.513035905585,1090.8636295650322,257.16406062330884,111.57220217546298,891.1520718904369
2024,11,27,1,3711.859781811154,9883.358070137072,875.892050942493,1434.2489423559448,135.17502640219493,436.4781067309584,438.629281908485,423.4755066782735,514.4522222712957,792.1493400998695,676.8780559731168,1002.0459452226604,313.0693144357127,114.76000738728604,551.8602298546976
2024,11,28,1,5074.337073191448,7304.326650874019,889.3672823120687,1404.554375614034,135.17502640219493,446.1063435617365,448.30497134628814,406.2410640383519,1531.6645883608871,792.1493400998695,938.1292144251038,1074.9220003259131,263.87269885633856,117.9477425820836,549.816328459018
2024,11,29,1,4460.262793313547,8945.328732473998,963.4812038759392,1104.6389699176432,135.17502640219493,446.1063435617365,448.30497134628814,391.4686767529215,694.5105077696478,792.1493400998695,762.3784332062557,1008.8780363150026,239.27439106665148,108.38439696363992,521.2013505915725
2024,11,30,1,4460.262793313547,8954.115893008826,761.3522862387944,1107.6084462386464,135.17502640219493,253.54246453738835,254.7920444080643,391.4686767529215,1211.3011560026669,792.1493400998695,634.1278151980374,947.388866384548,228.09335974302385,95.63331615039868,605.0023380071851
2024,12,1,1,3936.408243508883,10321.871006520336,666.6611368964163,936.8223323395624,174.90652172475444,20.782586304391906,20.88501293952752,257.76913144029857,285.2976735414856,472.16776479248784,999.9083537295062,644.5046127455483,216.8672788877773,84.52973597706061,498.9677417600205
2024,12,2,1,3936.408243508883,11636.678244180828,669.6109814215696,975.2560384893208,174.90652172475444,3.4646696195269646,3.4817451868209983,234.5466807064078,294.65168552207354,472.16776479248784,593.7698261992247,813.0323438235099,208.015507597102,78.26825330705095,421.5768343899636
2024,12,3,1,3271.8929487546225,7592.906127833321,669.6109814215696,855.1506330961445,174.90652172475444,3.4646696195269646,3.4817451868209983,320.4696877475466,360.1298207418046,472.16776479248784,945.2815595538686,703.7170858345964,194.73794785531643,78.26825330705095,513.2239450367781
2024,12,4,1,3815.331301891934,10947.567057694014,669.6109814215696,1102.567808809643,174.90652172475444,3.4646696195269646,3.4817451868209983,260.0913599661999,1099.0975375422056,472.16776479248784,204.2568356514556,701.4396387801618,192.5250293312235,84.52973597706061,523.406992168318
2024,12,5,1,3815.331301891934,11822.696023852011,371.678323727932,852.7484896240114,174.90652172475444,3.4646696195269646,3.4817451868209983,320.4696877475466,760.0142694345316,472.16776479248784,477.39091084680257,680.9430654180383,183.6733066376619,78.26825330705095,535.6265949769446
2024,12,6,1,3483.0736849122627,8387.709255928472,339.23025749830896,859.9548545509751,174.90652172475444,3.4646696195269646,3.4817451868209983,27.866907785589422,696.8746115321396,472.16776479248784,653.1468036033796,546.576339957989,170.39569829876268,78.26825330705095,423.6134348580945
2024,12,7,1,3485.8893923946366,8776.65541918058,566.3670191672549,831.129525821808,174.90652172475444,394.8694256472713,396.81553312372296,32.51141999577713,463.0240552393629,472.16776479248784,463.1404654785488,578.4599985498801,172.6086168228936,84.52973597706061,537.6631954450755
2024,12,8,1,3314.1291081451345,9922.355629339583,324.4811093882989,903.1927821555644,174.90652172475444,280.5651152139649,281.94787577450813,123.07893924707643,463.0240552393629,472.16776479248784,700.6483750948902,696.8848446997057,77.45258571788524,84.52973597706061,490.8213398876028
2024,12,9,1,3857.5674612824455,8594.865364616966,280.2336650584742,1023.2981875489232,174.90652172475444,10.39132173857895,10.442535197034273,153.26813071699064,250.22005158085724,472.16776479248784,372.8874535653956,680.9430654180383,194.73794785531643,93.92188996505604,474.528491351776
2024,12,10,1,3857.5674612824455,6130.130241109886,548.6680265320915,1256.302764387,174.90652172475444,574.9853070217804,577.8191126602158,167.20161218903766,63.13965790236864,472.16776479248784,688.772969182385,485.0865198429196,126.1370848309928,137.75212862108555,474.528491351776
2024,12,11,1,2708.744460855306,9252.269008157204,265.4845169484641,643.7650855495236,174.90652172475444,360.2317627490183,362.00715907298553,169.5238407148579,121.60225845884192,472.16776479248784,681.6477464982582,596.6791748719897,168.1827797746697,65.74535798404425,450.08928573446985
2024,12,12,1,2683.4027287441104,8332.749471990504,324.4811093882989,550.0828654133815,174.90652172475444,460.680996588474,462.95145531100087,267.0581007022234,121.60225845884192,472.16776479248784,641.2713976908744,578.4599985498801,183.6733066376619,68.87609931905553,295.3074262034176
2024,12,13,1,2683.4027287441104,9630.64600690066,1268.4261413339975,1354.789205977973,174.90652172475444,221.6810539832585,222.7736054155132,280.9915821742704,121.60225845884192,472.16776479248784,662.6471179016261,562.5181692539346,137.20172604864732,84.52973597706061,496.93114129194254
2024,12,14,1,5938.401250219417,10216.17911433261,2383.4611870335502,972.8539605066228,174.90652172475444,8.659444310943458,8.702122239952066,469.0933614128968,610.3499236782777,472.16776479248784,456.0152427945609,644.5046127455483,230.1448386295628,81.39899464204933,413.4304325175458
2024,12,15,1,9511.578668877766,10816.509111380785,1392.3189407484233,1400.4292770546951,174.90652172475444,8.659444310943458,8.702122239952066,1163.4443791118758,1550.4290521281662,472.16776479248784,1185.164560784469,1036.217703895643,241.20947984721727,144.0136112910952,828.8974207122842
2024,12,16,1,1537.3954965942644,9664.467412400709,2330.364283643816,1138.5994369765217,174.90652172475444,467.6085062990255,469.9131071393393,801.1742469481883,1089.7435255616178,472.16776479248784,726.7742785341593,646.7820097858477,307.59742434744794,165.92873061912283,545.8095973174933
2024,12,17,1,3038.186309557683,9575.686222962691,663.7113668868135,867.1611539886862,174.90652172475444,232.07237572186108,233.2161406125712,418.0039477349121,109.9097691609082,472.16776479248784,463.1404654785488,778.8713382054548,236.78364279899336,131.49071596810137,362.5153312329259
2024,12,18,1,5670.905695669241,9455.197441158116,1262.5264522836912,1068.9382586254628,174.90652172475444,232.07237572186108,233.2161406125712,401.7482377369637,486.4091365464485,472.16776479248784,881.1543989213354,532.9119577164782,245.6353654925549,112.70633797508502,505.0775431643604
2024,12,19,1,2745.349083691232,11543.669379055227,2224.170476864348,1909.676227357115,174.90652172475444,346.3766861551676,348.08379796178605,829.0412098922824,1197.3147660496102,472.16776479248784,881.1543989213354,990.6696630623836,225.71900158133883,103.31411397007696,423.6134348580945
2024,12,20,1,2745.349083691232,10917.973327881553,2224.170476864348,1501.3177966285484,174.90652172475444,845.1591004971427,849.3244532376659,708.2844991710261,1066.358444254532,472.16776479248784,828.9026442014466,708.2718799151952,230.1448386295628,106.44485530507536,560.0658453851892
2024,12,21,1,5552.644522329585,15118.169444667168,3746.281831561953,2279.600951935923,174.90652172475444,401.79693535776767,403.77718495200594,1175.055576899621,998.541780361846,472.16776479248784,1085.4112345729302,847.1933494414224,236.78364279899336,97.05263130005444,425.65003532622535
2024,12,22,1,7388.508720550283,12036.19367078219,4460.140257313553,3634.3901579140784,174.90652172475444,1624.506630053138,1632.5129842881092,1437.469220550204,2403.9834927241927,472.16776479248784,1752.8084835445636,1514.471982603672,444.79915039609534,209.7589692751524,845.1902692481109
2024,12,23,1,7008.383468420119,10313.415655145793,4115.0103107649375,2070.6175478614355,174.90652172475444,432.9708434007725,435.1047330886019,1230.7894476293272,2142.0709004897926,472.16776479248784,1797.9350155804646,1115.9267503471,462.5025957832184,366.2954758892543,651.7129560320037
2024,12,24,1,6659.2313633662125,16323.057163871714,4412.942968458575,2567.8539772713134,174.90652172475444,1108.4053842620087,1113.868141986833,947.4756369291556,1396.0877003816183,472.16776479248784,1368.0456762251729,1186.526158623224,320.87503268634725,203.49748660514263,551.9193987218331
2024,12,25,1,16477.726038702294,24805.88909805927,7173.982168270363,6295.926355321534,174.90652172475444,1219.245939840067,1225.2549734219062,2670.580896705352,3809.425256442155,472.16776479248784,3208.7320800687694,2124.8155897314505,471.35431847678,225.41260593315744,873.7027205925643
2024,12,26,1,12411.793609539183,10156.991654707055,5719.716865072297,3170.7832131989458,174.90652172475444,755.1011883962896,758.8226921967085,1005.5317913432448,2874.0230826269444,472.16776479248784,1512.9254823139634,1345.944301539988,568.7233167029951,441.43298786130674,731.14050866113
2024,12,27,1,5088.046951418712,9009.177631414566,2306.7656764738963,2635.113012150239,174.90652172475444,509.1737360805778,511.6831904729378,810.4632713685138,689.8590768688907,472.16776479248784,1296.7932929085125,1200.1905908788704,389.4758957106709,244.19698392617377,606.9077009426618
2024,12,28,1,7382.8772447903,14099.2995545538,2365.762194398387,5606.521198695289,174.90652172475444,561.1302304279297,563.8957515490163,627.0059491816089,858.2314465863204,472.16776479248784,1413.1721561024249,1257.1256169134836,385.0500100653332,187.8438499471376,560.0658453851892
2024,12,29,1,4713.553235843133,12803.516832777128,2625.3470968123,3002.635593257097,174.90652172475444,450.2896748498714,452.5089201139429,905.6752476714964,2450.753603982748,472.16776479248784,1368.0456762251729,1396.047136453989,407.179341097794,175.32088460710537,712.8110596572252
2024,12,30,1,4679.76432048958,13059.29123658252,1763.9972644763554,3002.635593257097,174.90652172475444,495.31865948672703,497.7598293617383,784.9185369503213,1672.0313619426563,472.16776479248784,1586.5529572448822,1355.053889701043,420.4569008395415,200.3667452701314,708.7378587209633
2024,12,31,1,4384.1113263458365,10924.314866123232,1985.2344116105453,3002.635593257097,174.90652172475444,41.5652297815498,41.77008333359605,394.7815521595031,1863.788761611415,472.16776479248784,1265.9172583993754,1220.687214255272,429.3086235331031,194.10533261714724,696.5182559123367
2025,1,1,1,3629.842392479652,10795.725906250136,1083.1488786008356,2061.786243284282,328.59646768732387,645.7810885491111,648.963810033603,351.2849516353998,594.3944011565701,1312.208137052237,919.1733746028908,1067.5390065886943,403.5030598304133,258.3356766723003,671.3792892369297
2025,1,2,1,6732.488756995057,11785.525903923568,2118.0178886768776,2061.786243284282,328.59646768732387,342.00908497812867,343.6946711341074,847.9855137464206,2020.608958992619,1312.208137052237,1242.1760930511118,1141.9249266495272,405.7080088723599,250.13451835170216,649.0743017961113
2025,1,3,1,4254.667324295801,12286.180599060248,2393.0033502943684,3450.466156210359,328.59646768732387,548.0642389763769,550.7653645732736,642.1162081329466,1104.112520117413,1312.208137052237,1947.2448415027327,1133.8832353938828,429.9623030645945,282.9390615867027,776.2125832561599
2025,1,4,1,3735.281589266719,14401.974036620106,2506.356146840614,2288.9861638766674,328.59646768732387,856.084831920086,860.3040319484132,504.8700043906576,1137.318921021117,1312.208137052237,865.6472383590076,1081.611999399578,372.6339669354111,274.7379032661045,702.6062226698699
2025,1,5,1,4487.024100493106,10964.528986672336,2506.356146840614,2080.8964996453087,328.59646768732387,322.8905628534544,324.48192368726615,612.7062870188474,2141.8122748899905,1312.208137052237,780.7436671165652,904.69404120212,337.3550243796637,225.53113343729973,591.0814324184472
2025,1,6,1,3393.5804478004657,8146.668049532674,1851.4288880872216,1734.7882062856927,328.59646768732387,31.864215926998327,32.021258191653665,475.46008327655846,1386.366854874032,1312.208137052237,858.2643244146794,864.4854524698736,328.5352766349114,209.1289068435084,686.9927314612971
2025,1,7,1,4121.892036191182,8854.490181054121,1775.8603723274066,1429.023819170346,328.59646768732387,658.52678235153,661.7723207785106,506.50385730023135,946.3821705185376,1312.208137052237,1022.5342510004696,983.1008731177874,326.3303760161129,221.43055427700068,666.9182917487659
2025,1,8,1,3094.83602755101,9146.059157649364,1992.0703318682831,1429.023819170346,328.59646768732387,475.83870269271927,478.1838659207342,483.6294900098904,1907.7072250900271,1312.208137052237,869.3386750372722,1017.2782044462311,341.7648740404468,213.2293959563897,635.6913583158786
2025,1,9,1,3131.9350400734247,8958.073899246192,1427.4055216604245,1429.023819170346,328.59646768732387,446.0988000309712,448.29739063735536,513.0394111239895,1065.9251700168688,1312.208137052237,961.6251602241816,1081.611999399578,385.86361276409474,229.6317125975988,823.053007897673
2025,1,10,1,3167.0814243264576,8787.352579572871,1330.8457387971737,1628.6200519823908,328.59646768732387,297.3991752487271,298.86490219756183,620.8757292985655,1588.925856631764,1312.208137052237,1231.1017018405817,930.8296812749194,377.0438650193803,241.93336003109115,664.6877930046842
2025,1,11,1,3633.7475609618496,9199.769255996833,1429.504648370953,1722.0480353784026,328.59646768732387,142.3267593020806,143.02821439681955,620.8757292985655,2203.244091038126,1312.208137052237,913.6361992915944,1075.5806978443388,357.199420487929,225.53113343729973,713.7587163902791
2025,1,12,1,3666.941360973469,9840.45378603703,1442.0993628196386,1853.6965790527413,328.59646768732387,718.006624832824,721.5453086861978,614.3401754748072,204.2193181564913,1312.208137052237,1162.8096971199657,1003.2051674839108,368.224117274628,225.53113343729973,787.365076976569
2025,1,13,1,4207.805478625407,10642.268525306665,1882.915788742684,2303.8497283061743,328.59646768732387,237.91936992523097,239.0919516308041,601.2691033736769,214.18121655017103,1312.208137052237,1124.0493887648772,1059.497271181756,410.1178585331431,217.32997511670163,740.5246523350559
2025,1,14,1,5230.956318783697,10648.023157248308,1924.8983229499656,2520.4328239572114,328.59646768732387,67.97694691098613,68.31197017695051,820.2094810882002,946.3821705185376,1312.208137052237,1277.2449647280746,1085.6328671031183,429.9623030645945,262.4362558326122,698.1452251817063
2025,1,15,1,5615.614181467062,10038.03015488346,1817.8429065346888,2176.447876563355,328.59646768732387,16.994246017210294,17.07800187948436,602.9029918295557,1683.5640736836035,1312.208137052237,1039.1458175222958,1139.9144927976856,425.5524049806632,246.03393919140308,802.9785192008837
2025,1,16,1,3223.706191202031,9011.783997593036,1603.7320737043412,2210.421697353888,328.59646768732387,1382.9062355066092,1389.721866166642,709.1054215481718,1002.8330374698334,1312.208137052237,1160.9639990748717,952.9444094928842,418.9376062778954,246.03393919140308,678.0707854692281
2025,1,17,1,2987.444246522845,8764.333965995205,1903.9070558463245,2352.68706596994,328.59646768732387,365.3761593175663,367.1769097154972,635.5806543092694,1555.71945572806,1312.208137052237,1013.3055984229708,1222.3421924168936,401.2981592115769,221.43055427700068,798.5175217127199
2025,1,18,1,2987.444246522845,9121.12234772675,1914.402689398145,2136.103970319085,328.59646768732387,327.1391150683282,328.7514148219256,635.5806543092694,1031.0584527142648,1312.208137052237,884.1045435140046,1007.2260351874512,392.4784114668624,213.2293959563897,680.3012352289988
2025,1,19,1,2987.444246522845,8624.304131092313,1903.9070558463245,2138.227363841302,328.59646768732387,318.64201063863595,320.2124325526622,635.5806543092694,1610.5100062804556,1312.208137052237,1421.211888113634,948.9235417893436,381.4537146801634,205.02832768320928,753.9076447995468
2025,1,20,1,2987.444246522845,10151.204940613245,1221.691195671574,1955.618041424524,328.59646768732387,378.1218159621321,379.98538311942,615.9740639306859,1060.944220820029,1312.208137052237,299.9310870044744,967.0174464552048,361.6093185718603,205.02832768320928,649.0743017961113
2025,1,21,1,4211.710603078689,7252.778898859175,2201.982911277985,1766.6386811104662,328.59646768732387,259.1621681572868,260.4394446449196,761.3896744063068,795.2930865152616,1312.208137052237,299.9310870044744,983.1008731177874,348.37972116636274,209.1289068435084,709.2977189021154
2025,1,22,1,5191.904766048782,9004.111126400898,5455.627800501549,4962.301181391643,328.59646768732387,284.6535186042164,286.0564287936945,2008.0427628249315,1202.0713699671926,1312.208137052237,6164.737202368482,4179.686547177623,758.4975796995438,270.6373241057926,836.4359513779058
2025,1,23,1,9768.747433429397,9169.077771226404,10174.462446358715,6692.842695745817,328.59646768732387,3481.694819738716,3498.8542954522627,5899.953156833715,12374.361931283223,1312.208137052237,6639.089758146869,5747.822920582495,1991.0561527641817,803.7109040442103,1425.2868850522711
2025,1,24,1,11920.48835456164,11014.402649423111,15292.13102974531,10784.564707489608,328.59646768732387,4424.875120694462,4446.683045024467,8960.216886108969,18419.58557134708,1312.208137052237,13931.56782654657,8154.309106384582,2828.9313653200106,1025.1415483686417,1333.836583497585
2025,1,25,1,18916.57510352484,14486.375619736757,11967.115832369323,8705.791553810059,328.59646768732387,3908.675097645068,3927.938938642832,3802.0468133031377,11399.754309057682,1312.208137052237,3551.183961357154,5271.350715836124,2118.942374004898,1492.6060418370455,1398.5209491074943
2025,1,26,1,12316.861634634084,9892.245645132754,9452.363224500465,7200.326661638967,328.59646768732387,1625.074157646769,1633.083308932161,2552.1259479726746,5500.638803800266,1312.208137052237,6236.72068435544,3311.180271155645,1294.2967104314562,1008.7392317274324,1229.0032404941494
2025,1,27,1,7083.952775637889,10945.346808691364,3438.3679481087734,3715.886637081436,328.59646768732387,1421.1432797559023,1428.1473610602688,1776.0313130091963,3377.090045761027,1312.208137052237,2264.7103440517203,2470.819980755293,956.9416860517924,692.9956269057163,936.8082968931776
2025,1,28,1,9464.145304485555,10506.07512599984,3436.26882139845,3618.2119141976304,328.59646768732387,824.2206159931033,828.2827737567753,1581.599191040974,3403.655181068852,1312.208137052237,3442.285909648418,2448.70525253747,844.4900112585585,528.9730007781058,918.96430694047
2025,1,29,1,5695.66987117799,11850.745309059244,3534.927730972024,3093.741037909212,328.59646768732387,1234.2066478822182,1240.2894150678333,1382.2654037048724,1877.821456984123,1312.208137052237,2072.7544597334345,2271.7872943400125,809.2110687027732,475.6656517890148,918.96430694047
2025,1,30,1,5687.859534213911,10373.718119382916,2819.1258892449464,2722.152402735016,328.59646768732387,1036.648598313662,1041.7577038979305,1380.6315152489935,2656.511343047673,1312.208137052237,2105.9775927772266,1825.4715532184025,758.4975796995438,426.45888196021,856.5104400746424
2025,1,31,1,6259.9648676363695,8651.159180265422,3564.315504917163,2624.477632294753,328.59646768732387,1130.1169328293756,1135.6866955645853,1088.166370295406,1779.8626071344836,1312.208137052237,1902.9473172484109,2255.703867677287,738.6531835912406,414.1571444792999,818.5920104094564
2025,2,1,1,5062.734458833866,8036.940070458922,2639.197987289975,2763.059329268314,1130.615766983406,900.5049022849156,904.9430259001978,1167.2745820947332,2692.9993619574534,1787.6143574511948,1679.9809133188855,1816.507760041346,694.5712961307272,385.4199529086568,869.8811374873202
2025,2,2,1,5320.850615013797,9424.046169688174,2952.7868742757337,2765.37732360328,1130.615766983406,664.6137926286967,667.8893307858165,1333.3371182787546,2493.763909991422,1787.6143574511948,2182.681498046388,1804.3976941791943,672.5214183255812,369.0191670734974,836.4241951530383
2025,2,3,1,3548.5886821769413,9148.201194340298,2919.1129308890463,2700.47324444158,1130.615766983406,881.783374439165,886.1292293120609,1312.377775608751,1763.2338465245832,1787.6143574511948,1700.3107045892818,1862.929598234912,668.1114233953155,369.0191670734974,814.11955060208
2025,2,4,1,4648.122735178625,9477.244829100802,2611.8378710649727,2795.511392627392,1130.615766983406,702.0568111622897,705.5168866210496,1138.253929173359,2291.207825227591,1787.6143574511948,2177.136976309786,1915.406491435415,692.3662986655564,332.1171963377022,867.6506877275493
2025,2,5,1,6282.180774806599,12156.881628279014,3380.025474811802,2899.8215181532505,1130.615766983406,1340.4605093964583,1347.066946992756,1088.2739335819813,2556.855130977925,1787.6143574511948,1874.0381188138736,1937.6082862076944,641.6515506599038,340.3176342789843,787.3539575472162
2025,2,6,1,7422.363036872655,16406.864386924222,3045.3903445759784,3147.8478155691264,1130.615766983406,986.6238634910565,991.4864229916766,1878.2802054310232,2359.2799589485016,1787.6143574511948,2986.6327257696653,2064.7638232294003,762.9259270112221,500.2259039918738,961.3302144352352
2025,2,7,1,5261.91068765408,15005.966041073669,3493.675142548859,3827.022628654872,1130.615766983406,350.09232547307755,351.817749747025,1238.2139203561146,2729.5258487227493,1787.6143574511948,2243.6708718577165,1939.6266231594327,868.7653695296827,766.739776894103,959.0997156911532
2025,2,8,1,4995.66494249534,14336.05685200519,2096.205094692008,1967.98437142524,1130.615766983406,909.8656662077356,914.3499241942106,1151.1519971384594,2608.3242830215786,1787.6143574511948,2092.12146340366,1957.7916998767987,754.1059855738009,557.6288795334823,894.4162807823602
2025,2,9,1,6810.607492648816,14001.102236018178,3960.90160526001,3296.199976129076,1130.615766983406,784.4314890940142,788.2975467995142,1447.8074181490044,2618.2860720279605,1787.6143574511948,2626.240801699028,1830.636162855093,934.9150029450448,746.2386820408849,1059.470640662621
2025,2,10,1,6786.218549598626,10763.86454782388,3087.4827852626504,2902.1395124882165,1130.615766983406,675.8467167677065,679.1776162068843,609.4333914310595,1824.664787574619,1787.6143574511948,1920.242223091408,1521.8298145081458,751.9009881086681,610.9316361044497,849.8069916804437
2025,2,11,1,6050.485969928473,15530.071455618763,3657.835794085826,3182.6178257068964,1130.615766983406,821.8745447854602,825.9251399757322,1139.86620544222,2616.6257556290607,1787.6143574511948,2254.7598747429843,2226.2311767341,723.2361179080856,516.6267798744509,796.2758055707691
2025,2,12,1,5424.503523913466,14836.518427457224,3146.4122663629555,2802.465375632473,1130.615766983406,870.5504503002103,874.8409438910485,2097.5472541977583,1215.3363262712437,1787.6143574511948,1947.96466942267,1731.73738730973,765.130924476355,590.4306312986365,1014.8613515607044
2025,2,13,1,10578.696486164648,24290.119374559417,4809.064887543752,3743.574547256804,1130.615766983406,1134.5238517249447,1140.115333887524,2402.2639499132883,4051.1211118790993,1787.6143574511948,2378.58683686564,2230.267850637577,782.7708073511974,565.8293174747644,963.5606641950588
2025,2,14,1,5812.693940295186,24786.640295860656,6795.829563148796,3372.694074522245,1130.615766983406,868.6783272418735,872.9595941049785,1655.7886396731142,3689.1766947123338,1787.6143574511948,1968.2944606930664,1774.1225515998196,626.2166652502323,508.4263419331688,742.7446684452996
2025,2,15,1,12003.41621168447,53056.80847784947,4493.371376233151,3720.394508794048,1130.615766983406,848.0846391800434,852.2644103898975,1710.605428524527,2895.555410258992,1787.6143574511948,2169.74432124892,1592.471784426015,643.8565481250366,467.4242422741373,999.2481052734756
2025,2,16,1,12037.967195993682,68827.25910727066,5042.678095992598,4900.257905381476,1130.615766983406,1123.290927585935,1128.8270484664563,1721.8912202207662,2500.4050662000045,1787.6143574511948,2870.198418707875,2456.3221632047885,996.6546414301032,676.5350495873404,939.0255698842768
2025,2,17,1,13389.520180420135,69733.60685889568,10392.631297623138,5574.796729797107,1130.615766983406,1508.9541485343238,1516.3910042626997,2598.959415287464,4112.552052929135,1787.6143574511948,3980.944892339404,2936.68754981527,1029.7295065609514,1004.5521170018192,914.4904265892368
2025,2,18,1,9495.421699177465,47061.12116489556,8934.127144341139,5203.916304619188,1130.615766983406,1405.985819698567,1412.9151977100837,1741.2383221683765,3660.951644092087,1787.6143574511948,1833.3785362730807,2791.3668919247607,749.6959906434972,692.9359254699174,1039.3964458714863
2025,2,19,1,8003.632413290829,27344.117202515343,6320.184648951119,4007.8268525739,1130.615766983406,876.1669309486141,880.4851052720471,1426.848039932615,2324.4137521198127,1787.6143574511948,2607.759143752756,2476.505576873893,665.9064259301448,598.6310692399314,872.111636231402
2025,2,20,1,5471.248957733631,23139.451837887344,3691.509783285971,3502.5022328458267,1130.615766983406,915.4821096983418,919.99404823428,1460.7054861141048,2809.2200513865096,1787.6143574511948,2265.848837040314,2222.1945028304813,277.8285184522833,528.9274367863869,881.0334842549548
2025,2,21,1,7158.149655937247,20507.10275980205,4756.449325232047,3375.012068857211,1130.615766983406,851.8289596123127,856.0271846438967,1149.5397208695983,1612.146950266698,1787.6143574511948,1955.357324483536,1873.0213271451828,1342.8377907629192,537.127874727669,979.1739104823408
2025,2,22,1,32898.62825535889,63097.56513428732,8163.834916269056,11131.04945735803,1130.615766983406,1143.884578489967,1149.5221948406077,2311.977545250683,3541.410394789956,1787.6143574511948,3677.846034843492,2313.019886417455,855.5354331619959,574.0297554160594,1133.0759725792252
2025,2,23,1,87523.724365926,136945.20261268277,38510.4024298282,53028.95009885104,1130.615766983406,2497.45017224157,2509.758814381431,7022.99452342348,9614.771466273238,1787.6143574511948,6163.626349797855,3667.327336565686,1693.4309350260014,1164.4603867147089,1699.6139343766822
2025,2,24,1,77575.07514227992,120374.80155046305,48048.556526379,40773.66929917078,1130.615766983406,5277.595199437975,5303.605740665561,6234.600492296913,11456.039199062823,1787.6143574511948,5245.08894833719,4276.866597149754,1664.7660648254189,1295.66721368049,2168.0114699468063
2025,2,25,1,42406.244404047306,61261.22583484975,23573.888817985044,22514.76120080205,1130.615766983406,2789.5057911192243,2803.253824578142,3866.193953018648,5246.533896600011,1787.6143574511948,4180.546578983057,3370.631054080748,1424.422358011101,1061.9550925434278,1530.0986259925687
2025,2,26,1,37949.1682646818,54765.07690353763,16508.667432862003,21110.0515452615,1130.615766983406,2585.441293663845,2598.1835985999096,3061.677372482112,5113.71026195599,1787.6143574511948,3298.972412238644,3090.081511361437,1146.5938395588178,856.9444141534481,1550.1728207837034
2025,2,27,1,29055.340068469155,45670.07441151613,13391.7199070491,15739.239030289722,1130.615766983406,2192.289469008771,2203.094131636653,3250.311492058612,4501.061204317248,1787.6143574511948,2788.879213038213,2979.0727141053594,1051.7793843660595,766.739776894103,1681.7702383296294
2025,2,28,1,22187.82505671192,38515.83821068239,11640.673064217948,11138.003487919566,1130.615766983406,2079.9603762501943,2090.211426790024,2232.976896737931,3993.010767164571,1787.6143574511948,2955.2139722019388,2581.4593632747565,1034.139453068069,709.3368013524946,1293.6693839555276
2025,3,1,1,37517.35699835833,77085.34271273643,13764.786249874342,13641.164586166682,2338.2900025357926,1834.7092458277727,1843.7515802008832,3036.3715985938065,2523.6805617689806,2750.690131102635,2890.5439987045866,2248.149166327952,1038.6408225199843,758.591386358384,1349.461439056854
2025,3,2,1,97397.73281204366,165541.2895890315,44873.1191911968,46979.8779938244,2338.2900025357926,6210.218551537581,6240.825511632644,11916.83919429363,10283.998280092985,2750.690131102635,6252.372345024133,4129.948056058886,1459.8305904305223,799.5962774872618,1443.1430720882229
2025,3,3,1,86558.53504762986,115072.55909976808,61525.69626230384,48252.0161309654,2338.2900025357926,11100.272721820578,11154.98023354848,14252.878639643088,19294.53406450897,2750.690131102635,5867.952171283306,3483.329922653736,996.7423357908178,893.9077071785097,1623.814792934403
2025,3,4,1,50499.02297810764,87012.7472531488,48649.29947848299,26863.621840447184,2338.2900025357926,7534.138772152459,7571.270651302321,15605.57501672474,23634.60051148451,2750.690131102635,6485.242257963242,3747.582566706956,1470.8565462196823,943.1135765331628,1617.1232477178994
2025,3,5,1,35501.74542672879,65738.33308933306,23440.46070274768,17576.555946693898,2338.2900025357926,4202.742404398628,4223.4555512860925,5508.320277978045,8766.469310233684,2750.690131102635,4040.1081721023866,3209.067759590942,1118.0273652395276,836.5007695506631,1391.8412580843749
2025,3,6,1,27278.21142464008,49751.06302953952,16207.332224963518,13352.874277268327,2338.2900025357926,3479.7505361703275,3496.900429514253,4155.623900896391,5935.630251122665,2750.690131102635,4328.423302408077,3006.874451286616,1009.9734343145934,717.5864051820885,1336.0783486238468
2025,3,7,1,23341.62741719606,43246.8336205021,13516.961295256911,15803.341784012631,2338.2900025357926,2559.579033736221,2572.193876949158,3388.1366393728167,5155.281689469259,2750.690131102635,2884.9994769679843,2616.501267254641,919.5609842291144,598.6721308609316,1342.7698938403505
2025,3,8,1,18893.589574894097,35702.47806488219,10965.204289051811,6578.052374832483,2338.2900025357926,2200.8999419844104,2211.747041186879,3073.147045500743,4343.38707977334,2750.690131102635,2700.182085746374,2590.476403036274,851.2003488755448,561.7676387975175,1162.0982219784282
2025,3,9,1,18410.3260319229,32450.36338181564,10393.946785179738,9472.395395029504,2338.2900025357926,1986.8192536045644,1996.6112596517785,2457.558268570377,3438.514751736784,2750.690131102635,2884.9994769679843,6716.420633830786,1131.258463763303,565.8681279104117,1157.6371755060063
2025,3,10,1,16757.162139536056,30786.94797903913,9287.135302707637,5896.2229156144895,2338.2900025357926,1650.6749750672343,1658.810299560652,2201.72919324462,3597.905126035239,2750.690131102635,2589.2916510134914,2440.332867319976,710.0686474295788,524.8632367815338,1222.3221289271728
2025,3,11,1,14624.761920182484,27430.624051923147,8459.651985098559,7456.65136165384,2338.2900025357926,2125.783935093941,2136.260826290634,2724.5798974890167,3526.511520880721,2750.690131102635,2507.9719988759607,2250.151078960211,809.3018621463787,520.7627476686397,1079.569180636038
2025,3,12,1,14832.162487717422,27131.759819408773,7808.586388309391,7092.8564604992325,2338.2900025357926,1733.302623520383,1741.845177021599,2232.1088901632943,3518.209938886081,2750.690131102635,2310.217390268945,2222.124257958292,807.0966709885389,487.9587447181326,1115.257405462744
2025,3,13,1,13225.311315208231,22926.032275061512,7447.350041736132,6610.084610240581,2338.2900025357926,1547.390395921844,1555.0166840639474,2531.109126837864,3177.845113565204,2750.690131102635,2576.354433627947,2230.131908487041,804.8914798307374,496.1597229439082,1110.7963589903222
2025,3,14,1,13334.045618981136,21852.48050489676,8493.255375764009,6786.262023875903,2338.2900025357926,1628.140161852754,1636.1644238894994,1909.1246354656216,2993.550029744982,2750.690131102635,2576.354433627947,2190.0936558434328,862.226256241519,500.2603021042072,1104.1048137738185
2025,3,15,1,15520.812990220997,26781.774090374973,7663.671831921418,7225.56151728658,2338.2900025357926,1459.1290627440155,1466.3203563557183,2942.0346150705,3725.749452291463,2750.690131102635,2759.323650937217,2634.5184809442576,890.8935960237235,508.4612803299828,1104.1048137738185
2025,3,16,1,20055.43558035832,67736.00451340506,10001.207228361083,14254.353459413342,2338.2900025357926,1575.558931018912,1583.324047323422,2839.703006268061,3310.6704254805604,2750.690131102635,2909.025737826734,2644.5280882565607,895.3039783393648,504.3607912170886,1117.4879042068787
2025,3,17,1,24656.5068823372,63203.88578017868,13290.138465531998,16100.784180551524,2338.2900025357926,1784.0059346740782,1792.798378611241,2798.130755756504,4170.714174283405,2750.690131102635,3692.6514766059936,2928.799814480221,1065.1030195675733,545.3656823459663,1291.4680798365025
2025,3,18,1,22906.690246133363,44104.10207015038,10818.189506430735,12410.210819630958,2338.2900025357926,2005.5982646166035,2015.4828227110445,3442.500318768208,4980.948467580284,2750.690131102635,4245.255476358345,3563.4064720922465,1223.876105006622,615.0740873124827,1394.0717568284565
2025,3,19,1,21148.819265978087,35242.38446748513,11072.315093934634,12261.489621361514,2338.2900025357926,2260.992777223079,2272.136042976674,3960.554219407984,4970.986569186603,2750.690131102635,4866.241910862683,3953.779656124221,1448.8046830645862,684.7824922789863,1632.7368368950413
2025,3,20,1,21551.53884109204,33227.01712757042,11941.802661328938,11762.701629620402,2338.2900025357926,2676.008902011117,2689.1975679168618,4512.185709733717,5834.350987249541,2750.690131102635,5028.881215137605,3717.55383307292,1459.8305904305223,725.7873834078641,1668.4250617217472
2025,3,21,1,22570.41942689021,38533.82339844654,13382.54777840857,12202.00112303108,2338.2900025357926,3669.4185288134,3687.503197742751,4443.431655070851,7267.203820762844,2750.690131102635,5502.013736664766,5004.784406138026,1565.679378620803,758.591386358384,1742.032059103499
2025,3,22,1,22769.765606445108,36021.00442134369,14312.941448434054,11913.710861689186,2338.2900025357926,2831.874674832497,2845.8315226386585,4449.827369512727,6951.743741426025,2750.690131102635,6049.073214680376,4622.418872634801,1596.5519095608472,1053.826962675962,2045.3820925911969
2025,3,23,1,18500.937951733496,27800.27190490532,12351.34389057369,12234.033405995637,2338.2900025357926,2585.8696491531414,2598.6140652321965,3033.1737413728274,5806.1256084675415,2750.690131102635,4766.440519603005,3839.6705919385927,1265.7745917357884,873.4051715666466,1610.431702501343
2025,3,24,1,16495.394376086228,27926.10948100626,9965.503611462324,9229.865476778648,2338.2900025357926,2279.771788235173,2291.007606035996,2884.473078454211,4934.459608409825,2750.690131102635,3651.9916505372976,3731.567221498162,1186.3880005930969,729.8879625681631,1605.970656028921
2025,3,25,1,15893.328621417368,28311.487041727352,9646.271468860838,8465.667371463021,2338.2900025357926,2107.004924081846,2117.3892632313127,2801.328612977483,4702.015349020244,2750.690131102635,3942.1549547550494,3303.1576974546947,1228.2864873222632,738.0889407939386,1320.4647594467046
2025,3,26,1,16070.5252450344,25582.384744108647,9841.591134153612,8483.971546744639,2338.2900025357926,2013.1098690214303,2023.0314479347617,3691.933679652007,5180.186398990885,2750.690131102635,4025.322780804781,1682.608494526076,1230.4916784801028,746.2899190197143,1813.4085577411688
2025,3,27,1,14509.986836431784,23810.82772398008,10240.631323858734,8687.605175745839,2338.2900025357926,2054.423693248005,2064.5488866652354,3990.933951872963,4798.313700158961,2750.690131102635,4618.586606625828,1682.608494526076,1325.3145108812232,746.2899190197143,1793.333922091605
2025,3,28,1,16718.903763609516,25582.384744108647,9429.94967867555,8936.999147838256,2338.2900025357926,2341.742543153934,2353.283782802171,3839.035396187063,5203.4308285761845,2750.690131102635,5435.479475824981,8540.16410137993,1534.8067992575725,779.0938319228164,1782.1813304026796
2025,3,29,1,17107.528170765956,23743.97647681493,11685.576847591732,9737.80550860402,2338.2900025357926,2473.1955830806864,2485.38468687638,4518.5814597219805,6578.172624588741,2750.690131102635,6139.633736378911,5214.9853208196655,1552.4482800970277,791.3952992614861,1869.1714182174912
2025,3,30,1,15702.036829842504,20894.935270312795,11257.133719687778,9007.927720052106,2338.2900025357926,2689.154228298477,2702.407680728846,4109.2548823266,6123.24600420326,2750.690131102635,5540.82538882126,5108.883907162787,1561.2689963051616,758.591386358384,2223.823265709037
2025,3,31,1,15365.765966570434,20542.983290268417,10198.62711988717,7641.980815373603,2338.2900025357926,2336.108821271401,2347.622295213904,4149.228186454516,6408.820388359039,2750.690131102635,5788.480693058115,5367.13076916808,1539.2171815732518,729.8879625681631,1808.947511268747
2025,4,1,1,14738.376759955505,25771.986484210927,10249.118999476428,8646.02423227203,1044.514404141699,2454.980776592256,2467.080109013447,4111.381727708614,5676.503410963052,4031.188443695276,6007.89962589328,5725.690046140588,1602.9407657527818,676.5324382123166,2306.322230709512
2025,4,2,1,13389.534445714651,18240.348981827286,11235.310571861866,9549.839813081098,1044.514404141699,3084.902196371741,3100.1060861604738,4856.609147420463,6996.427455456262,4031.188443695276,6672.007223073037,6300.671522810261,1750.6670734396737,701.133661988771,2150.188200340431
2025,4,3,1,15226.88711357976,18047.029784330727,10999.993744262703,9224.657479658745,1044.514404141699,3121.060817278523,3136.442914236295,4771.350064509702,5180.079163006979,4031.188443695276,6204.402703972593,6282.57770644713,1792.5596041189517,729.8350146884486,2596.2853529911145
2025,4,4,1,13435.023256759898,19888.44387091828,9900.422207951806,7990.877483478546,1044.514404141699,2007.7556111946567,2017.6508017362617,3803.501761380805,7414.818473470839,4031.188443695276,4841.6174642760025,6964.111735745905,1459.624210880377,631.4302996774795,2391.080644157782
2025,4,5,1,13355.912290600678,19704.88826578756,8152.659685920719,7849.805733093402,1044.514404141699,2620.549239708099,2633.4645735794056,3696.1384941705,5226.567074154472,4031.188443695276,4706.976482868673,4782.800764050033,1386.863458923182,627.3300807068257,2172.493089812733
2025,4,6,1,11423.626419315591,19390.500488627826,8916.369849049961,7567.662232323299,1044.514404141699,2236.1259013036406,2247.146611067839,4138.222535624573,4572.416049916789,4031.188443695276,5019.925800877441,5267.313158904626,1450.8047052514794,582.2279421719886,2043.1248974198595
2025,4,7,1,13421.178832178655,19390.500488627826,11477.045177353008,8174.988066515758,1044.514404141699,2645.28937026202,2658.326635460272,4472.943345414808,5550.322026400168,4031.188443695276,6728.410885125193,5788.013186485194,1627.1943335974895,688.833005076835,2016.359059443652
2025,4,8,1,13773.22275266686,19702.935573058097,12315.628911938024,8772.74968925421,1044.514404141699,3016.3911056232714,3031.2573396269127,4656.09244830296,7212.264065978345,4031.188443695276,6349.9605140313615,7120.924869760428,2092.422020730294,1057.8507313917132,2183.645485564626
2025,4,9,1,14813.53218881415,24715.565472704904,11256.703027394067,9219.87539770997,1044.514404141699,2886.981263414209,2901.209703136776,3997.702974191882,5661.5608915342855,4031.188443695276,4974.4390080648,5922.711680584625,1629.3992342162878,811.8389438642712,2049.8163446678464
2025,4,10,1,13749.489440804637,26861.60374408574,9168.800705213936,8174.988066515758,1044.514404141699,2426.434494973405,2438.393137514664,3795.6074123842873,6476.759251926513,4031.188443695276,7095.944427567446,6137.827131391793,1558.8433828778916,754.4361484174852,1938.2920442591112
2025,4,11,1,12448.113706259634,22983.503637779064,10133.599822067375,7318.993400307713,1044.514404141699,2224.707373792982,2235.671807531954,3295.1050959354125,4984.165911723066,4031.188443695276,5174.581001969116,4477.216187276489,1457.4193102615784,807.7387248936172,1907.0652577789983
2025,4,12,1,12369.002740100415,21682.99273131104,8315.24224717503,7142.055940193663,1044.514404141699,2085.782116763496,2096.061859655792,3243.0023427934225,4657.090399604294,4031.188443695276,4725.171183758471,4085.18335223997,1256.776114070899,725.7347957178076,1800.0019548584264
2025,4,13,1,12463.935899491478,17262.036709249198,10835.271923711136,8368.6628134507,1044.514404141699,2312.249331339987,2323.645214178383,4117.697214015121,4577.396889726472,4031.188443695276,5118.177339916959,5046.166406542218,1523.5654572086744,852.8409534758848,1793.3105076104391
2025,4,14,1,11801.381376288024,18691.427052110605,10700.499550067138,8438.003144377848,1044.514404141699,2786.117702823998,2799.8490381454203,4379.789913507528,5206.64367845373,4031.188443695276,4996.272665367816,4674.237821720528,1680.1112221012772,766.7368053294213,1980.671275475375
2025,4,15,1,11848.848000012473,18244.254410192385,9218.00330254299,7632.220481301673,1044.514404141699,2177.1302253755407,2187.8601759202484,3939.2847347434654,5943.808808904603,4031.188443695276,5516.641930695274,4034.922726703111,1508.1313465697162,754.4361484174852,1936.061594499288
2025,4,16,1,11631.292788037998,17318.665570715377,7910.925080429579,6714.058607089642,1044.514404141699,2177.1302253755407,2187.8601759202484,3257.212178096448,4602.301125236615,4031.188443695276,4876.187469025143,4095.235477347456,1340.5611754294553,660.1316523771573,1802.2324536025085
2025,4,17,1,11510.648504105508,17082.386532484205,7500.190181606017,7323.77548225667,1044.514404141699,2470.205455167954,2482.3798221673587,3614.037172186144,5151.85436762376,4031.188443695276,4237.552444973544,4611.914637224483,1395.6829645520415,643.7308665419978,1871.3774738107213
2025,4,18,1,11655.026055871622,16648.882911296296,11019.246940497442,8330.406062747406,1044.514404141699,2297.0246527642885,2308.345501024472,3928.232624820461,4623.884764411393,4031.188443695276,5684.033438645135,5482.428609711652,1547.8190250533817,656.0314334065163,1958.366434987332
2025,4,19,1,14398.199539426852,16559.057844366882,13417.339707545974,9776.98922877056,1044.514404141699,3699.598937575528,3717.832350153588,6675.469274781587,6865.265194621405,4031.188443695276,7130.514432316587,7309.904812948964,1944.6956646202543,705.2337909120072,2085.504128636124
2025,4,20,1,15913.174904616835,17461.214070746493,16521.38304901932,12254.113385028686,1044.514404141699,4991.794246976241,5016.396222905436,8000.142572000181,10693.874994341311,4031.188443695276,9534.038162080018,9881.238229980952,2535.600943790855,783.1375911645806,2475.8391065903097
2025,4,21,1,18167.83803454781,16143.12867227626,19653.23653228973,13958.929594521613,1044.514404141699,6070.84394484367,6100.763999479618,9381.65524597726,11919.162936603208,4031.188443695276,11158.82749235291,11951.97582549562,3089.023396673517,906.1434399045992,2933.088703977144
2025,4,22,1,16688.462593122716,18769.53583394472,21030.909807264,14970.342256961125,1044.514404141699,7285.012711517748,7320.916776971007,9138.509005404296,14446.11180759404,4031.188443695276,12659.892669869909,13019.511476578406,3415.344233325141,943.0452305455718,3205.207934274555
2025,4,23,1,21255.14427593258,20706.63315146241,20470.427857156003,15120.978171244,1044.514404141699,5709.257624302732,5737.395606698891,8172.239564965409,15095.28199202204,4031.188443695276,14275.584609109892,13542.221938010673,3386.6809126660223,979.9470211865444,3276.5835022111087
2025,4,24,1,17376.728152810087,17137.062701220915,16348.104237092184,13282.263429402004,1044.514404141699,6358.20991088081,6389.546243958842,8060.139674138688,13126.18779956326,4031.188443695276,11781.087212545166,12697.843473142137,3494.719541869248,971.7465832452496,3432.717483595932
2025,4,25,1,14823.421076094815,17183.927927415087,11340.133544411754,10338.885141780103,1044.514404141699,4824.322671170053,4848.099266189506,5581.311209976477,10401.665397351908,4031.188443695276,8966.36262573331,9197.693766830478,2579.69837508897,844.6405155345899,3287.735897963001
2025,4,26,1,14653.33244381619,15199.965340797047,10743.28441531788,8689.06306492428,1044.514404141699,3484.550213351953,3501.7237618260074,4711.352962371276,6539.849962439099,4031.188443695276,6888.524520836694,8067.835019554523,2180.616834903261,742.135581552967,2765.80227785617
2025,4,27,1,11961.58116531458,15686.192395085409,11085.563520577643,8839.698979206973,1044.514404141699,3103.9330631702765,3119.230746273341,4485.574318027741,6757.346889360222,4031.188443695276,7998.403020401815,8463.888678143147,2180.616834903261,725.7347957178076,2765.80227785617
2025,4,28,1,13387.556677064364,16734.80254986123,10582.84111336062,8277.803066197424,1044.514404141699,3478.840986754421,3495.9863973989945,5158.173627441845,6989.786335710112,4031.188443695276,8571.536991368352,9820.925479336607,2535.600943790855,705.2337909120072,2855.021688792604
2025,4,29,1,11150.693553044122,15895.133348948537,9806.295440261292,7852.196774067972,1044.514404141699,3425.5545745816507,3442.4373640193458,5068.177956460972,7019.671411029938,4031.188443695276,8487.841237393352,9706.3312796033,2553.239906625464,680.6326571829704,2819.333904824327
2025,4,30,1,11150.693553044122,16951.554360454564,9006.218143959419,7103.799189490371,1044.514404141699,3425.5545745816507,3442.4373640193458,4902.396414255946,7896.300165535713,4031.188443695276,9232.005672722828,10508.49081019062,2734.0392877858844,676.5324382123166,2681.043815423642
2025,5,1,1,17938.24441073198,20584.29039377696,20696.01193686173,14007.350575851951,1473.4476358840334,3921.689108153531,3941.017088488261,8424.817854539557,9219.595197432018,7573.594606700398,13038.823846237969,13428.653419375729,3309.606866848869,824.1687761384931,3336.826904899414
2025,5,2,1,37288.16619300593,32724.399356463666,45767.21073734291,34417.91996181822,1473.4476358840334,10789.514005381936,10842.689947881749,18990.7496134316,28689.82625134857,7573.594606700398,19568.40068528626,18015.12952293104,4577.444285622958,1836.9533879611567,4356.165075867582
2025,5,3,1,39320.1863319297,57146.23875589337,52459.17963957152,35507.40806825896,1473.4476358840334,11200.273328916428,11255.473691993357,13466.22627353721,21490.805008983767,7573.594606700398,16167.771929682109,13089.810875808646,3680.035884742334,1472.0229137892447,4409.697045725598
2025,5,4,1,35759.180371053226,50669.02250445825,43110.23208989954,29891.592036141265,1473.4476358840334,10810.760184976738,10864.040838923602,11970.33557804154,19586.451378721285,7573.594606700398,12488.06984685723,11177.77066346819,3247.868729482051,1275.206460068956,4052.817148703461
2025,5,5,1,66177.84599057412,75210.84676504455,58578.412454470505,52864.93457022761,1473.4476358840334,8193.940068147478,8234.323767143873,11971.940638399212,12452.181527892291,7573.594606700398,11617.582815950873,11599.30696297147,3309.606866848869,1180.898632274288,3876.607698936528
2025,5,6,1,45064.321573583205,58527.04832102184,40812.82836407144,30998.41293071724,1473.4476358840334,13138.986455204762,13203.741734070823,12612.348772822088,12164.951202828255,7573.594606700398,12643.315927839463,13924.815734235295,3938.013276265712,1078.3900063486674,4079.583133632496
2025,5,7,1,33508.4496633619,46436.11348246297,29831.798320819154,28829.341147817333,1473.4476358840334,9158.87037174447,9204.00971388798,10504.940531692158,13513.107371651658,7573.594606700398,13999.871114727155,16181.74921831254,4211.425165813463,1107.092439617332,4559.140510563604
2025,5,8,1,28527.81320894526,40122.155317984434,25478.142864942285,23223.42959323768,1473.4476358840334,6609.329786474237,6641.90375973314,9724.8945277599,14897.789954315494,7573.594606700398,14936.892203533333,17573.424026508437,4557.599889514692,1168.5975251252764,4898.176368648777
2025,5,9,1,23771.852153788062,32759.804703524656,23365.909428950323,20477.424324009724,1473.4476358840334,6559.755404577536,6592.085051309786,9511.425125921352,13687.4379317839,7573.594606700398,16317.47352951582,18807.779063411854,4771.478542314424,1115.2931477008544,5152.453274458734
2025,5,10,1,21859.128668724454,30391.578652105298,20517.30102353475,19576.12052988951,1473.4476358840334,6674.838821645898,6707.735655108306,7445.7477431631,14955.90015318029,7573.594606700398,17500.300936886924,19717.40998134622,4636.97752237094,1016.88492084071,5549.482148874397
2025,5,11,1,19385.710809251697,28745.22883384784,20706.777640732817,18365.30304917153,1473.4476358840334,6674.838821645898,6707.735655108306,10919.039030239892,15794.347063411433,7573.594606700398,17441.159574636047,20179.28467468828,5106.628617652103,1061.9886802290275,5449.109705390557
2025,5,12,1,18017.77549862911,25129.94685552412,18202.67217151276,16240.80122496721,1473.4476358840334,7108.614821162448,7143.649512511372,8540.380209694098,14989.105970685216,7573.594606700398,17189.808734334376,19902.966645986355,4749.429197164174,1025.0855388768275,5698.925613712349
2025,5,13,1,16582.238761092547,23800.278437841425,15696.413561518344,14143.536618879874,1473.4476358840334,5994.961334717665,6024.507403156385,7749.098996536453,15644.920884639205,7573.594606700398,16980.965772249787,18245.05838547276,4420.89396895241,971.7811614524056,5538.329655153935
2025,5,14,1,16093.122396611254,22521.751081792165,15560.765509488934,14433.241397957856,1473.4476358840334,6164.93069716026,6195.314456809119,7656.00705983269,14640.444886883304,7573.594606700398,15923.813785029515,17817.47135779977,4189.375820663213,889.774260711914,5556.173645106643
2025,5,15,1,18487.00912415765,22061.48122674997,16133.501596818774,15084.45813292656,1473.4476358840334,6322.50647341817,6353.666842691288,7983.433792014496,14871.225329481444,7573.594606700398,17794.159614817465,19612.530148535094,4513.501199214193,877.4732436103328,5645.393643854332
2025,5,16,1,15930.08359377452,23046.93077553527,16790.21026596984,15257.785776496585,1473.4476358840334,6880.218483413089,6914.1275271640525,9607.727112247769,17891.294406032583,7573.594606700398,18465.04451261244,20768.225321867845,4775.888440398355,885.6739516938553,6116.02897682475
2025,5,17,1,15200.385542008466,21233.388909498943,18103.62755845852,15208.263626588176,1473.4476358840334,7639.76908808498,7677.421564511371,9837.246833291872,19016.97164132776,7573.594606700398,19841.929531358463,20856.969805973888,4936.848655152871,959.4801443508244,6236.475957989639
2025,5,18,1,15959.90774623241,21172.41294580921,18237.122469713588,15062.173153578682,1473.4476358840334,8514.403146983032,8556.366242998141,9200.048748491568,22118.394981704667,7573.594606700398,19588.73055773267,20659.31164084262,4718.560104269172,811.867759036899,6825.327724396604
2025,5,19,1,13707.188747034146,19968.630287610373,15853.592975476462,14945.79601807054,1473.4476358840334,7956.691174145911,7995.905595866306,8951.26865861918,18726.42071992821,7573.594606700398,18361.547138820213,17771.0821916397,4304.032396075208,815.9681581023755,5910.823043384699
2025,5,20,1,13385.08772437423,16127.147321135357,15707.179265389426,12462.25835736023,1473.4476358840334,7179.435382653896,7214.819111976524,8583.716092877063,17037.90490344795,7573.594606700398,16420.970943895984,17097.430908568193,3986.5218162269953,705.2589141406371,5725.691598641384
2025,5,21,1,11683.121730108574,16420.22512839869,14042.799614382431,12246.836826922725,1473.4476358840334,6529.656668730526,6561.837974337686,7933.677774040001,15721.29423573057,7573.594606700398,15546.787565165088,15338.67666345756,3589.633603522498,631.452721483681,5141.300780738271
2025,5,22,1,10094.487559211497,16530.375216216264,13099.722901566647,12023.9869858882,1473.4476358840334,5223.017106703236,5248.758660697517,7447.352803520772,12560.100416552115,7573.594606700398,14772.405252989953,15072.443211139856,3411.033893278552,594.5496701789117,4795.573426420853
2025,5,23,1,11372.950324403217,12224.688476781705,10763.562595989031,10813.16950517022,1473.4476358840334,6299.489797436057,6330.536729399771,7270.79918561996,14487.698148238002,7573.594606700398,13805.813503352236,13436.721071652624,3128.8022559860874,582.2486530773177,4559.140510563604
2025,5,24,1,8821.989624511667,11957.181200334777,10856.147740907203,10424.420378719147,1473.4476358840334,4886.619411750521,4910.703035232366,6420.131734527493,14814.775447015549,7573.594606700398,12391.965128125868,13757.41138655873,3135.4170546888554,545.3455117251307,4266.945077119892
2025,5,25,1,10953.423678342837,12403.682278310742,9273.5875309473,9515.688226445458,1473.4476358840334,4721.961575627658,4745.233685669561,5795.773919310171,13029.962737893446,7573.594606700398,11859.692786691265,12997.032543488507,2956.817344444872,516.6431685038839,4175.494628612431
2025,5,26,1,8734.505370587422,12799.042294652652,9439.37955381582,9498.355438310226,1473.4476358840334,4235.070164281985,4255.942638002878,5744.412840978003,12910.421816753067,7573.594606700398,11552.896931963254,12393.973471710628,2751.758439389855,467.43901005010287,4235.718094702694
2025,5,27,1,8116.150938740524,13068.516508605171,8377.880006791025,8795.140386492285,1473.4476358840334,4875.996321953093,4900.027589711413,5129.685245721171,14469.43492308657,7573.594606700398,11530.71892619258,11845.371218369852,2502.6007956111907,459.2383019665804,4179.955626100595
2025,5,28,1,8165.857874180082,12443.021586194624,8104.430807771526,8096.877573443448,1473.4476358840334,4667.0756302534255,4690.077235815349,5038.19836937508,11791.385774128905,7573.594606700398,10379.310394153152,11423.834918866572,2310.77148796171,426.4355596798571,3765.082761732276
2025,5,29,1,8382.580195469618,13812.029354666744,7751.315308479069,8099.353692828002,1473.4476358840334,4311.202252093221,4332.449941558013,5720.337362169633,9686.13692243784,7573.594606700398,10395.943878187083,10909.520331194732,2193.9099635076927,446.9372848649864,3631.252788102897
2025,5,30,1,7825.862316016836,12743.967272196953,7751.315308479069,7207.95432868954,1473.4476358840334,3335.6488958567115,3352.0885866339945,4630.520005618879,9838.883697545574,7573.594606700398,10081.755368398071,9584.40388607837,2092.482985501196,397.7332164586231,3176.230946341
2025,5,31,1,7104.117386249297,13444.206849552367,6689.815761454275,6687.971350423195,1473.4476358840334,3957.0994074781815,3976.601906891329,5344.759672371006,10687.292323858232,7573.594606700398,9575.35738055854,10461.764106602286,2052.79414486148,475.6397181336381,3169.539450108754
2025,6,1,1,7951.812761273286,13742.387289927849,7249.780340211219,6452.134948742455,195.52908880099136,3546.1389114403028,3563.6159988009604,4465.246385357588,12436.744286317997,2601.329537695944,10012.306200215648,10330.647615322454,2379.143405913863,360.77604665774766,3401.4819289314923
2025,6,2,1,7435.142935843516,13607.101823446616,6107.587767565865,5818.210531407601,195.52908880099136,3150.1325106443155,3165.657886965182,3799.7454352915456,10391.737481935806,2601.329537695944,10614.717908523347,9364.887379890188,2021.941128458899,323.8784882452662,3359.1027956837443
2025,6,3,1,7452.113837537037,13225.247613598807,7011.372020645387,6059.188636578461,195.52908880099136,2922.5631947656225,2936.966999452229,3918.195256848012,9089.469235101114,2601.329537695944,7390.699572330161,8498.690045313497,1819.085526058106,307.4795934058018,3256.5007351726804
2025,6,4,1,9213.316864746655,14438.452976383467,6690.604440088147,5466.512695883816,195.52908880099136,2456.673278689853,2468.780952579824,3470.891339007739,7462.046571790769,2601.329537695944,7604.518540240763,7835.601056739089,1554.4913020588233,295.1803772524977,3055.757513670252
2025,6,5,1,8104.550920542002,15274.168136488315,6811.975965723007,4995.411330295185,195.52908880099136,2306.155000969866,2317.5208480011647,3138.920146833789,7288.740897424328,2601.329537695944,7664.015980886998,8291.59919917137,1706.6329796478246,348.4768305044436,2721.1855431451622
2025,6,6,1,7836.787726662671,13425.993831189431,4783.337883561288,4843.443170858329,195.52908880099136,2066.0425386319284,2076.224995337732,2677.589279714884,6392.503053297971,2601.329537695944,6580.046740584349,7702.186750165894,1825.700421607208,528.8649438807416,2774.7170721447496
2025,6,7,1,6965.614494222306,15573.105437836855,4893.872648655999,4517.797067365881,195.52908880099136,1885.0622329397395,1894.3527311825123,2933.191533714896,6564.158183194626,2601.329537695944,5667.132642139694,6744.391559164466,1545.6714574677364,459.1695057419136,2440.1450526354547
2025,6,8,1,6967.500154857992,13646.378231206703,4828.852177041001,3562.5684463947227,195.52908880099136,1682.5792842951305,1690.871848652378,2764.8681068236974,4943.337624838567,2601.329537695944,7130.398188326524,6977.368766593092,1450.8585518164423,352.57659923802186,2339.773441884214
2025,6,9,1,6464.029909850372,15688.752721891442,4831.0195657998775,3373.69371017362,195.52908880099136,2026.6210884822008,2036.6092572186508,2866.1738476650007,7353.111584809003,2601.329537695944,7836.930458353349,7793.784650742067,1547.8764065097212,278.7814824130462,2444.6060011393074
2025,6,10,1,6464.029909850372,15645.112264057812,4098.455771912517,3380.206607514111,195.52908880099136,1944.194389585432,1953.7763196906697,2685.382037213312,6973.489674842395,2601.329537695944,6663.715016493133,7299.952602452465,1543.466508425752,278.7814824130462,2188.100849861726
2025,6,11,1,6939.215333378638,14314.077592181797,3938.072027447252,2885.2245549351305,195.52908880099136,1673.61986211755,1681.868270109802,2278.600437037425,5321.309026797678,2601.329537695944,6351.353371924111,6473.580445878519,1591.9754841955587,282.8812511466115,2263.937170365099
2025,6,12,1,6792.134111988697,14894.495994583454,3625.973864484946,3117.518765280972,195.52908880099136,1222.0650661153318,1228.0879937146997,2498.355999435113,5837.924960957568,2601.329537695944,5090.75102352675,6204.760604738141,1435.4238600994397,270.5820349933075,2275.089566116992
2025,6,13,1,6792.134111988697,14285.711266700642,3628.141207430365,2896.0793996880407,195.52908880099136,1652.117256322983,1660.2596890758723,2300.420143814649,4671.000157383939,2601.329537695944,6152.408764175068,6828.024415309803,1488.3427339531777,241.8839240005519,2114.494979118176
2025,6,14,1,6339.576616089294,14285.711266700642,3365.892023838407,2687.6659238890065,195.52908880099136,1435.2992619204726,1442.3731107503493,2383.0233093150955,5610.151793100172,2601.329537695944,5312.0072121061385,6537.300713022483,1525.826916089951,200.8866869018972,2306.316254628536
2025,6,15,1,6258.4933848654055,14663.201426474903,3664.986129128603,2594.3140307425824,195.52908880099136,869.0638397506806,873.347006605851,2459.392247489033,5337.814325645685,2601.329537695944,5380.801127853364,6133.0752931633415,1345.020852532077,233.6844765808261,2185.870351117644
2025,6,16,1,6224.551581478993,13168.514962637128,4141.802768260266,2594.3140307425824,195.52908880099136,1797.2599104627045,1806.1176764017737,2459.392247489033,5983.171598112493,2601.329537695944,6395.976452408787,7176.4946124556745,1503.7773772470323,200.8866869018972,2457.988895635282
2025,6,17,1,5357.149670310002,13539.459047300452,3394.0675737551687,2594.3140307425824,195.52908880099136,1705.8737893883545,1714.2811603312168,2460.950813207257,5912.198805773532,2601.329537695944,7201.051399094033,6716.513925732255,1411.1693722145365,233.6844765808261,2272.85906737291
2025,6,18,1,5359.035286917089,12703.743844290058,3417.908391967838,2518.3299272458344,195.52908880099136,1619.8633662099764,1627.8468361953871,2591.8690183242124,5979.870545635349,2601.329537695944,7344.217156237266,6881.788365877218,1345.020852532077,184.4877920624456,2326.390596372498
2025,6,19,1,4565.1740084578405,12511.725769753317,3682.3249185050113,2329.455191024914,195.52908880099136,1591.1932003786335,1599.035369922806,2570.049311546989,7136.892155315117,2601.329537695944,8461.653747491533,7461.244498306431,1492.7526320371471,176.28834464271978,2475.832738635162
2025,6,20,1,4599.115811844568,11815.660083297696,3684.492261450432,2631.220559970372,195.52908880099136,1410.212894686444,1417.163105767586,2570.049311546989,8632.272391378969,2601.329537695944,8902.306789042092,8719.719708171586,1616.2299236573135,159.88935975583755,2587.3567451382955
2025,6,21,1,5506.116508307346,11346.52491487583,2733.02632613232,2746.2821901792563,195.52908880099136,1107.3844771055558,1112.8422033062334,2570.049311546989,6280.267013838921,2601.329537695944,7347.935746277551,7885.382507166803,1442.0387072253557,131.191248763082,2627.505379641909
2025,6,22,1,4725.454766241017,10622.092945845232,2303.8913234257884,2468.397508224148,195.52908880099136,843.9774725165969,848.1370016230325,2409.518642154381,5308.104780426813,2601.329537695944,5533.263360097591,6931.569816305076,1320.7663646471738,127.09157007692151,2544.977611890548
2025,6,23,1,4725.454766241017,11058.497738712398,2167.348397173193,2420.636086686991,195.52908880099136,944.322978610674,948.9770588951804,2267.6905836487726,4702.360247072599,2601.329537695944,6256.529325894054,6816.076870739265,1307.5366219721557,127.09157007692151,2299.624807380548
2025,6,24,1,4323.809975421862,10849.023463879612,2358.075034500434,2418.4651367589186,195.52908880099136,894.150244142562,898.557048929599,2236.5195892012016,5585.393844828231,2601.329537695944,6202.609729720449,6871.83209345225,1239.183104824563,147.59023364995133,2290.7029103727905
2025,6,25,1,4881.96424678142,11820.024133371238,1805.401209026876,2075.451196060156,195.52908880099136,655.8296439454846,659.061889570146,2146.123666202245,4801.392040160644,2601.329537695944,7158.287613629499,6835.98945974064,1214.9286653628085,127.09157007692151,2246.093327365219
2025,6,26,1,4023.990638791489,10628.63902095617,1807.568551972296,2112.3577728444016,195.52908880099136,607.4487716181768,610.4425729084887,2002.737041978413,4900.423869711122,2601.329537695944,5921.856100494687,6780.234192876076,1150.9850462991851,106.59290650389173,2281.7809643807213
2025,6,27,1,4506.718660834532,10438.802928550653,1749.05015500681,1836.6440883738228,195.52908880099136,815.307343843107,819.325572691436,2100.9256869294923,4900.423869711122,2601.329537695944,7087.634402861992,6457.650357016846,1126.730558414282,102.49322781773124,2284.011463124803
2025,6,28,1,4506.718660834532,10440.98495358805,1382.768280969858,1940.85082627334,195.52908880099136,655.8296439454846,659.061889570146,1990.2686228715363,4449.829130943262,2601.329537695944,5897.685265232137,6481.545490309357,1084.8364781935772,114.79235392361753,2219.3275383732694
2025,6,29,1,3450.7510823458124,10403.890527959184,1382.768280969858,1943.0217762012287,195.52908880099136,720.3374613292957,723.8876326720458,2005.854137868556,3579.999779558635,2601.329537695944,6210.046909801158,6340.166139305467,1029.7126552978168,81.99456424470146,2313.007701876523
2025,6,30,1,3288.584663926635,9947.847509759824,1319.915152300279,1680.3339339680902,195.52908880099136,628.9513774127989,632.0511539424738,1418.280691694593,4669.349649376723,2601.329537695944,6191.453959599176,6172.900471166231,1051.7621941407356,57.39622198551118,2210.405641365512
2025,7,1,1,3089.092925530507,10245.970584879002,2083.63214163452,1101.0662365706498,58.87646181363465,764.826719577593,768.596155498645,1231.6064206989488,3402.7605390755707,841.5892826739168,5913.591737272714,6224.803484511429,1003.2175304947098,69.70597368631518,2310.808749002472
2025,7,2,1,3229.0231395545507,9643.381175959325,1407.3056469573833,1138.134552691225,58.87646181363465,727.7838537386617,731.3707245040545,1217.5382376421178,4279.511187459201,841.5892826739168,5643.082069077746,6185.860009902019,899.5884604132639,41.00354041765058,2234.9713998294123
2025,7,3,1,3229.0231395545507,9600.478357232874,1400.4740819369897,1138.134552691225,58.87646181363465,581.7912885036369,584.6586373099808,1246.953526256707,3590.768627820053,841.5892826739168,3944.783107981456,5654.999244777934,862.1056341252482,69.70597368631518,2009.68985105437
2025,7,4,1,2885.3969758054736,9382.06406976108,1677.1530837449145,967.8948892237078,58.87646181363465,411.8297663636624,413.8594626006701,993.7260535024698,2835.013277214576,841.5892826739168,4783.183875313306,5339.352343924439,780.5252796928216,41.00354041765058,1996.306809605568
2025,7,5,1,2885.3969758054736,8494.75600545398,1677.1530837449145,974.759418629294,58.87646181363465,527.3164202266638,529.9152905397468,937.4532857289224,2786.615172688344,841.5892826739168,4120.345626786944,4927.3715987691285,747.4522062192548,20.501725185116435,1730.876038515603
2025,7,6,1,2559.483509079613,10244.020466506136,1701.0636300363756,901.9956447126942,58.87646181363465,581.7912885036369,584.6586373099808,937.4532857289224,3080.7268319364152,841.5892826739168,3588.283612292317,4431.354983518912,701.1498258791935,53.30455751924463,1376.2249257881408
2025,7,7,1,2557.712234974495,8286.092352751446,1701.0636300363756,903.3685505938846,58.87646181363465,379.1448825552873,381.0134918794702,859.4387643465126,2326.832960913845,841.5892826739168,3459.298891345308,4132.105293304852,670.2816046012767,12.301017101590975,1483.289404331173
2025,7,8,1,2911.9660433545973,9444.46815802542,1704.4793896399462,919.8433736106152,58.87646181363465,379.1448825552873,381.0134918794702,639.4633477097279,2006.6607333573168,841.5892826739168,3221.035403386952,3920.990797921383,465.2283650571834,49.20424850118586,1431.9876882958413
2025,7,9,1,2968.646638606515,10665.248051563114,1636.163601995638,1105.1849542138557,58.87646181363465,379.1448825552873,381.0134918794702,639.4633477097279,1643.674803560288,841.5892826739168,2676.4332031793106,3658.634897873173,661.4620989724174,49.20424850118586,1367.3028818275027
2025,7,10,1,3294.56010533206,9840.344075520356,1636.163601995638,921.2162794918056,58.87646181363465,387.86084661645526,389.7724124263071,624.1162421519697,1807.4838400415144,841.5892826739168,2257.232819513455,3289.6969079113774,593.1110514064851,61.5052656027799,1320.4621632803876
2025,7,11,1,2780.892111799579,10255.721262553809,1301.4161371671637,950.047207882244,58.87646181363465,257.1212370674698,258.38845485975963,744.335348251177,1747.9169309438223,841.5892826739168,2336.056838196624,3117.525887137318,557.8330773141197,65.6056646682564,1358.380837866917
2025,7,12,1,2688.7861665298287,9226.053870553626,1205.773997814366,1036.5398979406443,58.87646181363465,274.5532023476585,275.9063332944181,642.0211927115828,1747.9169309438223,841.5892826739168,2160.4942788031985,3277.398977856189,557.8330773141197,86.10738985337282,1213.3976357530446
2025,7,13,1,2832.258928764109,8641.015569892801,1417.553017394805,904.7414564748924,58.87646181363465,289.80615803364265,291.2344629218889,704.6886085363154,1889.388358282128,841.5892826739168,3484.3792627711973,3345.03763731166,513.7355975928568,49.20424850118586,1224.5501784577646
2025,7,14,1,2834.030202869228,8974.487399124018,1571.2635739546947,1032.4212278537132,58.87646181363465,204.82537838470128,205.83485689671343,670.1575943715494,1889.388358282128,841.5892826739168,3548.8716232447014,3037.589297626374,518.1453504073055,69.70597368631518,1291.4655326544437
2025,7,15,1,2743.695487676312,8826.277673406783,1318.4951184384367,945.9284902388556,58.87646181363465,233.15231732026265,234.3014046853966,519.2442416105206,1433.3291056730243,841.5892826739168,2663.893017466436,3244.604512425739,496.0965863351,28.702433268651703,1302.6180753591636
2025,7,16,1,2745.4667617814303,10885.612457407153,14.051307447920555,984.369712240621,58.87646181363465,416.1877855520718,418.23896021504567,492.3867979978673,1496.618973936252,841.5892826739168,2271.5644777231187,3092.9300270266563,458.6137600470844,61.5052656027799,1226.7807261861046
2025,7,17,1,2970.417912711633,9892.997529016062,14.051307447920555,852.5712232184117,58.87646181363465,244.0472909756904,245.25007403947663,611.3269815961473,1496.618973936252,841.5892826739168,2271.5644777231187,2939.2058571840143,436.5649959748789,102.50880602044336,1168.787415950011
2025,7,18,1,2970.417912711633,8605.913267562746,14.051307447920555,1157.3551874703362,58.87646181363465,313.7750777807946,315.3215130961965,610.0480235488338,1010.7762303158702,841.5892826739168,2617.3152196079573,3119.575527429299,418.9260331402704,65.6056646682564,1340.5367499456931
2025,7,19,1,2839.3439811562994,9504.922127916896,14.051307447920555,1157.3551874703362,58.87646181363465,250.58424544265355,251.8192457791257,610.0480235488338,763.2011960112626,841.5892826739168,2801.835019720957,3035.539657334393,414.5162803258217,110.70951410396576,1264.699400772634
2025,7,20,1,2839.3439811562994,9709.68550096815,14.051307447920555,831.9777301147499,58.87646181363465,250.58424544265355,251.8192457791257,672.7154393734853,1128.0486053910597,841.5892826739168,2957.691584590644,3211.8100028441363,403.4918740781638,86.10738985337282,1200.0145943042955
2025,7,21,1,2472.6913420969345,9185.10117019942,14.051307447920555,660.3651607660423,58.87646181363465,366.0708993057101,367.87507371825785,673.9943618744128,1128.0486053910597,841.5892826739168,3443.175801226932,3211.8100028441363,366.00904779014814,102.50880602044336,914.5092365490248
2025,7,22,1,2474.4626162023687,9185.10117019942,14.051307447920555,767.4513914847442,58.87646181363465,176.49847660693774,177.3683464489597,661.2051013185904,859.9974779887315,841.5892826739168,3443.175801226932,2691.1975274832585,361.5992949756995,110.70951410396576,1110.794154698176
2025,7,23,1,2355.7876033834946,8683.918388619246,14.051307447920555,755.0952861112193,58.87646181363465,115.48665386300138,116.05582793907668,763.5192568581036,861.8589211090667,841.5892826739168,2284.104663436133,2695.2968522188003,359.39439435690105,106.60911503850214,1057.261939918763
2025,7,24,1,2355.7876033834946,8849.679222595962,14.051307447920555,858.0628467429901,58.87646181363465,115.48665386300138,116.05582793907668,662.4840238195178,545.4096527180741,841.5892826739168,2081.670260119892,2525.175471736722,368.2138999857984,131.2112392890951,939.0448696867523
2025,7,25,1,2616.1641043315303,8949.1357315626,14.051307447920555,612.31364515295,58.87646181363465,71.90679639930893,72.26118786390764,542.2649177203915,545.4096527180741,841.5892826739168,1823.7008182258733,2117.294051317096,335.14082651223146,139.41194737263035,1048.3398959581773
2025,7,26,1,2789.7484823254867,8951.085849935465,14.051307447920555,613.6865510341403,58.87646181363465,71.90679639930893,72.26118786390764,466.8082413398365,550.9940550038044,841.5892826739168,1730.545181920979,2305.862326882027,343.9602837179427,135.31163835457158,820.8277994547418
2025,7,27,1,2704.727589447926,8773.62426281725,14.051307447920555,676.8399837829556,58.87646181363465,21.789947310782683,21.89733870808697,337.6366421876701,577.054586849688,841.5892826739168,1757.41698525558,1904.1298714900656,328.5261730789843,176.31517877222214,887.7431536514736
2025,7,28,1,2812.7749576357746,8551.309695694796,14.051307447920555,822.3674365034229,58.87646181363465,21.789947310782683,21.89733870808697,337.6366421876701,33.50637725187679,841.5892826739168,1725.170805018828,1906.1795117821896,346.1651843367412,155.813363539688,760.6040394588249
2025,7,29,1,2704.727589447926,9372.313434991822,14.051307447920555,571.1266113889867,58.87646181363465,21.789947310782683,21.89733870808697,346.5891352406291,33.50637725187679,841.5892826739168,1660.6784445453234,881.3518158513056,123.47293353485296,114.80982312202454,814.1363032224964
2025,7,30,1,2543.542086161516,8309.49385903445,14.051307447920555,738.6205106507633,58.87646181363465,21.789947310782683,21.89733870808697,318.4527335807435,33.50637725187679,841.5892826739168,1655.3040676431726,881.3518158513056,535.7843132419141,73.8063727517788,811.9057554941563
2025,7,31,1,2543.542086161516,9103.19581239781,14.051307447920555,443.4468875666231,58.87646181363465,148.17157482917423,148.90183600120596,318.4527335807435,33.50637725187679,841.5892826739168,1515.5706334797994,1711.46227118945,346.1651843367412,49.20424850118586,896.665197612059
2025,8,1,1,2640.643482306083,9029.87108699049,129.3633164119858,290.6212385754746,26.93512661734512,34.495101918249155,34.66511046128595,229.1716866294135,235.7625585924,306.06110319764264,1570.961584709859,1760.9366928041384,269.02935055474865,25.61236619356917,889.9808530832505
2025,8,2,1,2403.4937431687213,8338.759149997404,129.3633164119858,470.9140409058216,26.93512661734512,76.65579029782418,77.033587100824,172.5129920209209,204.21683871178075,306.06110319764264,1399.079909118438,1366.8222960157086,269.02935055474865,29.27126278587284,606.7037407956575
2025,8,3,1,2704.636273949687,9172.042658242985,129.3633164119858,317.53060283029265,26.93512661734512,122.6492347502915,123.25370948858595,149.68039170400166,210.85803138279573,306.06110319764264,1351.026981521008,1299.7389728288138,229.3364907919457,29.27126278587284,756.1491650044651
2025,8,4,1,2006.3620249223493,7837.209350913818,129.3633164119858,515.7630130348232,26.93512661734512,122.6492347502915,123.25370948858595,188.58037347955792,210.85803138279573,306.06110319764264,1293.7331031865597,1123.6453212088888,205.0797270180512,3.655925027631244,680.3111790358913
2025,8,5,1,2104.233350728253,8988.404373345475,129.3633164119858,423.37413710705687,26.93512661734512,122.6492347502915,123.25370948858595,184.35213390957216,210.85803138279573,306.06110319764264,1090.4321869714672,821.7704772459541,165.38686725521018,14.63558636922756,602.2426943232356
2025,8,6,1,2945.550289768677,8676.416669265214,129.3633164119858,400.9496748209672,26.93512661734512,49.826237683119786,50.07180547687751,187.7347255655608,210.85803138279573,306.06110319764264,949.969711415502,821.7704772459541,194.05396492159767,6.330333237499421,450.5667713703461
2025,8,7,1,2706.518412290501,8891.648665267185,129.3633164119858,549.8482109279502,26.93512661734512,103.48530575470676,103.99533138381692,185.1977818235693,210.85803138279573,306.06110319764264,973.9961752142171,821.7704772459541,178.61782050950316,6.330333237499421,555.4015839019495
2025,8,8,1,2817.5647064817854,9172.042658242985,129.3633164119858,474.5019815032048,26.93512661734512,103.48530575470676,103.99533138381692,187.7347255655608,210.85803138279573,306.06110319764264,857.5602040450434,809.1923182752886,202.8745842833977,6.330333237499421,486.25519213413753
2025,8,9,1,2817.5647064817854,6271.347149123964,129.3633164119858,538.1874753209129,26.93512661734512,237.63292019702777,238.804090139822,138.68693327573368,210.85803138279573,306.06110319764264,883.4348823440358,809.1923182752886,180.8230116673428,7.320854796709855,537.5573490278982
2025,8,10,1,2845.79682562196,9152.296610255704,129.3633164119858,355.2037413208028,26.93512661734512,84.32133960132423,84.73691593811851,237.62820131569003,272.2891182824211,306.06110319764264,822.4446155971094,809.1923182752886,152.15596242410342,10.976689776926628,575.4763665043407
2025,8,11,1,2499.482930633811,8941.013806688472,129.3633164119858,458.356343927804,26.93512661734512,33.21750417469059,33.381216098239655,237.62820131569003,283.91122368784346,306.06110319764264,706.0086444279358,928.6844532088984,180.8230116673428,29.27126278587284,595.5511001224208
2025,8,12,1,2501.3650689746246,8111.679490878253,129.3633164119858,416.1983034687479,26.93512661734512,33.21750417469059,33.381216098239655,186.04342973756647,283.91122368784346,306.06110319764264,890.8276185809156,928.6844532088984,176.41267777484973,21.953469601265503,571.0152710476078
2025,8,13,1,2661.347004054719,8682.340479370407,129.3633164119858,276.26957129885665,26.93512661734512,33.21750417469059,33.381216098239655,186.04342973756647,207.53743504728823,306.06110319764264,1570.961584709859,754.6871540589163,165.38686725521018,18.29448296154411,455.02781784282087
2025,8,14,1,2663.229142395533,8208.435156050371,129.3633164119858,478.089874544313,26.93512661734512,2.3000698114264417,2.3114056677010577,200.41951536820915,207.53743504728823,306.06110319764264,1419.4100250927513,754.6871540589163,176.41267777484973,1.9270146697366647e-16,405.9562086774529
2025,8,15,1,2217.1617832603515,8684.315097040862,129.3633164119858,392.876879811313,26.93512661734512,2.3000698114264417,2.3114056677010577,223.25211568504733,217.49926051610296,306.06110319764264,1421.258199004952,698.0856373726014,99.2321494070454,1.9270146697366647e-16,381.420379602587
2025,8,16,1,2772.3933422746027,7499.55178874046,129.3633164119858,392.876879811313,26.93512661734512,2.3000698114264417,2.3114056677010577,223.25211568504733,219.15954045257027,306.06110319764264,91.94745374541858,647.7731339445354,134.51467527735537,1.9270146697366647e-16,495.17733406329216
2025,8,17,1,2213.39750657904,8072.187394903069,129.3633164119858,398.2587431510216,26.93512661734512,2.3000698114264417,2.3114056677010577,223.25211568504733,240.7434348643748,306.06110319764264,91.94745374541858,647.7731339445354,156.5662478934482,1.9270146697366647e-16,455.02781784282087
2025,8,18,1,3235.399946476477,8330.860722221134,129.3633164119858,371.3493788962036,26.93512661734512,2.3000698114264417,2.3114056677010577,223.25211568504733,240.7434348643748,306.06110319764264,91.94745374541858,624.7132567760208,57.33409848640281,1.9270146697366647e-16,481.7941456617157
2025,8,19,1,2232.2189340154605,8230.155821708106,129.3633164119858,420.6832054372938,26.93512661734512,22.996722226222047,23.11006119386932,157.29125847636217,240.7434348643748,306.06110319764264,91.94745374541858,624.7132567760208,88.20633888740588,1.9270146697366647e-16,439.4141306971625
2025,8,20,1,3088.592979782079,7833.260115572908,129.3633164119858,364.1735452578946,26.93512661734512,22.996722226222047,23.11006119386932,213.94995308477365,240.7434348643748,306.06110319764264,373.3344178941736,859.5048217033548,158.77139062810167,1.9270146697366647e-16,437.1835829687696
2025,8,21,1,2262.3331914964483,8696.162717252493,129.3633164119858,426.0651163334597,26.93512661734512,22.996722226222047,23.11006119386932,213.94995308477365,358.6246959293585,306.06110319764264,643.1701631807322,417.1742739568016,83.79600499491283,1.9270146697366647e-16,390.3424725474835
2025,8,22,1,2813.800429800473,8216.333583826641,129.3633164119858,401.8466361919474,26.93512661734512,471.43301000558125,473.7564598495748,213.94995308477365,358.6246959293585,306.06110319764264,685.6785284536223,672.9293635828501,108.05276876880735,1.9270146697366647e-16,582.1679607051025
2025,8,23,1,2687.69698485408,8324.93691211594,129.3633164119858,396.4647728524213,26.93512661734512,95.81971929335376,96.29196520553758,225.78909497342485,360.28501232825835,306.06110319764264,815.0518387722922,712.7601046616302,108.05276876880735,1.9270146697366647e-16,370.26773892935046
2025,8,24,1,2979.4288239312928,8555.965763670454,129.3633164119858,383.0101145032409,26.93512661734512,42.160688379600565,42.3684766395637,194.4999444238429,220.81985685161044,306.06110319764264,1345.482419196329,679.218420992393,130.10434138490024,1.9270146697366647e-16,499.6383805357669
2025,8,25,1,2379.0259007098584,8200.536728274099,129.3633164119858,376.73124223591225,26.93512661734512,42.160688379600565,42.3684766395637,206.33908631249423,220.81985685161044,306.06110319764264,1095.9767492961464,719.0491620711732,123.48886475775376,1.9270146697366647e-16,510.7910212090034
2025,8,26,1,2279.272436563141,8218.308201497097,129.3633164119858,439.5197746826401,26.93512661734512,260.86537171058444,262.1510424089454,195.3455923378401,222.4801367880777,306.06110319764264,478.6812238261909,679.218420992393,116.8733881306073,1.9270146697366647e-16,526.4047083546618
2025,8,27,1,2813.800429800473,8555.965763670454,129.3633164119858,381.2161442044581,26.93512661734512,260.86537171058444,262.1510424089454,127.69343930116068,260.66704933957163,306.06110319764264,813.2036648600914,480.06489220409645,108.05276876880735,1.9270146697366647e-16,472.8720527168192
2025,8,28,1,2501.3650689746246,6636.649187060873,129.3633164119858,316.63364145912993,26.93512661734512,260.86537171058444,262.1510424089454,93.86738055597344,260.66704933957163,306.06110319764264,482.37761223853,576.4971499691916,99.2321494070454,1.9270146697366647e-16,455.02781784282087
2025,8,29,1,2279.272436563141,7049.341705842442,0.7009458667496488,514.8660516636604,26.93512661734512,260.86537171058444,262.1510424089454,142.91517284571944,250.70522387075687,306.06110319764264,452.806586115275,555.533581119183,94.82181551455236,1.9270146697366647e-16,452.79727011448085
2025,8,30,1,2279.272436563141,8532.27048034164,0.7009458667496488,514.8660516636604,26.93512661734512,260.86537171058444,262.1510424089454,143.76082075971658,26.564807146130544,306.06110319764264,547.0642673979345,566.0153876199057,88.20633888740588,1.9270146697366647e-16,412.6477538939566
2025,8,31,1,1321.2627883089913,9359.630178482028,0.7009458667496488,514.8660516636604,26.93512661734512,260.86537171058444,262.1510424089454,107.39781827253788,26.564807146130544,306.06110319764264,495.31495138802615,561.8226826801629,97.0269582492058,3.655925027631244,450.5667713703461
2025,9,1,1,2551.0886912867004,6699.366317142449,174.23695453219145,541.6064480083024,18.756329932581057,60.82079432873102,61.12054861427199,114.7322765463854,205.5606977477023,149.937380648675,487.14763403902174,480.73612588905553,88.18963289379192,0.0,514.9449363071777
2025,9,2,1,2553.0330861916377,9786.309007501588,174.23695453219145,477.3693949951879,18.756329932581057,60.82079432873102,61.12054861427199,115.72995624377704,205.5606977477023,149.937380648675,412.201837942545,408.3239940208292,90.39433981992158,0.0,437.2593126505033
2025,9,3,1,1888.0389334040751,8624.06887776321,174.23695453219145,497.5221828859188,18.756329932581057,60.82079432873102,61.12054861427199,80.81145120438165,71.4993826416064,149.937380648675,683.3292552743956,531.0223150848053,30.86638119746788,0.0,448.3572378939403
2025,9,4,1,1681.9296392213098,9007.360866025045,174.23695453219145,481.1480367801998,18.756329932581057,60.82079432873102,61.12054861427199,80.81145120438165,71.4993826416064,149.937380648675,350.4817992193176,502.8620685618176,134.48915626681753,0.0,419.5025636831063
2025,9,5,1,1773.3177407672542,7657.596201983762,174.23695453219145,423.2087359275299,18.756329932581057,60.82079432873102,61.12054861427199,80.81145120438165,643.4944073120247,149.937380648675,394.56753536624296,502.8620685618176,83.78012219519822,0.0,355.1344405216834
2025,9,6,1,1870.539115085523,8005.856082051153,174.23695453219145,495.0031200667608,18.756329932581057,60.82079432873102,61.12054861427199,80.81145120438165,512.4122179565546,149.937380648675,396.77182826173816,398.2667473513918,81.57541526906856,0.0,308.52306632765755
2025,9,7,1,2212.7582980913644,7315.518425847139,174.23695453219145,495.0031200667608,18.756329932581057,60.82079432873102,61.12054861427199,80.81145120438165,246.2756229613132,149.937380648675,502.5776437198286,438.4956898775616,83.78012219519822,0.0,344.0365152782465
2025,9,8,1,1810.2618603664928,7132.115265560215,174.23695453219145,534.0491644384612,18.756329932581057,60.82079432873102,61.12054861427199,132.6903689147823,246.2756229613132,149.937380648675,401.1804140528676,434.4727912097866,81.57541526906856,0.0,341.8168910421737
2025,9,9,1,2239.980311078859,7119.7510147943785,174.23695453219145,500.0412932613517,18.756329932581057,60.82079432873102,61.12054861427199,147.65545773730932,13.90264760741728,149.937380648675,454.0833217819128,438.4956898775616,81.57541526906856,0.0,426.1613384228612
2025,9,10,1,2212.7582980913644,8238.716245400177,174.23695453219145,589.4693549156982,18.756329932581057,60.82079432873102,61.12054861427199,114.7322765463854,341.6081574585139,149.937380648675,405.5889592559204,412.346892688604,74.96119764434519,0.0,370.67156525300766
2025,9,11,1,2026.093305189602,8127.437945603964,174.23695453219145,146.73757302420142,18.756329932581057,60.82079432873102,61.12054861427199,114.7322765463854,164.84580899652394,149.937380648675,423.22330242029904,482.7475752229429,77.16590457047485,0.0,417.2829884312917
2025,9,12,1,2026.093305189602,8240.77693240817,174.23695453219145,146.73757302420142,18.756329932581057,60.82079432873102,61.12054861427199,115.72995624377704,164.84580899652394,149.937380648675,335.0517489505732,482.7475752229429,79.37065991979067,0.0,355.1344405216834
2025,9,13,1,2024.1488662557504,7599.896322172427,174.23695453219145,227.9785140693928,18.756329932581057,60.82079432873102,61.12054861427199,115.72995624377704,370.40650674436654,149.937380648675,427.6318476233519,424.41558869178607,77.16590457047485,0.0,332.9385410505513
2025,9,14,1,2136.9256639876344,8001.734665128999,174.23695453219145,382.9031601464329,18.756329932581057,60.82079432873102,61.12054861427199,70.83472532271867,370.40650674436654,149.937380648675,310.8046082755841,341.94621015412235,37.48059882218672,0.0,417.2829884312917
2025,9,15,1,2428.5897429144734,6991.987047311422,174.23695453219145,586.9502445402653,18.756329932581057,60.82079432873102,61.12054861427199,114.7322765463854,199.60244624632583,149.937380648675,379.1375256854361,343.9576594880098,72.7564422950673,0.0,361.7932152613854
2025,9,16,1,2216.647175959068,7560.742839962001,174.23695453219145,463.5143592650841,18.756329932581057,60.82079432873102,61.12054861427199,70.83472532271867,199.60244624632583,149.937380648675,260.10599344203405,400.2781966852793,94.80385051851528,0.0,430.6005379107485
2025,9,17,1,2712.47615416342,7618.442719773334,174.23695453219145,527.7514122780163,18.756329932581057,60.82079432873102,61.12054861427199,15.962768519932814,192.6511042113364,149.937380648675,357.09463731800463,434.4727912097866,77.16590457047485,0.0,441.6984631541855
2025,9,18,1,2216.647175959068,7871.909967731879,174.23695453219145,498.7817618517727,18.756329932581057,60.82079432873102,61.12054861427199,15.962768519932814,12.909593536368408,149.937380648675,328.43891085188613,339.9347608202349,77.16590457047485,0.0,439.4788879023708
2025,9,19,1,2216.647175959068,7698.810371202179,174.23695453219145,374.0862976105552,18.756329932581057,60.82079432873102,61.12054861427199,15.962768519932814,12.909593536368408,149.937380648675,407.79325215155467,311.7744701459532,97.00855744464496,0.0,286.3271668565784
2025,9,20,1,2405.2566077943666,7639.049804382856,174.23695453219145,358.9717304708725,18.756329932581057,60.82079432873102,61.12054861427199,15.962768519932814,337.6359411742126,149.937380648675,324.0303250608958,412.346892688604,90.39433981992158,0.0,403.965438951782
2025,9,21,1,1878.3168267923304,8290.233978375818,174.23695453219145,381.6436287368539,18.756329932581057,60.82079432873102,61.12054861427199,63.851002987010446,249.2547851744339,149.937380648675,297.57885090233486,400.2781966852793,70.55168694575148,0.0,472.7727126168341
2025,9,22,1,2012.482320710154,7884.274218497718,174.23695453219145,435.80424024823697,18.756329932581057,60.82079432873102,61.12054861427199,143.66477449388563,249.2547851744339,149.937380648675,304.19172958895945,301.71722347651587,70.55168694575148,0.0,443.9180384060001
2025,9,23,1,1814.1506942052813,7195.997292207242,174.23695453219145,338.8188950238668,18.756329932581057,60.82079432873102,61.12054861427199,144.66245419135836,41.70797928467412,149.937380648675,407.79325215155467,321.8317168152477,61.73271397175023,0.0,392.86746472408686
2025,9,24,1,1880.2612216972675,8069.738065792631,174.23695453219145,449.659323534798,18.756329932581057,60.82079432873102,61.12054861427199,168.6065891980433,91.36031821289458,149.937380648675,39.86089216540721,438.4956898775616,70.55168694575148,0.0,403.965438951782
2025,9,25,1,1847.205979965732,7264.000692870874,174.23695453219145,410.6132791632801,18.756329932581057,60.82079432873102,61.12054861427199,154.63918007298898,39.52326032836661,149.937380648675,39.86089216540721,362.06065934156027,66.14222467034394,0.0,395.0870889601596
2025,9,26,1,2014.4267156154067,7280.48636055824,174.23695453219145,311.1088235634769,18.756329932581057,60.82079432873102,61.12054861427199,169.604268895516,39.52326032836661,149.937380648675,39.86089216540721,271.54552761964067,66.14222467034394,0.0,408.4046384396693
2025,9,27,1,1814.1506942052813,7616.381989859796,174.23695453219145,439.58292958952376,18.756329932581057,60.82079432873102,61.12054861427199,163.618226257228,39.52326032836661,149.937380648675,39.86089216540721,311.7744701459532,66.14222467034394,0.0,419.5025636831063
2025,9,28,1,1814.1506942052813,7247.515025183507,174.23695453219145,118.39766452440556,18.756329932581057,60.82079432873102,61.12054861427199,164.6159059547007,39.52326032836661,149.937380648675,39.86089216540721,329.8775141507976,61.73271397175023,0.0,344.0365152782465
2025,9,29,1,1835.539434420136,7179.511581614327,174.23695453219145,283.39870454662974,18.756329932581057,60.82079432873102,61.12054861427199,55.869636500224246,39.52326032836661,149.937380648675,39.86089216540721,225.2821929403718,48.504278722303496,0.0,215.3002689553477
2025,9,30,1,1835.539434420136,7249.575712191498,174.23695453219145,308.589713188044,18.756329932581057,60.82079432873102,61.12054861427199,95.7765044804347,39.52326032836661,149.937380648675,39.86089216540721,327.8660648169101,52.91378942089721,0.0,344.0365152782465
2025,10,1,1,3405.421785052833,10816.19333055724,396.95971942951246,1513.9580152912993,589.2296012130327,4.45636167678013,4.464079155358356,115.0911066921481,4.02068143519715,2493.095280928664,180.6208041652637,632.3341732143704,71.02992249141231,16.085239957507177,713.014902346393
2025,10,2,1,4452.555476822758,13050.61148525784,396.95971942951246,1510.3099071890183,589.2296012130327,4.45636167678013,4.464079155358356,219.0443247255641,4.02068143519715,2493.095280928664,577.9865279958257,632.3341732143704,118.3831608453011,24.133060292545803,530.7999577180424
2025,10,3,1,3803.690631259338,11444.429992751726,396.95971942951246,1484.7732274079492,589.2296012130327,86.6262159399392,86.77623427649226,430.6633903451989,4.02068143519715,2493.095280928664,593.4682917816087,632.3341732143704,130.22143795350877,8.051586110279514,316.8956088455878
2025,10,4,1,3799.215670430178,9606.14132249984,396.95971942951246,2002.80226990178,589.2296012130327,86.6262159399392,86.77623427649226,426.95084268183535,644.3055066247782,2493.095280928664,288.9932639979547,801.9847747613962,124.302234438852,40.22170737999987,594.1791142961656
2025,10,5,1,3593.3688491095195,10974.0261637385,470.73101644661966,1360.7381674043077,589.2296012130327,86.6262159399392,86.77623427649226,159.64249754784305,285.1843727605539,2493.095280928664,288.9932639979547,1449.7418428380488,130.22143795350877,16.085239957507177,990.2985818419992
2025,10,6,1,4201.959391415174,8154.69792641633,470.73101644661966,1360.7381674043077,589.2296012130327,24.568400290596525,24.610947578428195,460.3643448787488,415.4538303059568,2493.095280928664,288.9932639979547,1326.3594742644198,136.1406414681655,16.085239957507177,1172.5133524254632
2025,10,7,1,3593.3688491095195,13610.763408870072,470.73101644661966,1780.2686758089326,589.2296012130327,24.568400290596525,24.610947578428195,538.3292379315563,285.1843727605539,2493.095280928664,134.17539947563262,1444.6009155181569,142.0597150617164,40.22170737999987,1109.1343698922267
2025,10,8,1,4201.959391415174,9222.390851325505,467.21811215362266,1422.7556974061283,589.2296012130327,24.568400290596525,24.610947578428195,345.27323818678866,285.1843727605539,2493.095280928664,129.01481154704427,1994.680251619296,159.81719568458078,24.133060292545803,958.609003552867
2025,10,9,1,4125.885573626468,10974.0261637385,119.43920625815343,1419.1075893038476,589.2296012130327,24.568400290596525,24.610947578428195,356.4111268455387,66.89513523908437,2493.095280928664,387.0445479731637,1408.6144242809294,142.0597150617164,40.22170737999987,1014.0656350251128
2025,10,10,1,4201.959391415174,10639.791878119344,484.7826336186079,1663.5297550760097,589.2296012130327,24.568400290596525,24.610947578428195,356.4111268455387,66.89513523908437,2493.095280928664,49.88572108713253,1408.6144242809294,130.22143795350877,40.22170737999987,934.8417763248668
2025,10,11,1,4014.012327358488,10757.392802256776,126.46501484414756,1802.157247487721,589.2296012130327,24.568400290596525,24.610947578428195,1017.2567305751191,454.1825397048301,2493.095280928664,49.88572108713253,1994.680251619296,106.54488373709349,32.17729417497406,760.5491827575067
2025,10,12,1,5616.037289639155,11497.040915068472,344.26592488642984,1663.5297550760097,589.2296012130327,0.8190977394609049,0.8205162439980705,968.992710166539,454.1825397048301,2493.095280928664,49.88572108713253,812.2666294005081,124.302234438852,40.22170737999987,792.238761046639
2025,10,13,1,12274.733310220074,14613.46633195856,119.43920625815343,2068.4679080053543,589.2296012130327,0.8190977394609049,0.8205162439980705,783.3618876378209,454.1825397048301,2493.095280928664,49.88572108713253,812.2666294005081,142.0597150617164,40.22170737999987,1021.9879860861032
2025,10,14,1,12274.733310220074,26949.18779718448,4524.638297353877,5005.181620703309,589.2296012130327,573.2619181316652,574.2546868730235,1020.9692782382522,454.1825397048301,2493.095280928664,49.88572108713253,868.816942819238,136.1406414681655,32.17729417497406,657.558270874289
2025,10,15,1,20414.631211206022,26125.981063294,6252.993883803774,8222.79834939365,589.2296012130327,1104.48465187284,1106.3973863542494,1685.5275115207496,830.9075829930612,2493.095280928664,49.88572108713253,1007.621980448592,142.0597150617164,56.310354467499785,831.8506903966205
2025,10,16,1,14879.142614133072,22276.09707334492,37563.631135349504,17270.06536012127,589.2296012130327,8262.615548623833,8276.924656169767,15477.8947920151,6629.656832141392,2493.095280928664,8705.92260210036,1393.1916423222615,136.1406414681655,32.17729417497406,942.7641273858574
2025,10,17,1,13899.132904544202,19831.235096915287,46567.23974410007,22231.46991440032,589.2296012130327,16953.266566553375,16982.626048805472,13432.243524095666,52607.71749747727,2493.095280928664,17798.889752174262,1007.621980448592,136.1406414681655,48.26594126243175,760.5491827575067
2025,10,18,1,9263.105324493918,14192.578688501968,14399.450469557294,8113.355644865289,589.2296012130327,3061.21876535221,3066.520150643258,2606.2562012787084,21723.30456466875,2493.095280928664,6135.946640357996,915.0852886959132,153.89812209102988,40.22170737999987,681.3253240574021
2025,10,19,1,6537.872938705288,15086.964897733356,5961.42167674471,4687.797677556854,589.2296012130327,2812.805303862147,2817.6764894282533,1900.859206693464,7316.211783478635,2493.095280928664,2889.9327533118426,915.0852886959132,142.0597150617164,40.22170737999987,1085.3671426642263
2025,10,20,1,9473.427020593068,14062.598684859138,4085.523496260247,5202.178535015087,589.2296012130327,1070.0889250356308,1071.9420933722115,1191.7496644448563,5650.875804559701,2493.095280928664,1501.732900536438,940.789925293693,130.22143795350877,24.133060292545803,1014.0656350251128
2025,10,21,1,6604.996834835675,13093.938131061775,2845.463524437336,3173.8396622655546,589.2296012130327,741.4188235413064,742.7028045785701,2023.3755724914884,5224.859613075259,2493.095280928664,1981.668257888972,1475.4464794358285,130.22143795350877,40.22170737999987,974.4537056749896
2025,10,22,1,4067.7115131037312,7136.521253293353,3681.537968244759,3742.941910454364,589.2296012130327,691.736097673695,692.9340387078348,2027.088202044405,2242.7463503048634,2493.095280928664,2146.8071849363264,1362.3459655016472,130.22143795350877,56.310354467499785,863.5402686857528
2025,10,23,1,4067.7115131037312,5982.175036776304,3653.434657184371,2739.716721452333,589.2296012130327,454.7878225134752,455.5754191073904,1886.0087703715808,3510.2324859601144,2493.095280928664,2662.86665778902,606.6295366162549,118.3831608453011,56.310354467499785,958.609003552867
2025,10,24,1,11509.520257559512,14090.451514397568,2504.7105038437257,2739.716721452333,589.2296012130327,619.1229152225573,620.1951055388001,3152.0106983163287,4172.141979628268,2493.095280928664,3086.0354345950577,1120.7223814801664,94.70647670778,72.39900155499969,800.1611121076296
2025,10,25,1,43532.12017615822,31235.43318062465,2912.2089361526264,7832.452551939058,589.2296012130327,657.3403708364858,658.4787457257969,2502.302983245498,4172.141979628268,2493.095280928664,4670.337855321341,848.253233541014,112.46395733064438,64.35458834993166,1069.5224405421038
2025,10,26,1,13183.144162849396,32501.190847758902,1626.4809783725243,6103.257158758947,589.2296012130327,1303.2154714192886,1305.4723657678549,1451.6327504732349,4115.809283186387,2493.095280928664,3416.313402021725,868.816942819238,106.54488373709349,56.310354467499785,1021.9879860861032
2025,10,27,1,13093.645548625876,42277.5440829454,10060.996866892883,5362.694599106113,589.2296012130327,573.2619181316652,574.2546868730235,2223.8568313420897,4115.809283186387,2493.095280928664,3705.306666019638,1141.2860907583904,94.70647670778,56.310354467499785,808.0836372136487
2025,10,28,1,24307.820370640213,40801.34259408357,39780.282336426986,29669.928560783028,589.2296012130327,7230.743995278135,7243.266118915219,11568.510449152032,10949.672178739069,2493.095280928664,27387.27391005414,4436.621180044326,183.4938798221019,96.53188252489748,1235.8925090034447
2025,10,29,1,32546.16672145833,43927.05228748647,27938.236088540783,21494.555385915923,589.2296012130327,8774.729554558202,8789.925535557655,6459.951264627594,34627.01790801991,2493.095280928664,13959.407573346498,4123.02461354839,372.90683323775465,104.57629572996552,1227.9701579424543
2025,10,30,1,28729.05137981285,72937.35152369375,32789.575712600345,15675.849351251116,589.2296012130327,9665.196387854508,9681.934469609916,14716.808599804996,17001.91863949453,2493.095280928664,42987.7504846738,14980.665257714283,1562.657385363582,160.88665019749928,895.2298469747437
2025,10,31,1,29923.857746330035,71188.81101427191,34553.06049541233,22847.9973371162,589.2296012130327,9026.964744824829,9042.59754397746,9556.272765319063,41323.569797781296,2493.095280928664,28078.793599143715,12847.179968465634,1752.0703387793276,160.88665019749928,1386.4178753428048
2025,11,1,1,28284.036988151813,60886.53221609008,26197.62718566628,20182.94908508416,1082.9635971505268,5502.726560373261,5512.256122251687,5879.752193229182,19156.293206150058,1890.648426313876,13407.821586402237,5244.274365158857,1061.8322248111017,168.7928056544073,1641.8848491143258
2025,11,2,1,22654.039152784622,51417.31329134183,17855.968855043753,14346.081751380632,1082.9635971505268,3871.015213576973,3877.718995530407,4912.099688529714,10539.4956092455,1890.648426313876,7847.730372790248,4395.935889817573,648.8974923713926,168.7928056544073,1586.362080569754
2025,11,3,1,15241.208541910106,28437.94844921524,13802.04523361928,11027.757267144603,1082.9635971505268,2892.7527680394387,2897.7624057525927,1919.760476685422,6057.912672044392,1890.648426313876,7309.160604657723,3691.557831015289,501.4207186936757,144.67947085123873,1300.817010494122
2025,11,4,1,11014.241894968509,28147.147111083475,11435.158168410033,8209.296295022308,1082.9635971505268,2216.3759279158144,2220.2142235896404,2895.185370575862,6909.696129813043,1890.648426313876,7493.8130933509265,2694.1174473004003,395.2375351888973,128.60409363840654,1221.498819443212
2025,11,5,1,8985.655343697303,20774.12130058615,8122.235643445742,7624.84051162908,1082.9635971505268,2124.663836759712,2128.34330643372,2444.391383312613,4350.811204953244,1890.648426313876,7586.139281031171,2771.239147404505,460.1272584417505,136.64187190614072,1197.7033969368738
2025,11,6,1,12399.400087778937,21816.159423369965,6294.912449909343,6252.13849760498,1082.9635971505268,2002.3810205771183,2005.848722202925,2086.8651655561744,3827.724275961778,1890.648426313876,3236.5475770008115,2133.699917940058,359.8431406872736,104.49075883520402,1134.2488789050103
2025,11,7,1,11456.598880655143,23003.59831456765,8186.983292703367,6740.466682514371,1082.9635971505268,2002.3810205771183,2005.848722202925,2001.3697033507824,4064.527121486633,1890.648426313876,4831.739875247136,2380.4892679513105,330.3478119359514,112.52853710293816,1316.6805094682811
2025,11,8,1,10259.107227859064,22846.080876165,7769.720519246775,5771.500582121224,1082.9635971505268,1990.9170091826047,1994.3648575584348,2250.083618886664,3767.639926692287,1890.648426313876,4339.3332009551095,2442.1866054542074,371.6412721877839,64.30204681920327,1300.817010494122
2025,11,9,1,5947.243765693038,19874.454646256243,6856.058922478576,5283.172397211832,1082.9635971505268,1024.118575039426,1025.8921324249527,2246.1974652359545,3255.156109028557,1890.648426313876,4231.6193153281565,2267.37746371212,283.15528593381737,96.45298056746982,1261.1579149685963
2025,11,10,1,8806.925301491032,19253.472593835388,6737.354886053785,5075.536815260578,1082.9635971505268,1241.9347915350131,1244.0855606701057,1791.5174062115482,2965.33762924654,1890.648426313876,4180.326913283864,2133.699917940058,247.7608914321937,96.45298056746982,1173.907974430536
2025,11,11,1,8990.123592601341,17832.786811880367,5215.784629848179,5848.40266090787,1082.9635971505268,1069.9746206174775,1071.8275910029126,1130.8710399192807,2965.33762924654,1890.648426313876,3908.477431782249,1948.607792528425,259.55902293270395,88.41520229973565,1150.1125519241978
2025,11,12,1,8163.496943029258,17414.759842782856,3996.3701724652456,4068.1196754741054,1082.9635971505268,611.4140809134378,612.4729211544492,1465.0803357714628,2756.809721389118,1890.648426313876,3344.261575960101,1588.7066382779824,253.6599571824952,88.41520229973565,1094.589957424513
2025,11,13,1,5947.243765693038,16727.13584049817,4467.589333089003,3441.367794908319,1082.9635971505268,263.6723459974783,264.12897089229085,1620.5265636900865,2756.809721389118,1890.648426313876,3769.988150261504,1604.1310008795265,253.6599571824952,96.45298056746982,1126.3171294180013
2025,11,14,1,6331.513515629152,14618.826056258462,4467.589333089003,4198.853178638186,1082.9635971505268,462.3818488609308,463.1825967069008,1053.1479669048608,2466.9912416067327,1890.648426313876,3046.765893436151,1804.647375989425,194.66929967975804,80.37760335463763,1054.9308618989871
2025,11,15,1,7234.100482617585,14446.162780370569,3636.660847967287,3660.5387040639175,1082.9635971505268,263.6723459974783,264.12897089229085,792.77559041662,2053.46982220803,1890.648426313876,2723.6240098902435,2077.143959368824,212.3664969305699,96.45298056746982,745.5901952722717
2025,11,16,1,8239.457260445606,12980.03935349485,4525.1427820476365,4514.151686277094,1082.9635971505268,263.6723459974783,264.12897089229085,1554.461951627795,1897.9574709892856,1890.648426313876,2333.8021396860486,2077.143959368824,188.77023392954928,80.37760335463763,1007.3400168864524
2025,11,17,1,5956.180263501116,13522.262653598144,5618.659002706786,3783.582014736206,1082.9635971505268,263.6723459974783,264.12897089229085,940.4494291442718,2463.456922910546,1890.648426313876,2333.8021396860486,1748.091417418526,159.27477525712123,88.41520229973565,1007.3400168864524
2025,11,18,1,10053.567692229552,15669.951813996631,2996.3783255430385,3083.773113163008,1082.9635971505268,263.6723459974783,264.12897089229085,827.750973273236,1378.404860694375,1890.648426313876,2333.8021396860486,1588.7066382779824,182.8711681792477,88.41520229973565,1007.3400168864524
2025,11,19,1,19883.722681115098,35608.019176389214,6269.732787221494,6263.673824809851,1082.9635971505268,699.3048629124924,700.5159114517744,1558.3481052785044,1378.404860694375,1890.648426313876,2328.672944814591,1429.3218591377745,194.66929967975804,88.41520229973565,904.2264033292046
2025,11,20,1,15321.637108230494,72242.93063807701,15769.654987760796,15787.995574766272,1082.9635971505268,1146.4013912221767,1148.3867166559055,2362.782156647484,1795.460676408852,1890.648426313876,2051.694155108806,1372.7659005665398,200.5683654300596,96.45298056746982,1300.817010494122
2025,11,21,1,20232.246353769224,48297.25719175376,12086.231952924738,13165.634934323678,1082.9635971505268,1215.185459589254,1217.2899045228455,1352.3818799004268,1632.8796101781463,1890.648426313876,2456.9038365920446,1136.259421321891,283.15528593381737,96.45298056746982,1245.2942419494086
2025,11,22,1,11041.051388391748,34787.11120814294,10115.0250602757,8259.282661620502,1082.9635971505268,1360.3962985608728,1362.752218042621,1243.5695776801006,2809.825278027428,1890.648426313876,2995.473491392235,1074.562083818994,294.9534174343277,120.56631537067236,1269.0896644557463
2025,11,23,1,19209.01658032604,36783.34133136564,7906.410094777077,9555.08259685743,1082.9635971505268,1222.8280779028785,1224.9457582395626,983.1972011918598,2057.004140904585,1890.648426313876,2995.473491392235,1069.4207048873318,247.7608914321937,96.45298056746982,959.7491718737764
2025,11,24,1,14204.574021754805,40057.88563562597,8151.012367925057,6836.594280998207,1082.9635971505268,1096.7239525633945,1098.62324715033,983.1972011918598,3028.956297212586,1890.648426313876,2990.344296520778,1228.80548402754,230.0636941813817,120.56631537067236,1110.4534563988136
2025,11,25,1,12305.566774746429,33911.67802625264,7532.312446397192,5763.810389628906,1082.9635971505268,1039.4038955908302,1041.2039239278802,1099.781810713605,2046.401029576849,1890.648426313876,1708.0353787447336,1105.4108090220818,188.77023392954928,112.52853710293816,1039.0671888797997
2025,11,26,1,15303.764112615334,42575.13482023984,9057.47976439486,8601.496881447862,1082.9635971505268,653.4487334106011,654.5803688046362,1896.4435547811647,2117.088490174076,1890.648426313876,2800.562612956117,1629.8382342476732,371.6412721877839,112.52853710293816,777.3173672656186
2025,11,27,1,15486.962403724645,49724.00130870317,15021.459691002212,10497.132985062124,1082.9635971505268,2136.1278481542245,2139.82717107821,4298.087247935974,4541.6672864706015,1890.648426313876,4775.3182783317625,1778.9401426212785,501.4207186936757,297.3968992928138,1856.0436516710847
2025,11,28,1,14941.835693249086,38579.64547253045,11697.745903947463,8090.098042129256,1082.9635971505268,1627.8899537152422,1630.7091157933492,1927.532783986841,4149.352089727369,1890.648426313876,2261.992844823968,2056.5782178356176,430.63192969042825,305.434677560548,1086.6580338924755
2025,11,29,1,10674.654720122458,28477.32782537257,8960.358252150392,7263.400772104532,1082.9635971505268,913.299770251346,914.8814128386474,1709.908097656635,3845.3961023014754,1890.648426313876,2190.183549961888,1521.8678089404805,407.03566668940766,160.7550273866731,1395.9987005193327
2025,11,30,1,12564.725469322757,29864.6925661632,7133.035135330052,5237.031165326192,1082.9635971505268,997.3691591696696,999.0963922083572,1367.9264945032648,1926.2324086567185,1890.648426313876,2754.3995191159943,1994.8808803327208,401.1366009391061,184.86836218987565,1039.0671888797997
2025,12,1,1,7304.76061663872,25015.10369178034,6936.641376595425,5656.529900208847,5642.12037582914,1154.0964620037928,1156.0951136772262,1208.2198773854857,2191.3161685373907,5753.867868332087,2296.448934999792,1326.3854419650686,390.4541015847456,179.60829146888776,1125.4171430971285
2025,12,2,1,6850.24222531081,27130.60708650976,5862.738686175425,4867.418168066433,5642.12037582914,1012.7005539689025,1014.4543377499938,1163.4709687742777,2191.3161685373907,5753.867868332087,2440.944603674079,1490.8983903808971,437.7818754108426,138.7881844707956,1283.926646446782
2025,12,3,1,7463.030474314679,24997.71598157658,6712.765860175858,5247.22431125456,5642.12037582914,1383.3871803875538,1385.7829152278528,1156.0128719322656,2187.7817722216164,5753.867868332087,1883.6041673597265,1336.6675224104015,396.3700570728695,138.7881844707956,1141.2681108365966
2025,12,4,1,6850.24222531081,22873.51869862977,6135.586962222395,3960.308422059964,5642.12037582914,974.4854482256346,976.173051503138,1014.3080492564004,2339.7601152214206,5753.867868332087,2435.784129077821,1064.1929551249657,343.1263277587413,138.7881844707956,871.8020073556941
2025,12,5,1,6927.348044584258,20963.769664909825,5303.0500485577295,5560.656566835661,5642.12037582914,687.8720712269718,689.0633205822284,1159.7418794084952,2562.4261516764795,5753.867868332087,2549.3163835128785,1496.0394306033957,372.7062351203739,155.11622727001887,871.8020073556941
2025,12,6,1,8193.50656179425,20291.44528983599,2616.5444652484102,4476.549761566187,5642.12037582914,737.5516919084205,738.8289758892735,1338.7374319635414,1841.4124080534048,5753.867868332087,1161.1259373213818,1007.6416255787444,431.8659199227187,171.44427006924212,1323.553891750495
2025,12,7,1,10113.035261159695,21925.88905550187,10228.310259052696,3480.941524395137,5642.12037582914,1146.4534240703397,1148.438839613988,1077.7023228074293,2428.119635016372,5753.867868332087,1568.8101170332304,1773.655038111331,384.5381460966217,163.2802486696305,1307.703098056055
2025,12,8,1,12129.960875449888,26188.77336886109,10662.0689762205,7750.994703998844,5642.12037582914,2587.1632630729528,2591.6436842122816,2979.529874218634,3099.6520630784703,5753.867868332087,5196.683371007368,2668.194004597969,384.5381460966217,204.10035566772265,887.6529750951622
2025,12,9,1,38934.37423211116,36459.10788171178,27582.1568137328,24657.89801505624,5642.12037582914,3695.401581400025,3701.801237579414,3628.3887215227,7524.696923083415,5753.867868332087,4082.002611710621,3285.117476479951,804.5721550431855,318.39647593968334,1727.7530469719195
2025,12,10,1,195191.32097191893,133711.40907362883,201421.4548843443,185127.8258748878,5642.12037582914,13486.113955561572,13509.469060713354,19051.837482184583,13176.171948891775,5753.867868332087,7131.893190988365,2930.386491438072,774.9922476814601,351.05256153816384,1386.9577627083677
2025,12,11,1,97701.17362401768,80302.19210449958,135038.88166442042,103322.01332289608,5642.12037582914,25795.20241924299,25839.874269629105,23690.805163597903,40136.42937391373,5753.867868332087,11864.126255066356,4981.657024154731,810.4881105313093,318.39647593968334,1743.604014711388
2025,12,12,1,48755.21909270028,44802.30565064024,46727.00711619093,36590.447484428056,5642.12037582914,7127.118899601903,7139.461566427791,9076.565355965986,14642.939977490318,5753.867868332087,6920.310332571697,3573.0151644332186,899.2277026952867,342.88854013851824,1672.2748339287386
2025,12,13,1,36487.279455224736,45350.01822401166,31863.77510631053,24462.46385027252,5642.12037582914,5422.724797401143,5432.11581309846,5936.685294131896,9097.496375435823,5753.867868332087,5661.133791268704,3125.745568286621,656.6728780768632,285.740569663873,1561.3182337974897
2025,12,14,1,54672.075220573926,89074.28650434382,30810.860774322853,26320.9326263344,5642.12037582914,4482.632977914049,4490.395952845226,4944.751699180868,6782.4769568045,5753.867868332087,5965.606779070348,2693.899205711469,828.235976995681,253.08448406539247,1252.2247109678458
2025,12,15,1,269606.5408756246,275742.8323467356,88199.93686673547,86592.10707110168,5642.12037582914,6913.114257085204,6925.086313003799,21680.83443002446,14883.277917904292,5753.867868332087,19950.72299955607,9366.95473731848,733.5804293434869,326.560497339295,2139.877686063008
2025,12,16,1,229410.0663454335,222449.5333573224,197157.3268521024,134845.9209764366,5642.12037582914,50764.95842015269,50852.87262181488,63450.18876390642,113527.84845619404,5753.867868332087,69295.99300177563,40562.71850203144,17103.07395783381,13078.75026756631,13972.608743345689
2025,12,17,1,94641.29059812738,108881.7742023781,67914.72093060963,51587.25789316601,5642.12037582914,11712.93267980773,11733.217008953552,16195.366983812211,22786.153539139126,5753.867868332087,16457.02423839903,8971.095543398547,4354.155062077407,3224.7854043630387,6078.837773925755
2025,12,18,1,59740.76750854495,78803.95199149313,41319.015352184695,38260.85686098097,5642.12037582914,7853.2060765723,7866.806173257033,9442.014557918552,11861.38226329304,5753.867868332087,9996.003738160076,5531.747198948101,2011.430322647457,1436.8665110737384,3130.561777419756
2025,12,19,1,46900.62155521611,59474.62609224772,32503.91900284668,24034.7210019314,5642.12037582914,5445.653827277505,5455.084551218839,6835.392064384047,9309.559222943926,5753.867868332087,8396.230320219953,2205.501400686818,1757.0435870526928,963.3536285413658,2536.1513574147693
2025,12,20,1,40435.90842627055,51899.38500516578,25693.20762341601,18263.88050896253,5642.12037582914,4937.392853752688,4945.9433768800345,6917.431702874667,8305.795093595936,5753.867868332087,6987.397522314078,4482.977251588024,1739.2957205883213,726.5971872751627,2092.3247828447447
2025,12,21,1,34904.5813087115,44631.32664380579,19631.079800634423,18149.569916201992,5642.12037582914,4329.77247101698,4337.270723788468,5589.8814571189205,6407.832577349637,5753.867868332087,6904.828568785914,4349.310544508195,922.8915246477824,604.1370456035563,2139.877686063008
2025,12,22,1,29900.82026867341,41316.07190734345,15734.247465597677,16254.22677523255,5642.12037582914,4390.916690560607,4398.520832225038,4631.5095026815225,6948.592807447815,5753.867868332087,5759.184395250315,4344.169504285361,928.807610057012,546.988895806275,1838.709647103169
2025,12,23,1,37274.57026632546,70452.06040057831,15734.247465597677,15258.6185380615,5642.12037582914,3527.255082560048,3533.363544465516,5824.813104493431,5439.412178299891,5753.867868332087,8349.785255527275,4997.080144822562,1762.9595425408168,702.1051230763277,3685.344952121171
2025,12,24,1,29835.88902074048,61810.37372791426,19102.873585592308,14274.072564202568,5642.12037582914,3275.0353342999247,3280.7070047945103,5295.284625559626,9404.987535370426,5753.867868332087,6796.456902279828,6575.375993182401,2378.2206022797072,2890.060885624098,2068.5485052805
2025,12,25,1,24815.895190231822,42724.47557282546,15300.48874842928,13580.834242366656,5642.12037582914,3592.2207791084024,3598.441747899037,4150.459021724708,6510.3296047881,5753.867868332087,5944.964540688307,4061.412856554591,1366.5894854678547,1167.4539842090885,2092.3247828447447
2025,12,26,1,21691.080916408595,38684.733396910495,12935.804200794337,11821.92629771531,5642.12037582914,2946.385374553266,2951.487892629794,3729.07372495314,3884.284629906398,5753.867868332087,5315.376326702979,3573.0151644332186,1413.9172592939517,791.9093584720897,1830.7841632335053
2025,12,27,1,19110.06551057591,33517.68868281726,14338.523892934823,10815.255720298826,5642.12037582914,2648.30748261658,2652.893792648852,3408.373349722229,5457.084082259175,5753.867868332087,5310.215738774384,4004.861527008706,627.0929707151379,677.613238200095,1561.3182337974897
2025,12,28,1,19162.822101118672,35331.8053435335,13656.403356248918,9561.526774907745,5642.12037582914,2522.197566524441,2526.5654807786023,3632.1178108884815,5351.05265850494,5753.867868332087,5671.454853793557,4143.669387213977,1402.085218396598,661.2851954008718,2179.505105411749
2025,12,29,1,19455.01250169023,30205.331975324087,14016.702933976509,9414.029238344214,5642.12037582914,2701.808580302756,2706.487542952848,3262.939437680581,5492.427890177009,5753.867868332087,5336.01856508502,3948.3101974624856,1372.5054409559789,669.4492168004833,2100.250266714408
2025,12,30,1,17884.48901256817,33404.66866584082,12120.75754746603,9122.721663253984,5642.12037582914,2885.241155009639,2890.237784193223,3609.743356582879,3894.887741234134,5753.867868332087,5196.683371007368,3819.784530605154,993.8832503474806,783.745337072478,2258.7597700640617
2025,12,31,1,17243.293315702555,28643.336946981828,10658.570954840006,8484.794888779665,5642.12037582914,2124.76034930086,2128.439986114235,3855.862190165413,3898.422137549908,5753.867868332087,5728.221094343421,3737.52799994577,1443.497036734571,1028.665799738259,4026.1402363847214
2026,1,1,1,9426.7291699756,18301.61223527813,5039.82841162117,5149.621145617955,8986.13742678773,880.2023401790316,881.7266649976906,1382.6423742788886,2597.42427922685,10381.83515516427,1421.9752461091716,1215.340071220738,227.6822220378176,204.3897451642668,304.1052537019083
2026,1,2,1,10535.256447632257,20405.432905267106,5907.253700609288,5574.862108198423,8986.13742678773,923.4342902144926,925.0334836530018,950.848749876004,2076.993182946575,10381.83515516427,1443.0155890984397,917.3641312987058,298.02306517291413,167.22798815525636,457.6341249994013
2026,1,3,1,17135.453398837923,28326.297427224777,8884.537589207825,10486.161432647848,8986.13742678773,1182.825914472953,1184.8743194990263,1843.0216686840324,3068.9663902719108,10381.83515516427,2209.2340499230004,1235.428327745685,262.85264360536587,144.93090946544746,369.0597824086269
2026,1,4,1,30539.71438836715,63354.70834196066,45109.61861799268,39416.56488704805,8986.13742678773,4394.094538760383,4401.7041837876895,6293.354859260993,8631.27081973433,10381.83515516427,8637.053153092567,5792.116599452968,1908.4582307566247,1449.3091354618805,2158.261535164135
2026,1,5,1,25413.306565932875,39411.03153347042,46390.60420045094,23680.313267468868,8986.13742678773,9191.110800202114,9207.027865704284,9795.8483160685,22927.355206941986,10381.83515516427,17451.1957024342,8579.363460650688,4644.346927158374,5990.477768070689,10519.67967026262
2026,1,6,1,18946.89742344887,32906.27844718702,25356.85577499879,16035.32215609767,8986.13742678773,4139.890719643716,4147.060137267856,5462.86671966776,11794.861011059476,10381.83515516427,6727.643711577712,4118.094462582878,2028.778111132721,2147.950444721411,3153.2466610750444
2026,1,7,1,26897.713821117653,39718.26262602813,26778.03131092537,24213.03271953444,8986.13742678773,4658.674044114469,4666.741885045273,7420.230966421464,7714.996674031869,10381.83515516427,14375.80162987793,18382.43713004445,6736.061573589512,3894.5537994848273,5339.556743463064
2026,1,8,1,234179.5746158696,177483.92837687873,154853.81008030384,195755.6988677444,8986.13742678773,24543.637867727488,24586.14227226514,52063.4819342576,55752.36350902276,10381.83515516427,51389.23886873128,31667.476832363784,11082.38543557497,6605.50508325254,9366.736972134671
2026,1,9,1,226258.4888626418,206493.86585454576,187129.0394664008,160991.0829599808,8986.13742678773,40714.113309915214,40784.62156756808,43838.33944815828,101840.47937734236,10381.83515516427,65842.18833304958,48275.45046938534,16681.887057248478,8948.554874693336,12162.733773953258
2026,1,10,1,209286.5537800684,201327.9076417749,133059.53122269985,136731.32051117992,8986.13742678773,21726.644560923138,21764.27052715684,33663.35523858181,49917.22700960486,10381.83515516427,23205.72440757963,16507.532317632442,5671.693501110537,3431.889712524355,6414.258810125656
2026,1,11,1,159077.91279453522,208902.88297814305,130981.2152895096,92291.30485970508,8986.13742678773,20874.1106794002,20910.26023675036,35923.125485116085,45301.1609370157,10381.83515516427,31490.352114045847,21856.03306221204,9381.24762096216,5165.486387042913,6620.932286977698
2026,1,12,1,85386.33166291457,116796.63677524457,60227.35149960214,38453.93152191078,8986.13742678773,11963.14287593138,11983.860516367598,15171.453602625754,24676.31906513195,10381.83515516427,22323.78415658629,15390.95957505985,6963.74379562733,4483.567876598903,4591.103532360108
2026,1,13,1,61635.815990650495,89526.31898441851,38385.75852693056,38453.93152191078,8986.13742678773,6109.537988043836,6120.118419338555,11471.86967578794,15803.75748863874,10381.83515516427,13956.748501051268,10173.032534657286,4187.131446780524,2816.8623565351663,3243.297248112428
2026,1,14,1,49902.84042330139,74358.05674918457,28956.232534015893,23939.663522894247,8986.13742678773,7271.612568018869,7284.205467404764,7460.852666870284,11003.17491221547,10381.83515516427,10886.614504615018,7769.136758758096,3096.848296872987,1928.6960212378744,2677.8976999773186
2026,1,15,1,36908.437205915,57665.8469788833,23241.740038664844,20103.149048429248,8986.13742678773,4985.5075149853965,4994.141362558624,6610.805939574301,10167.33106494483,10381.83515516427,8719.46110216175,6361.284149517778,2321.247945428126,1542.2135687917782,2239.454687942427
2026,1,16,1,32191.887201255933,56280.25522147915,20353.827204999936,18283.02430995932,8986.13742678773,4300.713552508361,4308.161481361513,5277.812314063646,8689.622174684542,10381.83515516427,7385.153842732602,5482.422503764631,1876.9899631075093,1265.3583484911017,1978.160361089367
2026,1,17,1,29068.04881186744,46983.97213686574,17036.582706174697,15479.237816964527,8986.13742678773,3977.33864371652,3984.226555427361,4727.162570441218,6317.718047569349,10381.83515516427,6657.509299128032,5060.568932919871,1804.798043013243,1077.691402142323,1718.342278682917
2026,1,18,1,39794.43066793552,79814.96880187922,18918.63268911761,17091.415069505754,8986.13742678773,3942.753060902096,3949.581077677597,6314.417972007064,6596.858352456692,10381.83515516427,6824.07854313668,4752.54886473587,1636.350202355225,997.7936082499816,1679.9600851734726
2026,1,19,1,44716.9714032499,131539.65871780415,27901.303214971085,29154.70637922422,8986.13742678773,5132.49609953338,5141.384500335175,7068.176217872896,11698.660107980802,10381.83515516427,11033.89675150468,9746.156918063223,4425.920089916497,2151.6666449067143,2382.6498805343604
2026,1,20,1,45986.8934449014,152763.0180792516,33854.11863891411,28079.92157410957,8986.13742678773,5959.090841416607,5969.410729982647,11977.38417781191,14649.346720960535,10381.83515516427,12438.338423383128,9967.127813366396,4303.74917323828,3164.324931475932,2958.38310737503
2026,1,21,1,39191.3238894548,143824.8321079504,30039.19985145021,23722.370091112785,8986.13742678773,6009.239877633326,6019.646613753669,11977.38417781191,14089.489009160045,10381.83515516427,12496.199299212924,8400.243105902418,3965.002455620215,3045.4072600782592,2379.6973916414245
2026,1,22,1,45513.327188069496,172287.4505798641,30980.22482368237,25720.06793540181,8986.13742678773,5862.251293085341,5872.403475977116,10663.949140004004,13446.046933413068,10381.83515516427,15468.145118219927,11480.443824508828,4568.452853145767,2671.931447069685,4381.47759903513
2026,1,23,1,36360.54442924439,108086.33083642728,32639.723288201512,21757.383079744613,8986.13742678773,6543.586693483289,6554.918805595028,10370.570188543315,18278.17075376483,10381.83515516427,23333.719695859105,15678.891349955536,7887.430181836204,5237.951862179288,5940.386061054399
2026,1,24,1,28798.349642155423,80531.16307551465,23490.57716374487,17663.854802664962,8986.13742678773,4805.662628662452,4813.985022821826,9904.172861925075,10302.958548909668,10381.83515516427,10393.920233089311,8935.93017940693,4288.940557564737,2883.753551797256,3184.2476971918645
2026,1,25,1,21369.94266378613,60640.49481176747,19418.05936949012,14701.18709555764,8986.13742678773,4037.863328193741,4044.85605589345,7399.167853675624,8624.962550168053,10381.83515516427,8372.295731655047,6973.976230877448,3346.74344242112,2136.801925780175,2695.612568495502
2026,1,26,1,23330.03977370686,53258.81064573924,15892.282332196257,12834.33258295204,8986.13742678773,3361.715770914658,3367.5375536445704,5754.74118006499,7192.988510360207,10381.83515516427,7606.077270830487,6034.849815549124,2637.7817395358747,1856.2305461014987,2441.699431454924
2026,1,27,1,19025.47118472605,50192.60387207104,14139.90802927638,10962.805119855217,8986.13742678773,2941.501313791552,2946.595373704888,5241.704120784832,5209.042095709169,10381.83515516427,6021.0394724536045,5013.696309852302,2304.5882527954127,1618.3952033061537,2159.7377796107444
2026,1,28,1,17347.81496883577,44513.91575075308,13260.216152066962,10680.089977361737,8986.13742678773,2666.5461601769643,2671.1640557522373,4966.379231983801,5579.652136135083,10381.83515516427,6694.329870477743,4752.54886473587,2145.395796933429,1458.5995747141671,2006.208908313252
2026,1,29,1,16207.433448833084,38399.81404798752,12222.810596444991,10673.08052918948,8986.13742678773,2395.049568641621,2399.197289378942,4772.297778060043,5579.652136135083,10381.83515516427,6261.249859161296,4412.722347495905,2069.501763577872,1406.5730985785833,1964.8742259107296
2026,1,30,1,16445.278376201062,37427.25479657231,12396.29564654654,9801.570214642004,8986.13742678773,2446.927885897961,2451.165448939642,3418.2410398033185,5749.975033445246,10381.83515516427,5025.130815670201,4406.026274241933,2106.5232621045893,1374.9855806365215,2111.0218749757405
2026,1,31,1,17328.7024051758,34802.565521201344,11472.79439925862,9866.991925353494,8986.13742678773,2429.635113479129,2433.8427290860227,3290.3579062442245,6019.652968617591,10381.83515516427,5056.691272391085,4329.021266386774,1828.862002825587,1360.1208615099824,2128.736743493924
2026,2,1,1,17614.82707099881,37798.69433487168,9758.116989221468,8795.3809306001,13320.408986990047,2188.4595955566497,2192.2495460303794,3279.7534121607027,4207.604648422934,15122.236212699358,5662.034713958906,4262.0828125498965,2045.7528556083687,1343.416262759058,2269.026261664729
2026,2,2,1,19418.188810763862,44181.28051328015,11762.297578780375,10913.480937247145,13320.408986990047,2319.8363060736115,2323.8537733026296,4250.498407334912,5335.20482020046,15122.236212699358,5221.907508401284,4283.845243633325,1784.711079093464,1332.2675805885392,2199.641605558756
2026,2,3,1,51154.36377553467,113123.35897305764,22794.05031739508,20469.50549532384,13320.408986990047,4008.718629006784,4015.660884234114,6140.814905871728,10807.614157123457,15122.236212699358,13629.9150649632,7345.647835646804,2938.108395155194,1780.072987905779,2463.8938354440133
2026,2,4,1,83495.22047759462,150831.14539143557,41104.97293107498,44840.52773426558,13320.408986990047,5301.742146980425,5310.923646242434,6339.305888677885,12222.239866843462,15122.236212699358,10520.968781604082,6508.632355587536,3108.433495942676,2307.777290913005,3379.180953879736
2026,2,5,1,73907.9171065642,128302.87831523016,30777.48642907304,32333.20584414683,13320.408986990047,4197.140498637951,4204.40906080534,5706.61588310641,8401.01569032229,15122.236212699358,8434.309978130164,5273.197520696379,2249.402423798424,1828.383957580496,2853.6290154224403
2026,2,6,1,118128.7396143508,191942.69580527552,48557.58148954679,59536.16288273947,13320.408986990047,7194.604096402371,7207.063633356501,10330.83556560158,12510.842437543271,15122.236212699358,10403.48463449688,6491.892043780482,5515.201530273668,5470.286949578326,7964.474109997724
2026,2,7,1,246105.45817816487,324617.6139491305,166550.20942621844,155300.02705948133,13320.408986990047,25971.103292907967,26016.079766509803,42830.63322999034,46220.5684716272,15122.236212699358,46446.570145555255,41515.96780358197,18448.802769024973,10829.087077451464,13227.375008583447
2026,2,8,1,249039.1260183948,238090.12575483744,184354.83123721124,154642.3629306609,13320.408986990047,42687.06233351136,42760.98732277846,62872.02001868676,67457.3015816623,15122.236212699358,34293.09772677194,23588.77023866027,13446.427943329676,9797.833956274371,16444.166317647185
2026,2,9,1,375233.8496497463,365268.281994899,172949.9224512732,191429.4298369884,13320.408986990047,38643.77091992684,38710.69378119512,46339.89183358802,63986.18546557427,15122.236212699358,27445.70054230574,15379.32240935776,8377.40418282942,5626.368499965656,10500.705187700649
2026,2,10,1,293484.3003907383,315412.65197082167,195186.8666119092,147908.91134252338,13320.408986990047,38234.08295556388,38300.29632368101,49092.40356311269,76853.44416384888,15122.236212699358,30780.84765885908,18036.00957328504,7857.171991358393,5304.914837516798,10028.29892465775
2026,2,11,1,191493.9388480135,188541.04580527585,96344.32428784172,68820.69617395654,13320.408986990047,23269.23730330117,23309.53471483211,30277.62902477116,38836.75851274793,15122.236212699358,28038.38177755939,16639.867730341353,7640.562851599238,5290.049914353672,9902.816006984442
2026,2,12,1,103022.38015619086,144042.64453498038,60943.55764124733,43312.21914068081,13320.408986990047,12935.42104805311,12957.822469230132,16364.651444902573,22984.11917351521,15122.236212699358,17024.680985768482,11721.56477583674,5459.660764821792,4020.958226602975,7402.015444397598
2026,2,13,1,83879.82369353397,112191.02369545076,44077.957568855374,32347.24852140999,13320.408986990047,11497.191698135844,11517.102409401145,10557.239349767284,18767.05215537692,15122.236212699358,14927.501182860073,9757.926469249984,4893.14457503614,3365.0440582310475,6384.865708472758
2026,2,14,1,65927.40045567392,93772.64314582202,34875.194806402484,25052.09087473706,13320.408986990047,7182.503610407123,7194.942191871499,9518.26308881017,15564.036768532913,15122.236212699358,12276.217065607389,8768.574155423561,4356.250170192445,2939.535974447541,5561.107334300452
2026,2,15,1,51412.90261391485,102482.89657206522,29016.820799062225,20982.06227317668,13320.408986990047,7051.126899890002,7063.337964599091,11417.883877119848,13236.291498137758,15122.236212699358,11022.46829131915,8011.912179390896,3715.679599366228,2653.3864790065254,4904.167370703832
2026,2,16,1,54993.98580603906,111622.32022486204,28507.01613639412,24005.913303137168,13320.408986990047,6392.514635919474,6403.585123088585,7519.396826087232,12345.250777042054,15122.236212699358,10370.168213304752,7660.365668207461,3800.842149760061,2439.7033972702807,4634.010065772703
2026,2,17,1,64978.7125138961,102472.32588956706,29877.006688525125,24881.23861545296,13320.408986990047,7013.096768495922,7025.241973037984,8896.428042667445,13964.894693515384,15122.236212699358,16824.782574142893,10792.477599220862,4561.751140598426,2984.130743936954,5792.881635222425
2026,2,18,1,83555.04764755999,173477.8042056424,30540.97911253089,33807.684309497046,13320.408986990047,7128.915722155433,7141.2615006990345,11051.916120137432,15535.649659387553,15122.236212699358,17606.841260096437,11493.89655732003,5587.404590412403,3264.7059186963443,6220.999819210149
2026,2,19,1,73939.96734033478,136706.58157293283,28026.99386030329,31296.390057388868,13320.408986990047,6594.76562697715,6606.186370208071,8369.186360031183,12862.52753073413,15122.236212699358,12711.083771447764,8745.137733599166,3952.653675615903,2644.095917332327,5397.241412617985
2026,2,20,1,144512.51988100295,212980.49476877105,73502.97247635506,82629.30382393107,13320.408986990047,15310.57387780967,15337.088562768482,31206.50481790664,35316.75344605913,15122.236212699358,24249.0795332198,18543.24093648093,7040.722235068153,3991.2283802766888,6108.8033284954745
2026,2,21,1,172169.76422666962,214120.01579943715,130983.0117392234,86264.01023797932,13320.408986990047,22098.947318688675,22137.21803478023,34982.48570407324,49702.72402482197,15122.236212699358,27205.47174837371,17436.70647676917,6638.9771020504895,3580.5852604636125,6483.775772228798
2026,2,22,1,119483.39762500396,133307.04575644372,70318.00719559434,46556.07171060851,13320.408986990047,13633.792040871904,13657.40289332216,19238.11860167764,27563.910721950386,15122.236212699358,19042.95348546145,14569.09144289526,5924.352109526752,3348.3210145716,5615.7292865813215
2026,2,23,1,82826.43822713195,124389.6066711662,46597.19853409725,32644.48465171685,13320.408986990047,9965.615693141546,9982.87403777533,13523.749166413523,18566.76511616406,15122.236212699358,14259.41968271154,9799.77723038577,4595.075608000906,2829.907273238606,5004.55371132648
2026,2,24,1,64534.28217362275,102637.2287245853,35663.55256669003,25550.605020195457,13320.408986990047,8824.712624790238,8839.995165925911,5529.8348191575205,19300.099513716214,15122.236212699358,11774.71755589232,8904.170677383998,4034.113502891888,2538.1834163086965,4337.279874504302
2026,2,25,1,53709.83843745264,96455.48579571224,29682.54511458048,21712.280189654568,13320.408986990047,7191.146825540014,7203.600375230148,12107.950189045476,11274.424858188931,15122.236212699358,10238.656105460108,7914.818363557573,3861.937040545528,2313.351652401899,3910.637999803045
2026,2,26,1,45836.15605123922,81324.59168705472,25754.77163763328,18760.982857613028,13320.408986990047,6261.137925402356,6271.9808958161775,6807.620561324471,7380.655789461715,15122.236212699358,9510.955762550446,7323.885441326744,3397.24565518352,2160.9863021998726,3455.9469618981902
2026,2,27,1,37321.46825949316,72834.2087388451,23069.099555032928,16710.75570133348,13320.408986990047,5759.83201734762,5769.806831654027,7083.647099686623,9804.60196293591,15122.236212699358,9465.36491903556,6913.74785720047,3443.529653498146,2049.4994804946514,3430.850384847528
2026,2,28,1,37680.43127929037,64811.05056820449,20372.91608488147,16989.26826195595,13320.408986990047,6312.997140245871,6323.929919882702,7572.120987554955,8464.098247447027,15122.236212699358,8602.645468469504,7047.670351656571,3002.905968401368,1911.9990942630548,3256.650589939502
2026,3,1,1,35516.2933594658,57911.51114452647,18131.665352511623,16555.046816883783,3657.976204662245,3214.775644972161,3220.3429583935904,5218.816223074468,8694.179721080221,6233.442437362437,7832.87321959625,5514.240606860182,2586.100552281139,1787.4860456068066,2995.299657776106
2026,3,2,1,30349.746721135973,59309.495681437285,15981.727843192435,12192.2138162287,3657.976204662245,3930.707375665384,3937.514531854488,5045.782624951712,7407.321268147733,6233.442437362437,8479.913799123071,5000.314714478856,2586.100552281139,1703.8718066852707,2825.5315464270425
2026,3,3,1,29632.2887337096,57653.75770983414,15254.56888766522,11932.22273235343,3657.976204662245,4157.246154052519,4164.4456276287965,5404.209339648928,7465.671480170117,6233.442437362437,7974.906519419788,5512.566579355848,2578.6958378734216,1627.6899681343082,2784.196734344663
2026,3,4,1,32540.328516031776,59361.92010803437,14998.74909218102,11451.011134522803,3657.976204662245,4022.360486025576,4029.326366072197,5404.209339648928,7091.914785943939,6233.442437362437,7115.692759364624,5209.567931940856,2543.523383451052,1584.9538088290317,2663.1446897306027
2026,3,5,1,33520.99596126254,64228.653914958064,18638.04838393569,6602.4053558624855,3657.976204662245,4344.010974829062,4351.533885686255,5404.209339648928,9463.771568135227,6233.442437362437,8650.003058930291,6152.044387508826,2784.176967616139,1763.3308056133733,2785.672978791132
2026,3,6,1,27191.23341000484,54995.40265593246,16789.487583610244,6602.4053558624855,3657.976204662245,3923.790175553064,3930.585352610408,4993.254595077268,8463.933007773823,6233.442437362437,7504.969199322556,5619.704192579813,2484.28558687503,1597.960489073892,2649.858489711966
2026,3,7,1,29982.5271004881,62946.43995348628,14791.990647368317,6602.4053558624855,3657.976204662245,3678.229039891829,3684.598956851012,4993.254595077268,6391.712414847064,6233.442437362437,6807.077199545993,5110.800419475197,2417.643035234149,1460.461571905844,2674.9546453026305
2026,3,8,1,26085.32926881665,57258.39020820945,13691.615117702877,7589.915401441777,3657.976204662245,3762.96491216294,3769.481573782115,4977.805154537805,7170.766423812007,6233.442437362437,7366.442899310768,4484.714794593194,2256.590273251926,1449.3130121572706,2590.808711851404
2026,3,9,1,26802.78725624303,49440.5983263015,13435.795322218675,9763.349701854158,3657.976204662245,3762.96491216294,3769.481573782115,4976.260227473791,7826.811912337274,6233.442437362437,7398.005859105823,4784.365386999515,2317.6792281013995,1466.0358517801308,2731.0519342701145
2026,3,10,1,27581.80229465266,53708.8199961617,13435.795322218675,9626.512277480697,3657.976204662245,3271.842678817388,3277.508820306008,4976.260227473791,8090.176313548011,6233.442437362437,7908.273600017927,5865.785978374152,2593.505307345997,1477.18441152867,2868.34263537589
2026,3,11,1,28849.02837042403,49687.42999174092,14026.28346025768,7589.915401441777,3657.976204662245,3738.754673793215,3745.2294083854695,5234.265629634066,8579.056364426839,6233.442437362437,7932.822560189861,6522.00406157048,2563.886368400845,1449.3130121572706,3108.9704477376845
2026,3,12,1,29050.680777246154,49390.35827235792,14790.23844802753,12691.6704039759,3657.976204662245,4195.290868600561,4202.556227598812,4565.305482902129,8579.056364426839,6233.442437362437,9332.113559555111,4991.944576957181,2554.630495719769,1492.0491306552092,3500.175193643749
2026,3,13,1,30689.371798541328,49942.99900676582,14970.714056642904,12680.267274060798,3657.976204662245,3889.204099038097,3895.939380305116,6083.984077768556,8315.691963216103,6233.442437362437,9379.457979993103,6714.517003989131,2915.6108719674,1523.6367302119122,3762.946672703272
2026,3,14,1,31642.44470052957,52210.35525734032,16374.21849464346,12684.828543974432,3657.976204662245,4435.664085189254,4443.345719903964,6950.696893506293,9206.715263319396,6233.442437362437,11203.09537892272,7744.042816256118,2921.164428101758,1594.2442888885882,4080.33919628367
2026,3,15,1,33784.20541906793,46371.58530322325,16801.752902038515,17278.004463803336,3657.976204662245,5286.481521886336,5295.636592964146,6949.151966442279,9213.023394349091,6233.442437362437,10931.30327861639,8604.491997638073,3202.544022823574,1573.805249080459,4434.637831026901
2026,3,16,1,38116.54793250109,49034.30905542245,19500.125996089533,14212.846337308134,3657.976204662245,5902.113623090508,5912.334839130893,7624.29188939,11501.297440399949,6233.442437362437,8948.097619314429,8257.968671873741,3258.07946219583,1610.9671285114482,4681.170621174709
2026,3,17,1,39530.23732860854,48322.210668565385,19819.024660013107,16593.817386804218,3657.976204662245,5807.001950651229,5817.058453333986,8103.224104375568,12900.12518447079,6233.442437362437,13938.55141955393,9310.93083243805,3446.899964192612,1610.9671285114482,5131.425144941337
2026,3,18,1,39929.29681737487,48376.81942080647,20122.153568347632,17738.690436760844,3657.976204662245,5851.963827334519,5862.098194505238,7116.005754369385,12130.533372049838,6233.442437362437,12569.069918587042,9849.967100621034,3461.7094336651885,1623.9738087563085,5380.910423982222
2026,3,19,1,43236.39608846338,50707.52182022143,21781.477801832392,18276.917639297728,3657.976204662245,5646.176687260949,5655.954674505535,8574.431616081338,11681.079140104675,6233.442437362437,13009.197778794714,10024.065777255368,3704.2141761036346,1616.5414083857352,5597.918325199679
2026,3,20,1,43688.52197846309,52147.00906148887,20954.443945622577,18596.204917967087,3657.976204662245,5791.43819343329,5801.467742970938,7907.016396413415,11189.045023710818,6233.442437362437,11634.455739601774,9325.997079977067,3450.602321396472,1568.2309692061715,5296.764490530854
2026,3,21,1,88839.55447502345,84739.7088822956,36901.127994392366,38392.01785564049,3657.976204662245,8214.192716593217,8228.417966006442,13541.422179231453,16625.07579540324,6233.442437362437,14924.01701878932,12936.870473153624,4592.7813280297605,1832.080284601066,6036.362893394278
2026,3,22,1,88185.77617820162,101107.05019882086,41472.59252562479,34939.15371585406,3657.976204662245,9473.125833381278,9489.53128944399,13737.629887193603,24309.954759578068,6233.442437362437,16377.666438215683,13176.256148930624,4661.275037943999,2142.381918679203,6709.530263744517
2026,3,23,1,64212.49044505852,86314.62591186387,27511.14013314726,28487.26954923721,3657.976204662245,6564.43695797158,6575.805178344095,9084.262678165966,13426.854021526318,6233.442437362437,12579.59087951273,9021.32440505774,4007.807954705836,1939.849681901428,6167.748616713899
2026,3,24,1,63263.66286794621,114750.505939949,23556.446576151186,25303.518988284588,3657.976204662245,5577.00453423086,5586.662729894794,8480.190113740045,11034.49584812377,6233.442437362437,10819.079438682413,8741.762105940406,3019.277036304008,1674.1423276248545,5408.959068465964
2026,3,25,1,58415.5147739078,121174.68193623412,22589.2375422502,24644.41876120298,3657.976204662245,5343.548517754488,5352.8024168337215,7441.988660923432,10391.066621657525,6233.442437362437,11834.354459297798,9526.880159917391,3509.840117972493,1609.1090488224652,5417.816535145056
2026,3,26,1,53849.68003116642,89377.08586398818,20882.60415743591,21519.96439504391,3657.976204662245,5137.761377680919,5146.658896834019,6950.696893506293,10719.089365920345,6233.442437362437,10803.297939530294,8567.663429306072,2991.509296289449,1534.7852899604857,5212.618557079627
2026,3,27,1,46150.80383528278,83782.96320265411,20896.62167520497,21567.85750479215,3657.976204662245,4665.661463632549,4673.741405300314,6508.843301835571,9375.4577337228,6233.442437362437,9973.893639364687,7705.540220419782,3111.836129029041,1479.0424912176532,5162.426278318157
2026,3,28,1,40555.4805709532,69687.34683500376,20377.97336383184,18698.83299746502,3657.976204662245,4665.661463632549,4673.741405300314,5921.765105013357,9375.4577337228,6233.442437362437,9510.970318890955,6814.95854395946,2637.9336344494427,1397.2863727924037,5268.715846047112
2026,3,29,1,38010.41508440395,62518.30719111386,16460.075800599185,16935.91092530378,3657.976204662245,4288.673260000375,4296.100337606199,6629.348836104017,8296.767570127751,6233.442437362437,10401.747038740796,7817.699916156753,2898.950244221465,1337.827373864301,5032.516767025004
2026,3,30,1,39984.4859038619,59737.62844380824,24500.8771725364,21665.92431437645,3657.976204662245,5800.084712561991,5810.129236047222,7048.0282839554775,10072.506073939434,6233.442437362437,9219.889719620758,9632.343782400729,3206.2463800274327,1324.820734426745,5478.342525032086
2026,3,31,1,34648.1267268294,54967.0060934837,23884.10615982145,19768.445452798296,3657.976204662245,5483.622142831204,5493.118619887565,8038.336522069553,12813.388417450116,6233.442437362437,11709.856158532257,7886.334970307752,3047.0447763186603,1269.0779356839462,5621.538236343875
2026,4,1,1,34117.730485795255,52273.3312795038,19093.83095975328,17105.568305605768,4075.983506085478,4292.223156677129,4299.656381955325,6430.77721915511,9809.336940235928,7954.066661350598,9930.811839143244,7903.131861193081,2954.7272680627334,1194.812776133095,5023.657582086206
2026,4,2,1,34262.501617526155,46547.781021426745,18067.130223530843,17743.721626598504,4075.983506085478,4769.521129647442,4777.780934352757,7536.697182082466,10224.104729088109,7954.066661350598,10911.091530278864,9411.439796728777,3108.773999128203,1215.2528361242275,5200.806818407893
2026,4,3,1,34237.32399765466,47181.51673170621,19778.88218368203,16788.677111522353,4075.983506085478,5111.930586318626,5120.783371988797,8399.097583298917,12064.538218914116,7954.066661350598,12936.53522266877,9967.220310416724,3303.652367887751,1235.6928553080222,5776.541893188128
2026,4,4,1,34839.48800946224,45482.05238093087,18988.708041773592,15348.461251331912,4075.983506085478,4959.748614015228,4968.337852604522,7263.707115531461,11545.68422465928,7954.066661350598,13480.160820281606,9955.502044359306,3307.364320166485,1202.2455437695385,5996.502218458661
2026,4,5,1,34732.48326190571,44227.73801644265,18629.53795977894,15223.890249085716,4075.983506085478,5172.457473459668,5181.415078933256,8056.308931191435,10853.35319831151,7954.066661350598,12691.0269056539,10452.691227759826,3348.1959985177045,1187.3800493039212,6099.83929729468
2026,4,6,1,49024.960966672894,60889.06747825246,21648.31854004176,19142.41380441748,4075.983506085478,5829.606902767629,5839.702552460071,7595.638191763129,11578.802570613583,7954.066661350598,14758.557753506762,11740.026209234971,3621.0256903868617,1198.5291803549856,6285.846000295459
2026,4,7,1,92584.28713110884,118534.8990331926,35950.29529249912,40424.38958037057,4075.983506085478,7370.449286891206,7383.2133506295395,13953.51467053438,21336.096390831528,7954.066661350598,18944.474720345683,16387.154795693616,4131.421425834817,1336.0348307307772,6643.096994251769
2026,4,8,1,84512.77186644288,97926.42651763484,44028.99364596272,40933.6009662912,4075.983506085478,8504.896651192565,8519.625338511103,15903.222071733806,22156.16956418647,7954.066661350598,24617.47070527615,21434.378345321064,8277.690742098664,2828.1571697176187,8163.628093340858
2026,4,9,1,64079.06071427098,72013.43231195414,27493.154318871973,26754.35895139549,4075.983506085478,5943.743363006642,5954.036672976856,9916.053706476425,13124.32508163655,7954.066661350598,14395.556162790124,13375.561007135237,4845.975431067633,1939.9448853783383,7387.123871094599
2026,4,10,1,58934.44015470261,64209.05332624937,21532.68331102486,21340.983099890724,4075.983506085478,5616.898005346116,5626.625288088495,8248.642836310151,11324.895274722148,7954.066661350598,12282.430890100552,11227.77066800466,4023.774321867145,1651.926251464694,6448.232824571899
2026,4,11,1,48850.81599072377,68564.06784486976,19933.0624890379,18720.620716067784,4075.983506085478,4447.863804990521,4455.566567047008,7957.039806814762,9240.016927988914,7954.066661350598,11572.21036308466,10238.414420479989,3793.632264160004,1464.2495929738388,5828.210448816208
2026,4,12,1,55625.685429142846,74217.25389495734,25217.24253856774,31064.079244771565,4075.983506085478,4684.783472459218,4692.8965294134405,6087.988567047627,9260.51873481066,7954.066661350598,10569.133478785276,10558.155585513894,3637.7295366266894,1328.6021039016375,5747.017036677917
2026,4,13,1,79699.6562244908,97093.14076811173,34997.18057962333,25132.750186563604,4075.983506085478,6804.954942745444,6816.739689542384,12666.118378364354,12679.593081613202,7954.066661350598,12555.997323594038,10338.856658957347,3695.265061217737,1323.0275383761225,5575.772745722244
2026,4,14,1,61915.8862326252,85374.51158038955,31708.58442650853,30028.17283136465,4075.983506085478,6068.255889252864,6078.764828658866,8974.54822124126,12152.853785035124,7954.066661350598,11544.152285115226,9372.93694354785,3463.267007042751,1237.5510574189848,5875.450238684601
2026,4,15,1,57247.54172240502,68252.6821473557,25748.11341866141,23388.755885899267,4075.983506085478,5094.63716829143,5103.460005408756,7559.963377267805,10878.586207307782,7954.066661350598,10237.697273920636,8586.1392372456,3002.9828509713275,1217.1109974278522,5527.056711407382
2026,4,16,1,54564.03044790242,65987.4605775909,24565.480293177563,22000.990950406813,4075.983506085478,6488.485613115214,6499.722301776564,8194.355058870677,9249.47929770391,7954.066661350598,10204.378272636352,9319.367732536795,3645.153481841205,1178.089120363853,5748.493281124384
2026,4,17,1,63533.54630154166,68353.5535843982,31340.654117382204,29805.25628922152,4075.983506085478,5399.001112898228,5408.351044177307,12452.069321494007,12651.20593783379,7954.066661350598,11896.632106220528,10278.591301165585,3515.234582887127,1166.9400301201265,5934.499984125163
2026,4,18,1,69708.34986314269,74366.36816866731,48512.4872425463,45199.61211088208,4075.983506085478,12980.429940217336,13002.90930730322,22441.023802334388,30254.392298264167,7954.066661350598,24377.223273067324,19909.33006121461,5109.525221911477,1479.1150466321185,7031.349121584898
2026,4,19,1,61546.61497646691,74750.1181681943,37066.35053786304,34241.733051257004,4075.983506085478,9547.689006285556,9564.223590038377,14958.61443167126,23980.8324147312,7954.066661350598,23228.59503709637,17564.00326337462,5373.075012755323,1672.366270648523,7970.240168107598
2026,4,20,1,59075.01501645544,72188.86093286479,29854.91647898641,29278.56121686546,4075.983506085478,7382.554671914798,7395.339699626968,11755.634475383094,15196.586958505704,7954.066661350598,16349.100967805794,13372.21291536286,4337.435692087614,1425.2277159098398,7307.406703402917
2026,4,21,1,52807.89365222268,62720.10328295658,25380.183109535083,25200.499331284853,4075.983506085478,7005.558455143367,7017.690604916531,10300.721550693725,13695.222195909371,7954.066661350598,15623.0977863729,13922.971309774435,4077.597894179552,1319.3111749615357,7122.876244848748
2026,4,22,1,49497.04074604099,59917.63167624581,26307.01706405684,23194.25022764883,4075.983506085478,7138.717652426115,7151.08040584572,10669.878552813923,14234.57803161964,7954.066661350598,16890.97294998672,14980.963126139615,4755.032213996929,1328.6021039016375,7360.551471057465
2026,4,23,1,46389.70670565902,56748.9529838141,25290.828600393004,23834.58901505478,4075.983506085478,7538.19532022819,7551.2498847186525,12303.165651919047,14688.772401357988,7954.066661350598,18132.54361255421,16186.270245211828,4634.393216068163,1356.4748499146062,7849.188188333396
2026,4,24,1,49555.78848010879,62461.346138808025,26701.2281315372,21631.648831624883,4075.983506085478,7723.234733615454,7736.609747345121,11575.709189574132,16082.896823768891,7954.066661350598,17804.614638554147,15099.819814218808,4638.105168346898,1315.5948115469826,7686.801364056956
2026,4,25,1,45584.0238736841,55643.752893034405,21084.15875836733,19129.301050807964,4075.983506085478,6090.737302306436,6101.285174778519,8982.303642289693,13753.573550859584,7954.066661350598,15773.91002284977,13280.140851170883,4328.155791062303,1267.2820055428815,8334.87238429653
2026,4,26,1,43565.62052377122,48931.41684801523,21446.83289273545,18770.88621922233,4075.983506085478,7093.754788341742,7106.039675563414,10029.282561556292,11704.967650229006,7954.066661350598,15391.618508343126,13700.32432820922,4419.099008133006,1213.3946340132652,7672.038919591851
2026,4,27,1,44744.77092751388,47468.781057898246,25409.967958741785,21557.343287663985,4075.983506085478,7742.257508636106,7755.665465800208,10575.262660678442,13824.541444941986,7954.066661350598,17387.25046882175,15558.506144438068,4617.689369828337,1282.1474592011612,9158.616396411182
2026,4,28,1,42522.84875743366,44431.67372537192,23291.7406131253,21297.27395110552,4075.983506085478,5580.581850275341,5590.246241096209,10243.331584446772,15105.117257601552,7954.066661350598,17711.67221195724,15735.954126041315,4526.746112100585,1284.0056613121235,9437.62646712228
2026,4,29,1,37682.45736062154,44552.28091106183,20584.824772906693,19367.51581297383,4075.983506085478,6095.92533531004,6106.482192361131,9638.410407684463,12573.92980881953,7954.066661350598,16489.391434671703,16015.518410389624,4042.33416457491,1172.514554838304,8892.892525718724
2026,4,30,1,39925.360880595166,39973.59493486622,20115.27559817473,19006.915514974982,4075.983506085478,5644.567451403449,5654.342651790917,9987.403403426571,12747.406840912834,7954.066661350598,17118.944958643115,15434.627337082506,4554.58589649071,1157.6491011800242,8439.685675159019
2026,5,1,1,38477.630306381936,44440.558552079085,23774.32744845095,18867.785340836755,1758.9557084853166,7677.30505199062,7690.600525198275,11351.646174129286,15656.86849320431,13025.601904841307,18932.49173290389,18605.089368794903,5109.514529095003,1172.4187392515985,8730.378647483953
2026,5,2,1,40719.23060886206,44827.09369255824,25461.605604615448,19659.76647562369,1758.9557084853166,8167.160335851868,8181.30413510077,13056.60632227024,17888.382313173744,13025.601904841307,22556.96710408644,21752.25225371778,5942.889509517016,1224.4436647090265,9340.058461455692
2026,5,3,1,43085.71705872154,44631.62990260146,29554.525437434382,21627.01366138484,1758.9557084853166,9868.5794241386,9885.669722419403,13398.514183139894,21509.269681165184,13025.601904841307,25920.17160545035,25887.08857217591,6696.630857479039,806.3862629753324,10171.171603145018
2026,5,4,1,46673.54760363494,41631.590241985024,34027.65228746894,24365.06601624192,1758.9557084853166,12012.7858691075,12033.589480738196,20345.043925908994,24690.16248546069,13025.601904841307,29939.183492711218,28873.545221080352,7792.981916452303,1447.4075959773922,11114.477669349606
2026,5,5,1,48790.2617587337,47535.035801603946,35997.019530852835,27048.060878250628,1758.9557084853166,14939.714852294186,14965.587287634917,20656.424305268563,22103.814355571307,13025.601904841307,31789.121310750124,30594.44067952537,7813.353317421089,1477.1361364694474,11713.823901875645
2026,5,6,1,45843.79560993347,38884.1160839931,33973.33699379876,28553.67202092443,1758.9557084853166,13799.624604895704,13823.522644372788,17637.25580629188,27435.79182433225,13025.601904841307,29425.409291111384,27952.83270390098,6948.495270166703,1436.2594034947228,11665.108580800636
2026,5,7,1,40960.53602838373,33130.0136532434,26787.94993586963,25248.103794525523,1758.9557084853166,8704.08358486943,8719.157221948604,14031.95956038756,27434.21479157492,13025.601904841307,21333.02721205493,21357.18286559779,5659.541989339837,1317.3452823338405,10370.461620784876
2026,5,8,1,39241.76409684192,35925.80464502984,25451.09298574933,21519.016254309223,1758.9557084853166,7785.386996823571,7798.869645165213,11031.107550316694,15723.10424998942,13025.601904841307,18978.08261492721,17311.069784288527,4603.933691647191,1181.7088928526227,9114.19646523856
2026,5,9,1,37730.43017513432,33762.52568420424,25939.930590307093,22389.34842625667,1758.9557084853166,8920.24747453549,8935.695461882637,13442.77903132905,18765.217409685378,13025.601904841307,20899.91377506761,17588.957541212352,4413.183441208933,1109.245621311502,8275.70219857661
2026,5,10,1,36741.9246699964,32350.35471313128,24527.733070305767,24034.72096941211,1758.9557084853166,9026.586162806308,9042.218306334726,13482.46479127156,19585.279015224365,13025.601904841307,23491.580243333232,20254.0018283707,5237.298686525654,1068.3688883367774,8048.363957912867
2026,5,11,1,39008.9255525583,33786.684101101506,26593.46615978093,23952.134730139544,1758.9557084853166,9528.644280579894,9545.145882884322,14996.628145996485,20261.82984325739,13025.601904841307,26809.19386267383,24194.65150777785,5583.61229971044,1114.8197379565054,8386.418846225402
2026,5,12,1,36399.016975774975,32607.312702204086,26383.213436154656,23526.49779283071,1758.9557084853166,9454.10564079424,9470.478157894748,15544.596541036975,25529.14862262461,13025.601904841307,27673.6671982338,26022.684395629323,6185.494187099387,1135.2580840401986,9303.152901432712
2026,5,13,1,33649.40525416873,32807.16897860918,22197.432002010966,20233.635127898702,1758.9557084853166,9454.10564079424,9470.478157894748,10321.343469294514,19544.27592109352,13025.601904841307,21976.560060102725,22940.808436321706,5666.949793686928,1140.8321598778984,9118.625133738104
2026,5,14,1,29208.538934137,26361.256443477112,17493.027152139282,18376.50297270409,1758.9557084853166,6664.47257160921,6676.014032567051,11650.81552690519,13824.34621206881,13025.601904841307,19479.58235569548,20459.90665995204,5183.592287966198,1055.3626569724292,8455.801297771672
2026,5,15,1,26217.62179300908,27909.593178097784,15846.04742601173,16460.078077679264,1758.9557084853166,6181.590313996662,6192.295524724108,8817.864699118256,14201.259153762776,13025.601904841307,16530.202792355405,17471.77594677989,4522.448169086048,1007.053809278326,7874.169739243819
2026,5,16,1,26274.77307537915,24854.64793050961,15723.400013516151,15812.09354548601,1758.9557084853166,5102.514046274975,5111.350524483737,10081.70270546281,11340.505800188965,13025.601904841307,14792.488698724068,14289.458631320127,4222.433150113534,929.0164210922017,7141.963451731258
2026,5,17,1,28755.56208997877,26482.04866900075,16630.990942942917,14848.58710655098,1758.9557084853166,5398.867775778872,5408.217476146181,5275.149824288776,9908.552056010309,13025.601904841307,13822.80563837965,13213.061960635325,3374.2426423115294,862.1272661960844,7025.341891136309
2026,5,18,1,24509.43344410749,27428.62049572408,15893.354307104895,14484.360487693488,1758.9557084853166,5468.598076243578,5478.068534785183,7850.143365358323,10766.462655531055,13025.601904841307,12821.559656748605,13149.449099287776,3344.611546894498,884.4236511614567,6659.238779800027
2026,5,19,1,26336.157772551564,28392.76212720332,16415.481929122587,16360.551029957973,1758.9557084853166,5871.290494018291,5881.458330899716,8842.286718305955,11982.361699754894,13025.601904841307,15251.904518771596,14502.059499392062,3759.447086018733,815.6764165763565,6579.522779228057
2026,5,20,1,24081.85718003105,26677.51245895753,18668.69034363082,17273.23513328742,1758.9557084853166,7386.181092173287,7398.9724000805345,10093.913698066614,14576.595028065354,13025.601904841307,17482.350892151386,18056.00989143786,4320.586212127154,810.1023407386567,7047.48523363418
2026,5,21,1,23741.0661932118,25807.80841638674,20376.99377600616,19723.294372696168,1758.9557084853166,8752.89476861096,8768.052936366104,11006.68556510886,17524.08570280691,13025.601904841307,22295.696272776608,22810.234658618265,5205.81561969328,841.6888793050532,7744.262173150373
2026,5,22,1,28474.039092930765,28801.259464860348,22745.84119043296,22668.87118235016,1758.9557084853166,9546.07684620188,9562.60863803344,14221.229979728088,20071.0078059572,13025.601904841307,25369.574021355817,25035.01096209339,6022.523101319958,897.4298825258052,8464.658634770905
2026,5,23,1,27000.80604134733,28296.128318576943,25193.53338102929,22704.87033299845,1758.9557084853166,10508.354848302548,10526.553102689471,14894.36108293863,23564.15482791889,13025.601904841307,29591.991358562456,29313.813241526947,6613.293363502552,925.300384136181,9531.967354122926
2026,5,24,1,26135.06993055523,24725.070826114243,25715.661003046986,21317.844580246023,1758.9557084853166,11866.3522799063,11886.902299443323,15807.132949980876,26792.358892008622,13025.601904841307,30712.475025715383,31389.60150151432,7204.063625685053,947.5967691015536,10569.751638424732
2026,5,25,1,27077.007735963303,28315.89434305078,24639.86786393523,21211.964751791544,1758.9557084853166,11193.454981060517,11212.83968438987,15729.287838150996,25142.773415118176,13025.601904841307,28929.17005006036,30505.717479139872,7113.318327361475,955.0288838208984,10479.702088827058
2026,5,26,1,25665.159381552283,24250.68680289434,21778.67863866276,20358.57334342252,1758.9557084853166,10673.96429766494,10692.449352691154,14178.491505614433,24431.52769325211,13025.601904841307,26563.70449200694,27057.23048899585,6166.974757545943,923.442345254536,10106.217852518152
2026,5,27,1,22583.22354836484,24250.68680289434,19868.88301762171,20657.1544417161,1758.9557084853166,9063.194588589333,9078.890130190495,15384.327229130566,21611.777399174724,13025.601904841307,25071.479769042493,26645.420899359924,5985.484201555837,891.8557658808016,9617.588267640913
2026,5,28,1,24856.57455313125,23664.29543302253,20051.102052460723,18539.55787262808,1758.9557084853166,9507.725201833637,9524.190576705503,15382.80085505506,21816.79280055938,13025.601904841307,26670.66771669726,27278.201494589463,6063.265862600576,837.9728015417289,9512.776468098273
2026,5,29,1,22223.38214929869,22693.56518940048,19656.87817161127,19291.30465465468,1758.9557084853166,9415.332566060377,9431.63793637268,12659.748994683136,21703.24581861409,13025.601904841307,27771.86296190393,28148.693370456305,6448.470306307779,852.8370717877565,9788.83002983702
2026,5,30,1,23360.05762886621,23620.370991651427,19359.02013685369,19549.65144505716,1758.9557084853166,9502.495394169997,9518.951712117958,12798.64906953272,22141.663349553062,13025.601904841307,28722.25756179404,30189.32716314308,6546.623368321306,817.5344554580016,9998.45359650244
2026,5,31,1,20553.294670522264,19656.18974656821,19867.130895238148,19420.47807229054,1758.9557084853166,9906.931106483918,9924.087821790185,13114.608537138936,23523.151768422464,13025.601904841307,29323.706527629507,27343.488383441352,6229.940850553551,839.8308404233742,10070.788504521786
2026,6,1,1,23300.483673433493,21067.62192166257,18152.29364515704,16794.15502367196,649.376469435816,8000.747255961886,8014.602862852911,11422.93593065484,20646.915239262074,10956.1642272161,25844.76633440636,26528.0922140295,5633.544703261509,826.1310070456851,9054.169581165752
2026,6,2,1,20723.817889193782,23193.12605377953,17666.947587433737,14553.00469234481,649.376469435816,9086.884124810504,9102.620691692286,11600.64664884102,20342.541994646937,10956.1642272161,27408.88405289269,28796.380512435026,6172.276686908328,779.7191692236152,8817.961035505114
2026,6,3,1,20438.7493867136,22628.738674890843,18360.7997488378,15698.389660225155,649.376469435816,9636.870651805611,9653.559679360078,12717.906191567849,23581.830381740663,10956.1642272161,30440.67734162752,31921.76376094069,6903.545231197353,764.8673860174102,9492.63175341728
2026,6,4,1,18337.197803696115,24266.526936533734,19075.67772515269,16165.640557656783,649.376469435816,9840.95368956655,9857.996145901338,13669.817524785787,27709.00556295238,10956.1642272161,32802.635437763536,33657.7157981151,6722.116595965755,783.4321048233235,9969.477772597958
2026,6,5,1,18929.43314996406,23120.71408144452,18131.2678302468,15377.92998227249,649.376469435816,10767.9749799513,10786.622841652395,12955.88401637731,27198.03697492369,10956.1642272161,31752.291766841445,33130.40154587027,6772.102016370926,740.7332026009618,10530.473129329275
2026,6,6,1,15749.48284880212,21844.985681475235,16598.13492544703,14437.225720028484,649.376469435816,8593.971695375712,8608.854641884864,11399.756248122894,24558.03270734561,10956.1642272161,30065.429363021856,32075.773004616567,6440.717038609346,725.8814193947908,10365.12713764079
2026,6,7,1,16905.225715891214,19595.955285093587,15920.052134845884,13920.35526303309,649.376469435816,8421.019969747007,8435.60340034286,10963.97865825954,21403.9057169557,10956.1642272161,29178.160759739847,31509.95645064369,6312.976465586486,636.7706385430213,10196.828527379364
2026,6,8,1,17400.228415163485,22075.000159709583,15862.231134221309,13874.870666765868,649.376469435816,8239.420623657767,8253.689562485466,10503.476119001807,21416.52222145384,10956.1642272161,27961.235059875493,29949.77586764736,5879.7692854555,657.1918863597614,9520.681500180874
2026,6,9,1,15630.151860497868,23386.93454584637,18474.689589224192,13628.840328159378,649.376469435816,8334.544106932653,8348.977779571858,11113.873791387108,18609.349191348367,10956.1642272161,25481.79281663227,29285.192499715515,5653.909151866801,610.7800077303535,9226.89711928658
2026,6,10,1,15077.693464698634,19093.33106184346,16342.320747836704,12378.01381864,649.376469435816,9496.779747210572,9513.22616686343,10886.71314043254,24638.46293650896,10956.1642272161,27580.726620061392,26680.42746696475,5405.833208113932,612.6364959338766,8933.112705972426
2026,6,11,1,16622.36705666756,17828.251431556728,13360.15823635908,12154.725800601482,649.376469435816,7770.721432772708,7784.178683450378,9503.660153857774,21556.880872959144,10956.1642272161,25946.46902087063,24532.668119492995,4804.156598406552,594.0717363206595,8348.496497917056
2026,6,12,1,14728.539827184628,19500.11588782037,11140.181775125911,10405.636146488368,649.376469435816,5415.1188021078815,5424.496645825453,7300.047255146856,15871.566987933917,10956.1642272161,16393.42698856011,18370.62434494169,4052.523605512236,584.7893769176859,7424.330483185903
2026,6,13,1,14814.72330352702,23425.270323559176,11490.61213907338,8528.36263016825,649.376469435816,4225.210867500443,4232.528041626666,5971.08013784678,9724.173500115572,10956.1642272161,15849.843481106309,16544.275594566614,3343.4708307302385,527.2386914891532,6498.688159168282
2026,6,14,1,14918.585480294294,18784.51533066017,13815.717713339303,8950.128931332654,649.376469435816,4583.220957021101,4591.158129118104,6556.752860837702,9430.839692606814,10956.1642272161,18227.582999376456,19267.89558751052,3850.730521675254,529.0951388853384,6120.754473143345
2026,6,15,1,12940.78457209413,19110.36915915384,13232.251109075303,10203.022900065414,649.376469435816,6094.819142312976,6105.374083671091,7167.150533222773,13633.713900807352,10956.1642272161,20566.74563524604,26506.330040290657,4335.7744431132405,488.25272486649976,6693.560239326691
2026,6,16,1,13420.318414198047,19638.55055187502,14649.742012626511,10618.586778719367,649.376469435816,7224.193961557229,7236.70474191731,8653.73932184108,17325.619520979195,10956.1642272161,23980.800863700835,25403.15514257334,5067.042987402358,512.3868674756444,7211.742788849457
2026,6,17,1,14220.27811400154,18416.06618837118,16168.857707485538,12386.283745234135,649.376469435816,8673.529484607725,8688.550208429102,10863.533491880458,20970.213257942,10956.1642272161,27235.288024327303,29037.438487829968,5540.979064743927,480.82681285974536,7856.887418291418
2026,6,18,1,15009.188643150752,18326.61611872579,15795.649367765069,13275.300943830169,649.376469435816,10254.308329769328,10272.066629164525,12671.546860483822,25527.926728750223,10956.1642272161,32181.89808849099,31633.83345658613,6412.9473470540615,499.3915724729625,8915.39705937439
2026,6,19,1,14573.851438029613,17562.03096715633,14527.091367929255,12845.264716071628,649.376469435816,10785.270182895763,10803.947996240806,12827.62326493962,30984.566430783187,10956.1642272161,35636.283737760656,34436.13208049079,6338.89483623994,484.53974845948767,9415.863962299118
2026,6,20,1,14286.573137924266,18867.576119690177,12273.824042707278,13370.405099661157,649.376469435816,9815.01094211538,9832.008471082909,12364.030056038022,31776.252287188083,10956.1642272161,34014.300637910266,33789.962868052484,6453.676244264644,449.2667582438463,9594.496672725958
2026,6,21,1,12582.791561551,16816.613704442545,11800.74303406196,11728.82453614001,649.376469435816,8974.465514544983,8990.00739610285,11620.735661728868,29014.81414216874,10956.1642272161,33814.40218777587,34489.700519467406,6679.536377853344,426.989063030921,9796.750266896988
2026,6,22,1,11208.275170273066,16145.738158598087,11865.57263965662,11273.978528599588,649.376469435816,9133.58109300885,9149.398529191169,11048.970748257298,27745.278009055404,10956.1642272161,33248.023220056006,33113.66138111737,6050.090076590772,419.5631510241665,9141.27150486947
2026,6,23,1,12116.516687725529,18767.4772333498,11863.820517273058,10126.526101505331,649.376469435816,8441.77415251727,8456.393524980627,10948.525581877986,28765.638083086626,10956.1642272161,31405.099709710667,30031.802516853088,5468.777874831542,393.5725202114989,9001.02267379164
2026,6,24,1,9424.93955606426,16275.653750490595,11863.820517273058,9715.097186148449,649.376469435816,7570.09741281464,7583.207225001316,9937.892442878832,25343.410328818645,10956.1642272161,28289.13865655196,26889.67914035855,4981.882591834677,337.8783229864892,8590.610280723708
2026,6,25,1,9424.93955606426,16273.52400595628,11732.409106743551,9152.742132885833,649.376469435816,7068.5374008960725,7080.778616921031,9451.119585424922,20700.53539203776,10956.1642272161,25686.95172797511,23871.43276980645,4322.815278115085,358.29952999589153,7703.351836055096
2026,6,26,1,8870.271362639869,16273.52400595628,10851.07669504757,8166.553274375128,649.376469435816,6617.133374978723,6628.592854431828,9064.791962310055,19153.436125331,10956.1642272161,24287.66253852555,24544.3862017329,4045.1183625622425,321.1700515767612,7616.249944771376
2026,6,27,1,9325.49706581105,16086.10479450482,10048.591137365613,7323.020716916096,649.376469435816,5930.514961191128,5940.785362359266,7766.731065732817,21056.951756671624,10956.1642272161,22900.647809907176,22296.186049561547,3934.0395963411065,278.4711493543995,7092.162190522598
2026,6,28,1,9623.824582203051,17732.412081297414,7359.037989212065,7407.787442069786,649.376469435816,5825.014424507948,5835.1021209965975,6082.342512060848,17503.827685978915,10956.1642272161,19441.001699429064,18621.72637507221,3291.634048766097,282.1840849541418,6230.000938884647
2026,6,29,1,7259.30279237959,17202.100944041915,7239.89162776054,6409.193738537655,649.376469435816,3227.279370367456,3232.8683376042354,5935.537980617644,13305.68467995327,10956.1642272161,18113.60581357182,17381.282361668214,3302.741933519657,256.1934541414741,5804.825517791611
2026,6,30,1,8434.934203152097,16982.73528250256,7096.2151681524565,6216.917922791997,649.376469435816,4019.3983208382288,4026.3590710394656,5289.598151003437,12596.006120103108,10956.1642272161,17449.031120690262,17669.212666022773,3204.622372953818,263.6193253409247,5832.875264555206
2026,7,1,1,10323.998224942903,14610.841681253383,6640.504778161055,4518.758470942059,164.14101173178904,4141.606898630843,4148.779288315047,5455.382253803751,14791.08585625117,3204.556414055307,17983.8368852648,17679.43517095049,3258.0811291367536,250.67075471930937,5734.91546325581
2026,7,2,1,13951.285334807582,14485.102931064865,7354.724847623675,4318.960750664151,164.14101173178904,3996.348050846106,4003.268882841015,6319.202740179818,15368.28358593639,3204.556414055307,17480.584029679074,17624.192153016324,3161.819638550721,243.24345526371607,5572.495084285081
2026,7,3,1,13951.285334807582,16584.93988527336,6307.782759409893,4092.5233313578015,164.14101173178904,3761.167044727006,3767.680592818952,5989.46479029667,15806.701532485113,3204.556414055307,17485.844529396323,16979.690424173514,2739.750022854001,271.0957976167982,5590.213681102677
2026,7,4,1,8057.238007987875,14344.69464983516,5844.410705897171,3774.5119662725615,164.14101173178904,3818.233015217159,3824.8453895347902,5673.659489190405,14947.213138255269,3204.556414055307,17698.017324835866,16947.883864827443,2867.4816106584512,209.82070973170343,5526.722072224767
2026,7,5,1,8864.609514866483,14267.155767205206,7251.946853113007,3702.9177611118826,164.14101173178904,3413.583302713232,3419.494909069366,5048.24106583261,16088.992231664157,3204.556414055307,16749.376956519292,15881.526506382155,2797.136701813712,215.39115371790365,5241.748181437757
2026,7,6,1,7174.543231395602,13992.626186915511,5849.636674965861,3453.1706444173587,164.14101173178904,2669.9962913702434,2674.620161845111,4998.70298937846,13314.973670962589,3204.556414055307,15683.25244109589,15031.119063633132,2719.387037904208,194.9661516277526,5125.100814527343
2026,7,7,1,8702.193678893416,11731.424485277395,4753.918554791782,3504.7850192192213,164.14101173178904,2794.5038806110506,2799.343371971853,5038.952678621097,12218.92880459023,3204.556414055307,15981.346462356389,15762.67033299248,2717.5358389737075,194.9661516277526,5287.521193498072
2026,7,8,1,6021.155364426306,14635.989421889764,6783.348792053578,2710.589118132581,164.14101173178904,2066.48028469344,2070.058992726172,4258.727745107218,13956.83015930964,3204.556414055307,16261.90556157688,14691.290892034189,2513.905786190067,183.82522284798048,5058.656133196499
2026,7,9,1,8259.669360942507,13716.00094590355,4621.526555993268,2718.9140100572304,164.14101173178904,2493.610498804002,2497.92890628588,4622.523103438674,13409.596259819522,3204.556414055307,16016.416344945208,15220.284465732291,2491.6916023098665,172.68429406820837,4962.680467976613
2026,7,10,1,7275.758907872917,13944.426319356948,5281.744624426903,2830.4677413256863,164.14101173178904,2113.1706449001654,2116.8302107897853,4286.592940721158,12849.745994367482,3204.556414055307,14347.089825886496,13999.916319542586,2245.4842993819493,146.68880718451933,4547.770254560991
2026,7,11,1,9702.581101491463,13942.330705645663,3682.588431358842,2607.360278789301,164.14101173178904,1743.1063633028396,1746.1250559032303,4285.044853532701,11988.680532745884,3204.556414055307,13708.817939662362,13281.75727021792,2269.549682192743,174.54110873029774,4831.267609121534
2026,7,12,1,6819.111479702096,13456.140896655044,3389.932393510923,2034.6068169845505,164.14101173178904,1741.377120240134,1744.3928181562371,3459.926037170313,9843.902129064236,3204.556414055307,12267.44567668613,12518.399404748798,2069.621986613053,139.26154853619582,4478.372468357215
2026,7,13,1,4740.659459849414,12747.812649369756,3384.7063859636214,2320.9835478866626,164.14101173178904,1810.547982053494,1813.6834693141343,3472.3105647788743,9148.426180625152,3204.556414055307,11950.063233479748,12126.67627022469,1877.099005441082,181.96840818592509,4177.156516979076
2026,7,14,1,6218.878998763842,14390.798856670002,3382.964383448052,2192.779987900185,164.14101173178904,1359.2079473197584,1361.5618088277802,3247.841082577757,7550.881676433624,3204.556414055307,10249.173793134783,12046.322839725495,1919.6762149282167,181.96840818592509,4287.897674143767
2026,7,15,1,4914.844592366216,15073.979363320366,3748.7844499974058,1839.8040318613275,164.14101173178904,1373.0421196824304,1375.4199390593596,3029.563881170737,9506.414937035828,3204.556414055307,11769.45332081765,11395.125000865344,1747.5162187060391,155.97292130220208,4011.7830331354144
2026,7,16,1,4914.844592366216,14325.83384435897,3396.900403573794,2292.6788704735004,164.14101173178904,1454.3179107957571,1456.8364827018434,3348.46532267405,8616.962712610883,3204.556414055307,11629.173751953193,10973.269334499502,1747.5162187060391,152.2592919780573,4042.790553251207
2026,7,17,1,4912.490733056669,14388.703242958718,3208.7643627521124,1863.1137741198047,164.14101173178904,1060.0438465521745,1061.879618931327,2880.949583849252,7713.317089467052,3204.556414055307,11299.516847915247,10419.165274708968,1647.552370916241,131.83424908056844,3651.505146398904
2026,7,18,1,7574.698218687769,13659.418529473514,2778.4903185589706,1863.1137741198047,164.14101173178904,1189.739278911848,1191.799656427102,3346.917269465459,7771.667682465501,3204.556414055307,9970.368232328972,9711.05039041031,1677.1713098613927,142.97517786034055,3719.4263639560727
2026,7,19,1,6360.110192223723,14629.702486729577,2200.1462529260034,1292.0252907003005,164.14101173178904,956.2875158552964,957.9436041518754,2887.14186464335,6243.513069842222,3204.556414055307,9263.710042323894,8510.770611036332,1245.845780826363,129.97743441851307,3564.388763377675
2026,7,20,1,6360.110192223723,11306.008414164256,2285.504260758404,1605.0417206308553,164.14101173178904,887.1166540420934,888.6529529941356,2885.5938114347578,6273.476865402902,3204.556414055307,8423.786321585905,8256.317989213292,1347.6608275466608,124.4069496249411,3207.0639490939566
2026,7,21,1,5823.43173008877,11054.53096079966,1829.1002173085549,1463.5183335645183,164.14101173178904,606.974530778974,608.0256826554529,2983.1219111340024,4846.253007300304,3204.556414055307,8644.726578045265,8251.295906700288,1107.0071214102434,128.12061975642368,3264.649348226002
2026,7,22,1,5423.276788428972,11917.936973343396,2151.3702594443203,1448.5334832306894,164.14101173178904,606.974530778974,608.0256826554529,2885.5938114347578,5014.996585997481,3204.556414055307,8344.87905687927,8115.699421503556,1306.9348169899326,115.12287631456216,3263.1728119995355
2026,7,23,1,5425.630647737519,14260.868832046475,2149.628256928751,1555.0922793439345,164.14101173178904,606.974530778974,608.0256826554529,2616.2304124054976,6273.476865402902,3204.556414055307,7645.234866496936,8219.489310590512,1386.535639172889,118.83650563874096,3136.1896266638564
2026,7,24,1,4444.074008344108,12324.49223898034,2125.2402601876124,1388.5941716344005,164.14101173178904,741.8577682802829,743.1425094772611,2616.2304124054976,4705.896191406475,3204.556414055307,8406.251361037093,8900.819681292736,1064.4299119230154,89.12738943087317,3063.8387355872896
2026,7,25,1,5157.291416670043,11723.04193640738,2125.2402601876124,1310.340052934317,164.14101173178904,624.2672652207328,625.34836446623,1560.4498670277592,6405.9484828756495,3204.556414055307,7773.239936021403,7158.154034658569,1082.9417385994502,76.12964598901165,3193.775025795901
2026,7,26,1,4119.242336397976,10893.16621336858,1945.8142319449648,1536.7774722401402,164.14101173178904,598.3281635580946,599.3643417500643,1558.901813819167,5371.408309650825,3204.556414055307,7503.201836235406,6331.183013733603,1057.0251975152978,102.12513287273468,3090.416614603542
2026,7,27,1,5154.937557361496,12659.795557146062,1940.5882243976632,1350.2996239113434,164.14101173178904,774.7139561243359,776.0555973092953,1558.901813819167,5000.803221912651,3204.556414055307,6542.287007087645,6388.100059172107,994.0849624212284,85.4137192993906,2675.5064011879203
2026,7,28,1,3104.731803581012,13852.217952698244,2193.1782428631327,1237.0809142586952,164.14101173178904,527.4280207051121,528.3414148024892,1901.0242233511465,4278.517543427551,3204.556414055307,6144.243799268755,5924.39363167048,1005.1920746899456,118.83650563874096,2600.202405238421
2026,7,29,1,4020.380519229208,10553.671620767853,1701.934187578729,1307.0100961643525,164.14101173178904,593.140358416302,594.1675524238734,1806.59226404872,3928.413985437589,3204.556414055307,6366.93755563399,5778.752981447403,712.7052457280828,98.4114627412521,2514.562558443657
2026,7,30,1,5324.414971260204,12322.396578256616,1893.5542334315487,1330.3198384228303,164.14101173178904,406.37895556647527,407.0827182122604,1605.3437498760368,3964.68598129644,3204.556414055307,5611.1815608114575,5525.974387128697,973.7219774714346,115.12287631456216,2415.6338207706963
2026,7,31,1,3102.377944271466,12980.429344270598,1834.3262248558565,1185.466494586528,164.14101173178904,406.37895556647527,407.0827182122604,2291.136690108086,2974.303002350812,3204.556414055307,5709.377247463975,5773.730898934397,749.7288990809521,118.83650563874096,2443.6882360135564
2026,8,1,1,4479.061786250109,14292.64914118558,813.0473521799564,1178.1604579772309,75.06450149422906,560.4939932964236,561.4646506847205,1292.371211485363,4166.52293470343,891.0399550289579,5679.583922777413,5058.943690624727,790.7517064441794,139.19062541452809,2471.005193642896
2026,8,2,1,7481.878458969009,12979.806151177469,1775.0994091159669,1120.0928841480904,75.06450149422906,771.5034595716761,772.8395408536995,1292.371211485363,2966.400313668847,891.0399550289579,5495.4665096891085,5343.530167776818,868.5305621491622,155.8935102580135,2165.268144361022
2026,8,3,1,4660.796490244339,13023.154740691933,2158.948424435061,982.5644221774272,75.06450149422906,1401.234964252522,1403.6616076903804,1307.3119059728112,3671.3343718188426,891.0399550289579,4909.797772213705,5360.270553110946,662.9721839225878,165.17289072662027,2354.3229428184823
2026,8,4,1,6475.347720486714,12162.375626194522,1770.2405257520868,1057.4410222707645,75.06450149422906,540.7118309107673,541.6482297658671,1325.2407529495565,4086.094229443977,891.0399550289579,6424.821074660384,5643.183039522072,822.233634877813,146.61412978940672,2351.368962605696
2026,8,5,1,7098.837607277922,12360.540593400778,965.2912612071138,1103.2838578844205,75.06450149422906,524.2267145778452,525.1345646881648,897.9365440152533,2791.3496083335854,891.0399550289579,6852.674897633719,6212.356067352994,812.9742656863252,172.5963542941951,2321.829160477977
2026,8,6,1,7096.041660673905,10808.248256265577,1292.4537400337974,1194.9694842414278,75.06450149422906,494.55352796473534,495.4099903739113,1148.9404356707075,3546.748714719305,891.0399550289579,6680.831945376602,7188.320352187571,677.7871827603035,168.8846021067728,2335.122071435444
2026,8,7,1,7685.980507638513,12841.503497247131,1170.9825409347854,1002.4296554305156,75.06450149422906,857.2260872890205,858.7106220833621,1253.5253650421137,2892.2797394387217,891.0399550289579,4979.937729935742,4478.052396736385,661.1202938214338,159.6052624454698,2228.7787513557105
2026,8,8,1,8200.429572032983,11324.302864239447,1229.2887180413609,930.6092623260696,75.06450149422906,619.8404044995597,620.9138373559119,1214.6795185990948,3447.39558173708,891.0399550289579,4895.7697729678375,4616.997561921741,668.5278135688159,155.8935102580135,2075.1717154515413
2026,8,9,1,3548.0208303369527,12261.458109797652,1240.626048426654,965.7553959137572,75.06450149422906,619.8404044995597,620.9138373559119,1198.2447648570458,2649.416556268608,891.0399550289579,4381.994493120346,4330.737020501945,498.155062663901,170.74047820050097,1942.242573456876
2026,8,10,1,5127.71491868724,10525.45031962402,1239.0064078124897,1000.9015743706948,75.06450149422906,619.8404044995597,620.9138373559119,1066.7665310403106,2214.1552727981584,891.0399550289579,3847.17725291267,2974.766029023849,648.1571444277312,150.325881976863,1869.8700582439697
2026,8,11,1,6945.062049901262,9708.019794641074,1239.0064078124897,1000.9015743706948,75.06450149422906,461.5832952988912,462.38266021850666,1175.833706135941,2718.806032226737,891.0399550289579,3506.9983867189894,3570.7236439786134,551.8595096827249,152.18175807059117,1754.6647651058786
2026,8,12,1,4171.510717128161,9705.955538035008,1551.592351982183,948.9463696495602,75.06450149422906,458.2862492459996,459.07990437719786,818.7507918743844,1971.2920896276764,891.0399550289579,3238.713016662403,3312.921753950364,544.4519899352501,124.34361666473684,1587.7648506643843
2026,8,13,1,3164.9799786448666,11646.320971208212,745.0234853016582,967.2834769730508,75.06450149422906,458.2862492459996,459.07990437719786,1068.260590295142,2338.7409298976954,891.0399550289579,2542.573862140908,3734.779405547181,525.9332108953195,128.05536885219314,1531.639194201732
2026,8,14,1,3162.18407767322,9652.285853541429,877.8320147865575,841.9797980876496,75.06450149422906,576.9791096293455,577.9783157624228,1066.7665310403106,2084.8385174262576,891.0399550289579,3126.4890612016334,2879.345836296128,490.74754291651897,105.78485572752328,1369.170250079346
2026,8,15,1,3100.6738455956825,8748.158149529554,550.6695359605086,1451.6893008592638,75.06450149422906,576.9791096293455,577.9783157624228,1147.446342436011,2084.8385174262576,891.0399550289579,2880.9991899199103,2807.362175683242,355.5605006475455,120.63186447731454,1400.187042313388
2026,8,16,1,2762.367683252148,10120.86349982602,691.5761146023319,501.2148501501724,75.06450149422906,573.6820635766114,574.6755599212718,1259.5016700211695,1759.9695616049366,891.0399550289579,2731.9517749468373,2639.9583591063406,496.30317256274697,109.4966079149796,1431.2038345474296
2026,8,17,1,3883.531091707842,11772.238320564353,472.9279408324657,485.9339049456904,75.06450149422906,428.6130246559734,429.35529202026,1063.7783785510137,1841.9753342557765,891.0399550289579,1693.8802158177375,2643.306450878379,498.155062663901,131.76712103964945,1447.450758137682
2026,8,18,1,3687.816791588644,11621.550362059812,759.6000199586488,1217.8909244828808,75.06450149422906,425.3160165801555,426.0525742217933,1156.4107659244992,1581.764756120589,891.0399550289579,4367.966532382907,1886.641129364053,337.04172160752194,128.05536885219314,1370.6472401856684
2026,8,19,1,2552.673787005984,11972.467497362775,735.3057570519163,644.855681228552,75.06450149422906,425.3160165801555,426.0525742217933,1498.5529856986077,2083.2614846689257,891.0399550289579,1742.978213179214,2752.11893716819,524.0813614513065,128.05536885219314,1404.6180126324964
2026,8,20,1,3232.0820126666954,9487.148380869065,762.8392627089586,1410.43075329432,75.06450149422906,425.3160165801555,426.0525742217933,738.0709464988189,1996.524613745723,891.0399550289579,2577.643821747714,2562.952615980451,520.3775812489986,102.07310354006698,1246.5800388293603
2026,8,21,1,1839.7145215196688,11018.798528044576,676.9995799453412,965.7553959137572,75.06450149422906,524.2267145778452,525.1345646881648,736.5768872439875,1952.3676965396933,891.0399550289579,2582.904321464961,2536.16799209324,357.41235009155844,111.35248400867376,1327.8144946804823
2026,8,22,1,3388.653471015003,9798.845392857254,477.7867857181451,964.2273148539364,75.06450149422906,445.0981789659692,445.8689951408043,736.5768872439875,1953.944729297025,891.0399550289579,1877.9976289060423,2432.3776250801384,494.451323118734,124.34361666473684,1228.8561575526437
2026,8,23,1,3385.857570043356,8104.121982604462,759.6000199586488,1010.0701504675924,75.06450149422906,306.62319417388323,307.1542008794104,1089.1775897614154,2261.466290152906,891.0399550289579,2630.24881892094,2216.426680005188,444.45061564507705,128.05536885219314,1230.3331476591077
2026,8,24,1,3033.571811573854,11685.54114153542,1239.0064078124897,664.7208696113364,75.06450149422906,346.1874429913631,346.7869666317485,614.0630769157405,1917.672941243234,891.0399550289579,2842.422191992928,2167.879551507476,385.1905389800251,120.63186447731454,1214.086224068855
2026,8,25,1,3030.775864969837,11503.889898090622,759.6000199586488,909.2159031439104,75.06450149422906,356.0785431726494,356.6951961125173,1002.52147338689,1518.6834111921546,891.0399550289579,1946.384125231387,2824.1025610173706,375.9311291314892,120.63186447731454,1224.4251548135355
2026,8,26,1,3740.9392294845047,10880.495874114238,1203.3748529984828,858.7888243518464,75.06450149422906,329.70232665844105,330.27330155404616,857.5966043375381,1310.5149833181324,891.0399550289579,2221.683494911096,1997.1276799215675,279.63349438648294,111.35248400867376,1224.4251548135355
2026,8,27,1,3740.9392294845047,11991.045477730297,787.1334871370783,785.4403053183296,75.06450149422906,184.6333257148768,184.9530716958764,880.0076970385078,1313.6690488327963,891.0399550289579,2414.568407528397,2095.895927657959,305.5597931738884,105.78485572752328,1211.132243856069
2026,8,28,1,3782.878017860412,11301.596464686132,458.35140617542703,840.4517170283557,75.06450149422906,184.6333257148768,184.9530716958764,751.5175817314357,1313.6690488327963,891.0399550289579,1893.7791280581607,1165.1306427856862,396.3017982725739,128.05536885219314,1103.311933669872
2026,8,29,1,3780.082071255397,10692.652001888557,1221.1906304057832,838.9235910992849,75.06450149422906,184.6333257148768,184.9530716958764,518.4425710325918,1313.6690488327963,891.0399550289579,2163.817998020623,2382.1564690780906,324.0785722138192,118.77598838358637,1188.977392260244
2026,8,30,1,2759.571782279503,10494.487034683758,681.8584248306088,837.3955100394644,75.06450149422906,181.33627966214257,181.6503158547254,776.9167929418377,1313.6690488327963,891.0399550289579,2288.316452821761,2407.2670286972625,190.7433793888586,109.4966079149796,1197.8393328986024
2026,8,31,1,2756.775835675486,12507.100132716603,481.0260284681266,707.5074982361006,75.06450149422906,181.33627966214257,181.6503158547254,851.620333338578,1312.0920160754645,891.0399550289579,1727.1967140270954,2084.177661600541,331.4860919612939,122.48774057100869,1335.1994776323768
2026,9,1,1,2539.289055661556,10550.856580085832,740.4060165816846,691.589269284742,70.47071845287935,119.41548604748466,119.62228848461224,796.8827988361546,1794.6657369023906,477.66367937453566,1859.7184465679588,1368.3164434189823,288.76735512021605,128.1595091321361,1202.753815014711
2026,9,2,1,2929.704752132979,10926.768572505198,615.5995321835753,644.3377956402794,70.47071845287935,119.41548604748466,119.62228848461224,963.9960907440334,1890.8648736380603,477.66367937453566,1313.8393888144528,1555.52393000745,372.0656149982636,120.72996527391618,1304.7071436483093
2026,9,3,1,2726.561624029625,11388.38071022118,956.2875031084328,833.3435556093256,70.47071845287935,119.41548604748466,119.62228848461224,700.9474018453927,1155.966604316899,477.66367937453566,2390.3400334268786,1613.3880775992805,148.08583147840116,115.15780738024272,1139.2176610645556
2026,9,4,1,3015.4057564493714,9806.82349618042,799.4360913148423,833.3435556093256,70.47071845287935,119.41548604748466,119.62228848461224,724.1575982670134,1201.7006235487363,477.66367937453566,1913.967308987032,1775.0672605357508,409.0870728679335,124.44473720300914,1078.636719286896
2026,9,5,1,9065.261886274007,10957.932270251684,752.2120161372276,776.0690978479613,70.47071845287935,117.86465876007956,118.06877549141456,697.8527225811534,1200.1235907914042,477.66367937453566,1585.0836624017652,1996.312448563065,270.25662618538115,122.58735123846266,1328.3484844088457
2026,9,6,1,3434.388423939011,11211.137232173756,634.1518281928936,776.0690978479613,70.47071845287935,63.58486820770057,63.6949837893979,676.1898997715173,1200.1235907914042,477.66367937453566,1635.9419372247246,1783.5766583226002,218.42659329930865,117.0151933448232,1190.933128424443
2026,9,7,1,2202.833244035954,12642.719238956784,379.4791562956472,776.0690978479613,70.47071845287935,66.68656075947445,66.80204781852498,676.1898997715173,1200.1235907914042,477.66367937453566,1451.1567808975497,1696.7804920800752,294.32058599772535,96.58398854204766,1177.6348681678562
2026,9,8,1,3050.3209787409232,11986.334013827112,362.61341516076095,774.6372173342456,70.47071845287935,62.03404092029548,62.141470796200245,676.1898997715173,753.8226970431991,477.66367937453566,1264.6763500269092,1017.7279163953672,253.596974209716,104.01349159292982,1060.9057056114937
2026,9,9,1,3072.5397441171745,10063.923932073183,529.5842716354272,774.6372173342456,70.47071845287935,125.61890912799603,125.83645458559816,1002.6797514465808,1215.8939183650914,477.66367937453566,1256.1999773076948,1737.625733807094,236.93732223414355,100.29876047117465,984.071291404751
2026,9,10,1,3282.031077861495,9335.472697041014,406.4643421114651,774.6372173342456,70.47071845287935,147.3307949673767,147.5859408322194,677.737239403637,640.2761653424559,477.66367937453566,1612.2080936113014,1616.7918293616822,294.32058599772535,113.30042141569623,859.9541956769356
2026,9,11,1,3215.374736100371,10418.410888168031,639.2115697726797,774.6372173342456,70.47071845287935,147.3307949673767,147.5859408322194,676.1898997715173,1450.8721109191831,477.66367937453566,1181.6078203628847,1584.4559854215129,194.3626334869644,111.44303545114975,1053.5177724400407
2026,9,12,1,3980.335569308933,9460.127441015977,737.032868355094,823.3205266226469,70.47071845287935,147.3307949673767,147.5859408322194,614.2960766272139,766.4389591022223,477.66367937453566,1725.7916035725475,1380.2296664956425,346.15061888379785,104.01349159292982,899.8489764465552
2026,9,13,1,2342.494133199167,12603.764640278438,632.4652733189046,804.706349163532,70.47071845287935,147.3307949673767,147.5859408322194,651.4323637177769,766.4389591022223,477.66367937453566,1608.8175060148112,1407.459827646988,199.9158643644737,94.72660257750115,1019.5333187555552
2026,9,14,1,1441.0465136473772,11949.327128629351,772.4509054991473,615.7005891944858,70.47071845287935,147.3307949673767,147.5859408322194,716.4208661263195,663.9316913372243,477.66367937453566,1344.3543691116747,1443.199460112592,227.681937438202,94.72660257750115,769.8215536336056
2026,9,15,1,4018.424894420468,10574.229329889478,726.9134236741342,776.0690978479613,70.47071845287935,145.7799676799716,146.03242783902175,635.9588994368501,742.783433107454,477.66367937453566,1552.8734075607,1477.2371615517743,225.83090113608043,117.0151933448232,1041.6970858497727
2026,9,16,1,2498.0255820966668,12356.402818795204,747.152313036054,923.5508613571036,70.47071845287935,145.7799676799716,146.03242783902175,574.0651102724119,1447.7180454045194,477.66367937453566,1039.204566139832,2231.1727171663874,220.2776702584784,113.30042141569623,885.0731425237907
2026,9,17,1,2571.030175131127,8897.233309128676,870.2722040809674,843.3665845954773,70.47071845287935,145.7799676799716,146.03242783902175,574.0651102724119,580.3488512946311,477.66367937453566,2447.979444933637,302.93574500879544,181.4051354296388,117.0151933448232,836.3128549163993
2026,9,18,1,885.5770598162109,10128.19904104674,478.98704823076855,509.7428221451015,70.47071845287935,183.0003922320124,183.3173103166051,572.5177366604271,596.1192135023723,477.66367937453566,1054.4620755428452,1118.1391999772698,236.93732223414355,107.72826352205676,726.9715931113485
2026,9,19,1,2644.0347225332166,10656.0340482293,1038.929615430101,662.9520179691714,70.47071845287935,183.0003922320124,183.3173103166051,444.0881054550958,596.1192135023723,477.66367937453566,929.0116052662712,1097.7165423503916,196.21371044613417,111.44303545114975,608.7648244686671
2026,9,20,1,4977.006501639064,9851.621282308584,1354.3189554132523,1023.7811960915606,70.47071845287935,235.7293175201183,236.13755098278824,769.0305835181748,1427.2166195588368,477.66367937453566,825.599704059278,1574.2446933716103,198.06478740530392,115.15780738024272,729.9267728639861
2026,9,21,1,6837.035728408449,11622.1083963103,1560.0809972590407,1023.7811960915606,70.47071845287935,210.9157011519514,211.2809626642593,1030.5319667645606,1460.3343420975966,477.66367937453566,2232.679308309617,835.6261125957235,190.6604795685321,130.0168950966826,766.8663738811094
2026,9,22,1,4475.496932653015,9479.604763861367,608.8532357298001,1035.236060722178,70.47071845287935,245.03439517543464,245.45874307016425,699.400062213273,2234.658464986846,477.66367937453566,1257.8952518515375,1914.6218915819543,309.129161014128,133.73166702577558,758.0008670433376
2026,9,23,1,2107.609885625243,11312.419226345071,927.6157239401364,1075.3282215376162,70.47071845287935,243.483567887928,243.90523007686485,521.4553589006915,1983.9099448590669,477.66367937453566,1168.0455855037144,1638.9163444879089,212.87336242170656,118.87257930936968,830.4024954112654
2026,9,24,1,3009.057505176035,9600.364033865637,927.6157239401364,1112.556621325623,70.47071845287935,243.483567887928,243.90523007686485,574.0651102724119,845.2907008728196,477.66367937453566,1686.8002505561112,1191.3202856444575,281.36304728344425,9.817588208450244,763.9111941284717
2026,9,25,1,3478.826000323883,11057.266550943874,553.1963092242678,863.4126425683079,70.47071845287935,243.483567887928,243.90523007686485,567.8757177638374,1017.1875138644232,477.66367937453566,1164.6550364160285,176.99615777472164,214.7244393809691,9.817588208450244,855.5214422581204
2026,9,26,1,2564.6819238577905,10983.252780546893,1000.1384300594572,1015.1900027488203,70.47071845287935,206.26314333575635,206.6203475991504,646.7903108415528,1017.1875138644232,477.66367937453566,1091.7581540150616,1102.8222251388795,227.681937438202,9.817588208450244,768.3439475474283
2026,9,27,1,2272.663688617062,11195.555383300512,973.153244243168,1232.8330140334372,70.47071845287935,153.53421804788812,153.8001069332053,637.5062390689698,1017.1875138644232,477.66367937453566,1193.4747421694076,1124.946740265106,186.9583663072408,9.817588208450244,735.8370999491202
2026,9,28,1,4370.751265781354,10731.995532103949,495.8527893656547,907.8004000551164,70.47071845287935,151.98335278351934,152.2465558972759,410.04649762877233,1017.1875138644232,477.66367937453566,927.3163307224283,498.6526293840768,159.19225257646428,9.817588208450244,732.8819201966239
2026,9,29,1,2821.7849368079656,10807.957015980051,1086.1536906077158,1038.0998217490824,70.47071845287935,151.98335278351934,152.2465558972759,612.7487369950943,1015.6104811067236,477.66367937453566,935.7927034416432,1979.2935794616208,192.51155652770188,9.817588208450244,712.1957591885839
2026,9,30,1,4094.6035902759104,10061.976218594058,416.5837867923968,975.0978868031592,70.47071845287935,151.98335278351934,152.2465558972759,479.6770189339047,955.6831670588988,477.66367937453566,835.7713898307625,673.9469296595887,190.6604795685321,9.817588208450244,728.4491667776673
2026,10,1,1,4617.401923602804,17192.166005739542,1536.1850436444918,1248.053208411898,110.29071851284058,2.087352666073986,2.088444500177108,383.7270710127789,440.25525170163854,474.4396494101209,121.42695760359152,877.6919868485214,84.5166469354068,14.26599947955291,885.787818826078
2026,10,2,1,5835.936171898775,12785.79239697616,1409.7307513110418,1311.406116322477,110.29071851284058,1.2185053634442051,1.2191427285297838,383.7270710127789,609.5842236261315,474.4396494101209,550.7579862733519,961.7822087601828,107.05450965036604,30.789126965336127,834.1168141117482
2026,10,3,1,5659.670311537492,18977.687066358307,1700.107187728786,1260.7237470836426,110.29071851284058,1.2185053634442051,1.2191427285297838,56.512494527039145,609.5842236261315,474.4396494101209,754.581807964995,4425.249586601054,5.633327943293001,39.58605789308485,767.6827114944392
2026,10,4,1,5203.677829220036,16607.43398859816,201.39009339328777,1206.8737431769569,110.29071851284058,1.2185053634442051,1.2191427285297838,56.512494527039145,748.8102023651041,474.4396494101209,160.45705111903163,298.25758696500924,56.34447228975749,35.187592429216494,885.787818826078
2026,10,5,1,4805.163560153364,7862.5575237987105,1892.1303181846044,1048.4913661244111,110.29071851284058,1.2185053634442051,1.2191427285297838,548.3807625399955,269.0448603518322,474.4396494101209,1235.952866085832,298.25758696500924,107.05450965036604,30.789126965336127,811.9721672572382
2026,10,6,1,5464.244898382713,12143.631337051767,28.100986371336983,763.4030659747796,110.29071851284058,63.92088414049672,63.95431931527126,284.65568630515526,269.0448603518322,474.4396494101209,1383.399886033235,298.25758696500924,107.05450965036604,26.390661501455764,893.169367777609
2026,10,7,1,5376.111912560771,10504.293371194695,28.100986371336983,1026.3178161728454,110.29071851284058,0.9695064413490848,0.9700135622650018,782.8031882270673,269.0448603518322,474.4396494101209,1335.6964384032126,298.25758696500924,5.633327943293001,13.195396391629084,841.498363063279
2026,10,8,1,4889.464657672849,13354.861969837271,28.100986371336983,1092.8384660272038,110.29071851284058,0.9695064413490848,0.9700135622650018,284.65568630515526,269.0448603518322,474.4396494101209,208.16049874901404,5392.287427019757,36.62388853858036,4.397940336672941,893.169367777609
2026,10,9,1,4073.276566746007,13412.291012621334,28.100986371336983,1073.8325507438285,110.29071851284058,0.9695064413490848,0.9700135622650018,602.8002469477323,269.0448603518322,474.4396494101209,1196.9227725704836,141.90228553026023,36.62388853858036,4.397940336672941,775.0642604459701
2026,10,10,1,3942.9930321643233,11804.277935323753,28.100986371336983,1051.6590007922623,110.29071851284058,0.9695064413490848,0.9700135622650018,305.5862963756289,7.991420312144752,474.4396494101209,1760.6907900156186,1261.3537901704426,157.76454701097458,13.195396391629084,930.0771125351806
2026,10,11,1,5483.40433989361,18345.96759574204,28.100986371336983,826.756081161287,110.29071851284058,19.10679984073388,19.11679405781406,456.2862817809647,7.991420312144752,474.4396494101209,420.6576745552964,599.1430474466397,16.90330478740016,13.195396391629084,679.1039620226203
2026,10,12,1,5659.670311537492,9183.42538717914,28.100986371336983,991.4737275495348,110.29071851284058,19.10679984073388,19.11679405781406,707.4530937490156,7.991420312144752,474.4396494101209,99.74357231723587,430.9624882492258,123.95781443776517,4.397940336672941,878.4062698746299
2026,10,13,1,5284.147149718974,14164.08942377578,28.100986371336983,956.6296389262244,110.29071851284058,1.5681634242586289,1.5689836854122432,573.4974946245005,7.991420312144752,474.4396494101209,99.74357231723587,641.188216089305,11.266655886586,17.59386185549744,952.2219214434696
2026,10,14,1,4854.977774234728,12023.552517148724,28.100986371336983,1121.347285314812,110.29071851284058,1.5681634242586289,1.5689836854122432,573.4974946245005,268.41778329517274,474.4396494101209,1968.8512887648253,378.4061716631915,78.88221200625787,4.397940336672941,716.0118688338883
2026,10,15,1,4816.65911377744,11052.479644804436,28.100986371336983,981.9708235456416,110.29071851284058,1.5681634242586289,1.5689836854122432,686.522585454005,84.87349595991594,474.4396494101209,39.03009351544013,451.985130257604,25.355018680313588,13.195396391629084,871.0247209230988
2026,10,16,1,5176.854833668735,11015.933901272796,28.100986371336983,969.3001775983084,110.29071851284058,1.5681634242586289,1.5689836854122432,581.8697386527216,84.87349595991594,474.4396494101209,422.8260130837373,436.2182352818358,25.355018680313588,8.795880673345883,848.87991201481
2026,10,17,1,4563.755821218985,16158.44323564009,28.100986371336983,1019.982546837143,110.29071851284058,0.5785251551656834,0.5788277650237059,858.1531809298144,84.87349595991594,474.4396494101209,422.8260130837373,225.99250744175657,152.13011208187334,17.59386185549744,701.2486088771303
2026,10,18,1,4238.046873483212,16476.913458751867,28.100986371336983,1013.6472775011008,110.29071851284058,0.5785251551656834,0.5788277650237059,740.9419680862786,1166.488326836903,474.4396494101209,967.0789837713116,257.5264127673837,22.537739716533544,17.59386185549744,974.3665682979796
2026,10,19,1,5858.927390429528,14534.767714063288,28.100986371336983,1178.3649238896885,110.29071851284058,0.5785251551656834,0.5788277650237059,548.3807625399955,370.6422623321522,474.4396494101209,290.5573628370134,367.8949083461532,163.39898194012352,17.59386185549744,863.6430099177892
2026,10,20,1,4506.27771925011,13119.925064368206,28.100986371336983,836.2589851651802,110.29071851284058,0.5785251551656834,0.5788277650237059,598.614124933701,0.9403332028071384,474.4396494101209,1266.3096054867344,1056.3838093629736,42.258323467713744,13.195396391629084,871.0247209230988
2026,10,21,1,4847.314108913107,11908.694431582702,28.100986371336983,842.5942545012223,110.29071851284058,0.5785251551656834,0.5788277650237059,573.4974946245005,0.9403332028071384,474.4396494101209,1049.4757526233086,1072.1507043387417,42.258323467713744,13.195396391629084,671.7224130710895
2026,10,22,1,4728.526127955499,11000.271456992525,28.100986371336983,966.1325429301176,110.29071851284058,0.5785251551656834,0.5788277650237059,565.1252505964379,1158.962555008663,474.4396494101209,706.8783603349731,488.7745518678701,107.05450965036604,13.195396391629084,738.1565156883984
2026,10,23,1,3912.338037029349,13746.42368001233,28.100986371336983,899.611893075759,110.29071851284058,3.708494584395405,3.7104343911776017,824.6643065925514,334.89501087091867,474.4396494101209,13.010031171813376,1035.361282728475,19.720583751180207,4.397940336672941,730.7749667368674
2026,10,24,1,4364.498631044349,16456.030159500497,28.100986371336983,988.3060928816836,110.29071851284058,3.708494584395405,3.7104343911776017,230.2362018975773,334.89501087091867,474.4396494101209,13.010031171813376,630.676837398176,19.720583751180207,21.9921960375754,1055.5637688183504
2026,10,25,1,3981.311692622301,15787.764945352585,28.100986371336983,880.6060850679727,110.29071851284058,3.708494584395405,3.7104343911776017,8.376111491544286,677.3157935703044,474.4396494101209,472.6977992424276,157.66918050606773,140.8611192251643,21.9921960375754,804.5906183057074
2026,10,26,1,6069.680245510842,13292.21219271829,28.100986371336983,734.8942466875112,110.29071851284058,14.59059513585716,14.598227056237985,54.41948440767574,270.9262797771456,474.4396494101209,26.020062343626755,157.66918050606773,140.8611192251643,26.390661501455764,937.4586614866288
2026,10,27,1,4510.109607552566,14889.783560071572,28.100986371336983,886.9413544040146,110.29071851284058,14.59059513585716,14.598227056237985,125.5833550963155,203.19470983289523,474.4396494101209,620.1448191896028,872.4363551897915,180.30228672752264,30.789126965336127,915.314014632119
2026,10,28,1,4341.507412513595,17677.70238159412,28.100986371336983,798.2472618736788,110.29071851284058,9.49374613605224,9.49871204141466,393.49465512046993,255.87483024810564,474.4396494101209,663.5115897622879,662.210742723803,123.95781443776517,30.789126965336127,922.6955635836498
2026,10,29,1,4774.508565017698,18131.913868889213,28.100986371336983,890.1089890718658,110.29071851284058,9.49374613605224,9.49871204141466,351.63353675514435,210.7204816611274,474.4396494101209,1457.123396006822,530.8197205107463,16.90330478740016,21.9921960375754,937.4586614866288
2026,10,30,1,4808.995337173219,12754.467508416668,28.100986371336983,855.2649004485553,110.29071851284058,9.49374613605224,9.49871204141466,443.7280175141752,210.7204816611274,474.4396494101209,559.4313403877981,262.7820444259028,242.28119394642908,26.390661501455764,1048.1822198668194
2026,10,31,1,6422.212188797224,13950.035696921906,159.23866261543398,975.6354469340108,110.29071851284058,10.426167631557371,10.431621259767889,473.03076983740704,955.7678451756902,474.4396494101209,1591.560384782215,793.6017649368598,73.24777707715661,30.789126965336127,930.0771125351806
2026,11,1,1,9469.50272135353,15351.549230515237,378.2141279787587,2823.3970552970704,270.6160671480283,41.06469031795096,41.08617007556548,1846.636214059612,955.7635153131976,785.7056740717992,1535.1600596882568,1130.1367519439232,315.9234269780235,47.82189040296329,627.3608433832617
2026,11,2,1,10724.54417986049,20484.80716354895,378.2141279787587,2450.74363129913,270.6160671480283,514.677593260926,514.9468062969252,723.8071715540459,574.3153278543546,785.7056740717992,771.916611665201,1167.5584230544534,254.9558128235612,65.75511571430283,989.0160665123988
2026,11,3,1,6318.214824850712,19043.422694722856,187.9609978207959,2043.017085218012,270.6160671480283,1108.746956455636,1109.3269100774971,148.47324247319594,98.57647567277486,785.7056740717992,819.6192974053379,1204.9802095390748,238.32827050885228,119.55466036651904,1077.5846065971346
2026,11,4,1,6114.905964199243,14794.28527041874,73.35057618862082,1551.9915523610543,270.6160671480283,12.319407095385287,12.32585102266964,134.55393642044922,98.57647567277486,785.7056740717992,1157.8749651159335,246.9835369751636,210.61561798534896,95.6437808059386,1062.8231292317798
2026,11,5,1,8304.386335827412,14301.321016585423,761.0126181901326,2279.7615174875623,270.6160671480283,12.319407095385287,12.32585102266964,51.03769300255991,98.57647567277486,785.7056740717992,1218.5874915553252,246.9835369751636,288.210897452979,107.5992205862228,893.0666256912481
2026,11,6,1,17562.760513684763,17869.953447493495,1288.2202259997498,2227.1517270865293,270.6160671480283,1259.317558259406,1259.9762710294688,2069.346128657045,1307.2101789751584,785.7056740717992,1999.177362098936,935.5436237478724,321.4659820823968,107.5992205862228,1099.726822645208
2026,11,7,1,15189.520210314546,21438.585878402613,4070.9591247510657,4384.156888179259,270.6160671480283,1461.9033991469428,1462.6680787397115,2542.6046717328645,6690.344701320277,785.7056740717992,5628.920155366856,3570.034530985568,343.63607950152675,155.4211109891981,1321.148334910744
2026,11,8,1,15897.191548093811,29524.27095521153,5968.906356773001,6514.857100433338,270.6160671480283,1472.8540538696857,1473.624461434767,3215.374150284443,4838.820718287193,785.7056740717992,6934.239854760311,4969.607868720905,1912.1684731783207,711.3503079499094,2088.742727103828
2026,11,9,1,8757.921597792516,26480.75257094976,3181.5829006725185,4629.669600969603,270.6160671480283,960.914071310918,961.4166978053668,1132.108613799111,2597.276643513226,785.7056740717992,3477.961477168873,5725.5271019413085,1546.3622962577124,968.3928539942988,2184.6921679250613
2026,11,10,1,9977.774872981166,17955.68630875431,944.389156219986,3165.3612829202048,270.6160671480283,933.5375404610082,934.0258470800984,747.0061506757191,1757.2334124374718,785.7056740717992,3018.2807565794947,3203.301438783385,842.4625949399024,454.3077619055077,1579.4733785360113
2026,11,11,1,6310.39525328722,17484.155330552712,948.9736160107624,2380.59717258058,270.6160671480283,761.0658411256471,761.4639327627565,728.4470080884706,3424.462159356857,785.7056740717992,2532.580354591152,2888.958755360316,792.5799679957281,322.79766175869247,1291.6253801800342
2026,11,12,1,7534.158425540215,18330.767787878707,765.5970779809091,2389.365453101713,270.6160671480283,799.3929207414062,799.8110601707635,621.7317855489536,1358.6414164138707,785.7056740717992,2359.116034150932,2918.896230697481,648.4745192692623,286.93121113601336,1291.6253801800342
2026,11,13,1,7682.730285246552,19788.22727374589,693.7745574976625,2016.7121363797007,270.6160671480283,917.1116643338412,917.5913790498856,612.4522142552499,1735.803698795415,785.7056740717992,2367.7891977930767,2447.3822055627707,543.1667102765401,257.0425460443896,1594.2346938476696
2026,11,14,1,6255.6582523427805,21443.944136993243,693.7745574976625,1920.26072882284,270.6160671480283,364.106991457156,364.2974453449534,737.7265793821742,2618.7063571552835,785.7056740717992,1149.201706237524,2649.4596449062783,554.2516974868757,233.1315352019948,1601.615432530306
2026,11,15,1,4781.668790057368,20650.91474811403,693.7745574976625,1692.2845770737438,270.6160671480283,314.8293630755475,314.99404125420745,658.8501724987551,1337.2117027720406,785.7056740717992,2176.9783595962654,2582.1004984583724,626.3044218501325,227.15388095275387,1446.6204063552111
2026,11,16,1,6572.351011946784,17130.50712706108,1155.272160320559,1608.9855902982436,270.6160671480283,54.752955742930666,54.781595438224365,482.538114369364,977.1932289550276,785.7056740717992,2090.246151758137,2200.3986685876075,532.0816000677935,197.2652158611181,1380.19392026477
2026,11,17,1,5731.746846305561,27311.29013186874,426.3504679919219,1508.1499352052267,270.6160671480283,651.5599296397946,651.9007418863166,728.4470080884706,1414.3585589301092,785.7056740717992,2081.572892879955,2148.008259808284,404.6038166544479,203.242870110371,1195.6761014125798
2026,11,18,1,6306.485467505474,17189.4484540985,669.3243979539905,1587.0647817204997,270.6160671480283,27.376424892971265,27.39074471290659,668.1297437923,3051.585782053066,785.7056740717992,1340.0125444343355,2148.008259808284,487.7415282280401,221.17609542171056,1387.574658947406
2026,11,19,1,5289.941052967603,19418.504173847254,1054.4151180608435,1626.5221513401718,270.6160671480283,27.376424892971265,27.39074471290659,626.3716220833782,951.4776102356716,785.7056740717992,1340.0125444343355,2492.288303194638,570.8792398015846,209.2206556414143,1446.6204063552111
2026,11,20,1,6298.665895941983,25543.04887313928,1242.376018323493,1652.8271001784826,270.6160671480283,845.932938420749,846.375421593877,524.2962360782858,1654.3709375598205,785.7056740717992,4458.035349551441,1871.0872474957448,487.7415282280401,209.2206556414143,1247.3411101376664
2026,11,21,1,6869.49473136015,22317.348128541587,728.9216923282257,1302.094592034554,270.6160671480283,613.2329559810364,613.5537204907337,519.6563995438612,2224.4002662092084,785.7056740717992,390.29493527157774,1594.1663505572965,205.0731858793868,209.2206556414143,1232.5796327723117
2026,11,22,1,5180.467051078723,21293.911569470296,2117.9990581456705,1635.2905391365546,270.6160671480283,268.2893453962048,268.42967983109395,357.26374924243964,570.029328649388,785.7056740717992,1387.7153254107366,1871.0872474957448,593.0493372207146,203.242870110371,1446.6204063552111
2026,11,23,1,6279.116967033255,24466.0292456212,1865.856306160029,1424.8509484297265,270.6160671480283,84.86709729509074,84.91148883110944,459.33913524753206,510.0262810558508,785.7056740717992,1717.2976390068864,2140.523833286947,493.2840833324135,203.242870110371,1180.914624047225
2026,11,24,1,5786.483847250002,22697.787986891744,2062.986028446252,1613.3697305588105,270.6160671480283,227.22465507828733,227.343509755562,756.2857219694228,1343.6406074519364,785.7056740717992,1465.7742743704555,2103.1021621764166,515.4540577530846,191.2874303300748,1394.955397630125
2026,11,25,1,6982.878519030776,23908.765285524707,1829.181018065737,1740.5102272145498,270.6160671480283,290.190548884797,290.34233920888823,668.1297437923,1343.6406074519364,785.7056740717992,2098.919410636546,2185.429930918814,310.38099487206125,215.19844117245765,1225.198894089593
2026,11,26,1,5927.236246675448,15383.69902332926,2466.414392600252,1508.1499352052267,270.6160671480283,94.4487877312872,94.49819117380058,538.2156439064141,2528.701691637424,785.7056740717992,2176.9783595962654,2110.586473323873,504.369070542749,209.2206556414143,1365.4326049531116
2026,11,27,1,6889.043660268878,16637.54287322776,2636.037746373735,1530.0707437833105,270.6160671480283,94.4487877312872,94.49819117380058,802.683578437465,842.1862306781243,785.7056740717992,1903.7718953823976,1556.7446794467658,432.3163461794924,221.17609542171056,1121.8688766395026
2026,11,28,1,3905.876663663035,20924.188348936525,1677.8953083393992,1617.7538708193774,270.6160671480283,331.2552392027145,331.4285092844202,617.0920507898333,842.1862306781243,785.7056740717992,1821.376269365342,2275.2421261827594,520.996612857458,197.2652158611181,1299.0061188626703
2026,11,29,1,3905.876663663035,20924.188348936525,1677.8953083393992,1617.7538708193774,270.6160671480283,331.2552392027145,331.4285092844202,617.0920507898333,842.1862306781243,785.7056740717992,1821.376269365342,2275.2421261827594,520.996612857458,197.2652158611181,1299.0061188626703
2026,11,30,1,6372.951825795151,9532.427924859723,1260.7136623706394,1131.112478222987,270.6160671480283,358.63177005273184,358.819360009796,784.1244358502164,2412.9814073999805,785.7056740717992,724.2139259250641,2073.164686839252,354.7210667118623,185.30977608083387,1180.914624047225
2026,12,1,1,5493.249913619072,10421.90693345021,1228.6228340671237,1153.0332868007313,270.6160671480283,238.17530980103007,238.2998924506173,394.3821361922412,1577.2240814015247,785.7056740717992,1001.7569719600042,1317.245453618848,426.773791075119,185.30977608083387,1254.7218488203025
2026,12,2,1,23051.329567756475,25357.690426345005,7197.049886895919,5726.558150960071,9373.415721746404,470.2135908498923,470.45954604595744,3484.4337816084267,3415.999631168917,8043.174242378212,4258.510205660284,2253.7217607536168,548.452936659667,221.13264114554684,1151.1064546918149
2026,12,3,1,9175.06972294749,23917.28587814697,3450.82430625272,3357.461676355611,9373.415721746404,607.1690375505065,607.4866301989995,338.69992498912785,3574.5843314450512,8043.174242378212,2710.3552573609986,2269.481964037806,925.1679670436018,460.1949629938043,1992.2998325711767
2026,12,4,1,24926.63950016857,34542.32252853652,8172.769404444734,5781.191374208224,9373.415721746404,643.6903981746385,644.0270940957456,3308.124267862755,1260.1053214163626,8043.174242378212,5373.008305163181,3257.12698470388,1074.7461077681248,555.8199705021913,1748.7963882578065
2026,12,5,1,37635.35100013871,16764.555086971362,16076.99211598761,20810.302460028448,9373.415721746404,3985.4025771627694,3987.48722654624,8667.007228247685,15164.124037300217,8043.174242378212,14718.313272924272,10034.05235487546,2963.861600820437,878.5540918691562,2383.380778172652
2026,12,6,1,29317.86086157977,35347.41544847513,11869.761406837,12163.348633248834,9373.415721746404,1734.7686030324676,1735.6760105600026,2148.1929189129337,8709.29901152933,8043.174242378212,7155.337909908687,6430.1990519390265,2692.405180058512,1278.9835400418092,3032.7229182163487
2026,12,7,1,18691.10494885139,26168.260189384284,9287.237901948336,6918.556412260097,9373.415721746404,942.7098130950412,943.2029174659574,1702.7792980144889,3651.733634916801,8043.174242378212,4471.002048237632,3735.1891763789536,1722.9176819123963,782.9292156425716,2176.7719522619136
2026,12,8,1,13747.106268809132,21129.58299383036,4507.107763381713,4256.427019237244,9373.415721746404,942.7098130950412,943.2029174659574,1350.1600669726956,2970.248183666911,8043.174242378212,3803.170542994797,3362.195545009281,975.0273472851096,603.6324086154774,1770.9330944778908
2026,12,9,1,17017.274732987775,27564.84999277484,4748.799679679402,3630.627899871968,9373.415721746404,899.3405582853542,899.8109774472983,1238.8067380795626,1800.1503515918523,8043.174242378212,3157.021851620832,2789.571672134186,897.468352353351,490.0778516861823,1527.4298122182167
2026,12,10,1,17068.93611887454,28857.380259792066,5160.57122993588,4097.493889123637,9373.415721746404,433.69212426886673,433.9189761368947,853.709465499073,4401.79629710152,8043.174242378212,3174.3680836686312,2663.489353618025,819.9093574215925,436.28880957806246,1689.7653877425648
2026,12,11,1,56822.40572088871,88231.61808652538,17066.138875501132,22652.93296795105,9373.415721746404,3291.495135949783,3293.21682232224,12898.436779446029,12901.077864876956,8043.174242378212,9419.02657301008,3898.045456389641,1107.9856945957808,394.4528441778075,1667.6286815224803
2026,12,12,1,50561.040476628485,75207.733084989,37896.40645100917,27967.258460183195,9373.415721746404,9180.577966636363,9185.380062742715,10949.752149849512,32432.709640875222,8043.174242378212,19800.771453204005,12335.054956229194,5406.9700026699165,2026.0532629971688,3143.406287263075
2026,12,13,1,29984.293384956243,39548.13866548536,18901.20753717396,10519.384323417144,9373.415721746404,2551.935914488853,2553.2707587179607,4481.974821089938,6613.409631919352,8043.174242378212,6591.583987425857,5573.8897893418025,2797.663789680521,1404.4911736789693,2589.9897661371688
2026,12,14,1,18417.29942559931,30012.989931829823,7219.428786101077,6312.62398779686,9373.415721746404,1378.6844628021636,1379.4056129644707,1906.927220314882,6677.700749521774,8043.174242378212,5758.962849164488,3934.819533258468,1440.3813168756128,896.4837725718668,2198.908658481998
2026,12,15,1,16206.190262358396,26628.31332095849,7367.129423295905,4847.459502980475,9373.415721746404,1310.2067924303033,1310.892123894108,1099.6148988564034,5066.137563277117,8043.174242378212,6999.221440532528,3887.538577284472,1335.1227072536035,663.3979234366406,1948.0264201310083
2026,12,16,1,14403.20635921371,17635.37000348397,5308.271867130708,3729.961159830979,9373.415721746404,1351.293415844841,1352.0002385388318,1619.264174125469,5044.707190742976,8043.174242378212,1986.148378916973,3798.230335636928,1213.2443042177902,603.6324086154774,1955.405376222324
2026,12,17,1,12941.18795902474,23139.57705307765,5881.17139410552,3744.861100550646,9373.415721746404,721.2984881703095,721.6757786496398,1591.4258673460515,3501.7211213054816,8043.174242378212,2649.643302338964,3141.551429919008,1113.5255437347748,549.8433665073575,2007.057582700029
2026,12,18,1,13964.084245328762,21562.25203053632,6606.247338115782,3302.8284531074573,9373.415721746404,2743.67345510422,2745.108591722388,1178.4902879861445,3501.7211213054816,8043.174242378212,4475.338630058705,2631.968716302098,1130.1453371486266,531.9136858046468,1815.20650691806
2026,12,19,1,12848.197397659282,15811.587885852992,6109.436068438507,2890.595687103942,9373.415721746404,1803.2462734042208,1804.1894996302576,1642.4628479212292,3437.430003703058,8043.174242378212,3551.649559264285,2994.4554685663907,958.4075538712576,484.1012476913487,1719.2808880001858
2026,12,20,1,12610.554777759002,23637.96796572354,5321.699206653803,3158.795263713857,9373.415721746404,2214.112507549169,2215.270646077068,1628.5436436438683,3021.68102127234,8043.174242378212,2853.461981274168,3220.352907835263,969.4874981461156,472.1481709834837,1734.038638128955
2026,12,21,1,11117.539523782008,20291.62913592284,6762.899534993085,3163.762017895888,9373.415721746404,1479.1184429216446,1479.8921272083423,1016.099876742688,1321.5390120878828,8043.174242378212,2875.1448903793034,2779.064793028807,919.6281179046078,466.171566988638,1586.4609747871546
2026,12,22,1,10766.24181041753,26140.876094515,4717.469318350572,3019.728828502288,9373.415721746404,12622.724125743976,12629.326709437084,1248.086105822499,1321.5390120878828,8043.174242378212,2719.028421003144,2610.954958091339,858.6889163867012,430.3122055832168,1844.7220071756808
2026,12,23,1,10693.91578115012,21167.92077490099,3079.334774565526,2960.128958347691,9373.415721746404,1022.6004285288604,1023.1353213813628,918.6656503516116,1321.5390120878828,8043.174242378212,2333.0737817653453,2511.139837338628,880.8485589394992,448.24188628592736,1564.32426856707
2026,12,24,1,12295.42007902823,21310.31821298113,6091.532949074381,3089.2620997460363,9373.415721746404,798.906578165873,799.3244632034266,1730.6176047940648,8953.60520194203,8043.174242378212,1643.5594626534098,2526.900155996696,897.468352353351,466.171566988638,1748.7963882578065
2026,12,25,1,12620.88709944898,20286.152292822164,4923.35499592042,2984.9621928805827,9373.415721746404,744.1243782942272,744.513608339725,1141.3725116884862,3891.753731997092,8043.174242378212,4297.539346813446,2395.564282553755,808.8295361451934,442.2652822910937,1593.839768824691
2026,12,26,1,13778.103122597848,21058.384395425936,5321.699206653803,3223.3618880508234,9373.415721746404,1068.2522087768032,1068.8109807616406,1526.4696824936714,4316.074901092397,8043.174242378212,3868.219079837904,2285.242282695664,897.468352353351,478.12464369651497,1778.3120505691238
2026,12,27,1,20292.60924672949,21020.046614355306,2546.7172661604086,4777.926231737066,9373.415721746404,976.9486482810252,977.4596620011926,2041.4792230036169,2143.036218010441,8043.174242378212,4145.75945925836,3015.4691114030584,1124.6054880096326,525.9370818098013,1667.6286815224803
2026,12,28,1,112694.24107345958,125013.96124009788,22602.67541696524,72245.02601908126,9373.415721746404,12622.724125743976,12629.326709437084,30803.13739001033,31639.78623362245,8043.174242378212,22077.46986176839,12434.870192355997,5274.011655359246,2528.084191391241,2759.704135699054
2026,12,29,1,83949.8220626082,82913.62297854801,87103.10212140444,33440.516975253704,9373.415721746404,12106.85864868914,12113.191397998424,13956.294269020957,35561.54243069083,8043.174242378212,16296.82410349854,12046.116242328257,7434.583692171942,5833.120994430219,8404.553364219042
2026,12,30,1,57116.87588752143,80920.05944860275,36916.211153619326,16876.708240648935,9373.415721746404,4076.706137658549,4078.838545306689,7757.620945638851,14765.519334071458,8043.174242378212,9744.269257225616,9014.886812267128,3379.3561901694807,2773.123117234332,4670.836099481291
2026,12,31,1,177994.2872514132,209373.46548930948,150001.20052078646,159901.59579399574,9373.415721746404,18315.504153025,18325.08446610537,45659.538370346425,31258.3258095952,8043.174242378212,15867.503836522768,8615.626098508308,2797.663789680521,2139.607951208267,4205.966079128249
2027,1,1,1,251740.97703264304,190626.30043795903,627020.5940819487,222680.1692084727,9373.415721746404,115051.67905295666,115111.8592749446,180281.1731089643,191321.69844690216,8043.174242378212,151797.24112044982,70963.34010403091,16159.970683493431,3239.2946842229817,5239.010532789663
2027,1,2,1,50853.60778762991,43803.06247192284,26660.218143671125,36773.622897168505,6404.856300595972,18417.284391803027,18426.917943196942,16967.911500311253,37048.63192747384,5879.228317655226,11524.510484167697,10460.57017767606,3275.728126035576,1089.6838723644655,1115.8723196873918
2027,1,3,1,34488.62795325999,25497.438388769795,26660.218143671125,17365.203911512453,6404.856300595972,6022.387321961148,6025.53745943777,6755.392896628557,10486.489026644664,5879.228317655226,5375.9930555306,3738.646354945592,1073.9160724610613,394.6818590437064,704.6877332587842
2027,1,4,1,26871.201184662,21218.08553834501,26660.218143671125,12405.8410272055,6404.856300595972,4488.316663365921,4490.664372633417,4717.576797902266,6445.459355525491,5879.228317655226,3819.703862257133,2967.043229941723,764.241856372339,259.3869863786406,544.9771949055654
2027,1,5,1,28361.386314188465,30571.91103482384,26660.218143671125,9895.362649742048,6404.856300595972,2521.162843014139,2522.481590735244,3927.1906431879192,4447.060722538836,5879.228317655226,3362.9335066300696,2266.106724398008,635.6844439914643,199.06443162692943,463.020461562328
2027,1,6,1,73345.82926107204,110736.07169939108,43222.06905708012,31973.554287143124,6404.856300595972,5017.015623577895,5019.6398800548895,13096.711991516524,15203.48102923438,5879.228317655226,8901.401913166077,4537.943158827677,1132.8678073954225,340.3915663913387,536.5713690020292
2027,1,7,1,48965.90123911687,77557.68635466641,35346.68842927018,20740.11940011781,6404.856300595972,4699.233808594739,4701.691842550456,6709.81872545027,10529.58731290089,5879.228317655226,5649.8509061186,3391.042967675436,1019.2259051458884,424.41226799060354,669.663494550607
2027,1,8,1,35914.29386067711,94369.11056202394,21864.575182887176,12777.52772892111,6404.856300595972,3160.944827186527,3162.598226449863,4203.239825287587,6360.396976625613,5879.228317655226,3737.955246122042,2381.656194775056,600.1713544268204,242.1519747908989,458.8175639919651
2027,1,9,1,41970.772490672,176168.18059439195,23731.88389098657,16050.494885689995,6404.856300595972,3016.115063756561,3017.69270673902,5329.572700587111,5856.827740364906,5879.228317655226,3988.310366204949,2176.341001592896,473.7447180341933,202.511435837094,468.6243403708975
2027,1,10,1,82946.70069007346,201368.5657637507,58996.86257776642,41359.17513881958,6404.856300595972,7903.768180802899,7907.902414458394,14961.346262638355,25982.584610401947,5879.228317655226,30170.346875121617,22109.103597724134,7903.795003032787,2246.1534347404668,2649.934085850085
2027,1,11,1,74921.34623593262,145821.85127385036,56127.40744670493,35384.57649396735,6404.856300595972,9910.293191970131,9915.476981108784,23741.534053974687,31677.22677390294,5879.228317655226,23945.19012446818,17793.66478314513,6360.395780156721,2974.332851755195,5514.216516900794
2027,1,12,1,59332.677878634655,140365.453038959,46992.73497403472,31510.53881940918,6404.856300595972,8730.563344893651,8735.130051303331,6901.230210089609,14175.92759474383,5879.228317655226,7819.254675523243,5187.312148255777,2493.019450575441,1011.2645502409346,2182.0102130261207
2027,1,13,1,67316.407086326,185216.0188965292,44925.9582389358,35314.48699846955,6404.856300595972,5691.950475752748,5694.927771225484,7793.181670375274,9969.309815737866,5879.228317655226,7488.172798128904,7389.436918392352,1590.986772278282,592.0227885655717,1350.534731337072
2027,1,14,1,66277.85628628374,135746.61090703303,41234.59889985839,31389.475157993133,6404.856300595972,4209.906039198215,4212.108119881198,7075.714143800288,9090.33198346491,5879.228317655226,6317.123932584684,4147.366830975374,1259.2944437880494,445.52515694900256,1092.7563215247335
2027,1,15,1,87496.34409196221,211635.88570864024,81382.9383871263,48055.90800917178,6404.856300595972,10842.5469286754,10848.218352912343,14307.682564276376,14989.123841381115,5879.228317655226,8371.057789552988,5118.555418157999,1699.6568482458945,585.5596627688284,1361.0420060257482
2027,1,16,1,70608.96691903142,157806.71933960947,71046.65154701898,38589.5780498844,6404.856300595972,8812.117983590804,8816.727348884746,13025.09544089222,18249.84805868095,5879.228317655226,9561.521950307208,6072.554833302366,2194.7094356616044,739.8130491267121,1579.5932795595463
2027,1,17,1,54512.470149542256,102170.66559091907,51996.25722364513,26141.258527932823,6404.856300595972,8730.563344893651,8735.130051303331,17566.886198977583,18468.74187153953,5879.228317655226,9185.47832955046,7151.653291467794,2085.3290853885187,610.9813117214704,1216.041655313015
2027,1,18,1,41154.91693935983,71207.8950904283,1316.969363546037,18397.43106069703,6404.856300595972,5450.098816727541,5452.949606558222,7799.692258089028,10142.837054745209,5879.228317655226,6294.643060903479,4694.555680424286,1602.3509578104276,556.260136445517,1172.6115907013018
2027,1,19,1,34896.555683859624,55207.22511029925,1316.969363546037,14415.07327777586,6404.856300595972,3858.377484745615,3860.395690959175,5230.611664410724,6324.10370260008,5879.228317655226,3747.151975535657,3514.232079390425,1236.5660570810655,407.6081201002859,774.7362106750561
2027,1,20,1,30609.151604941144,47573.18125294655,1316.969363546037,13304.26091562634,6404.856300595972,3591.215794663224,3593.0942562859345,4454.548791229946,6057.574953572305,5879.228317655226,4405.228295029244,2969.90809544332,1115.1112626131005,349.009067453663,835.6783946407754
2027,1,21,1,24904.40657778214,38190.32050962461,1316.969363546037,10354.130281889746,6404.856300595972,2820.6651754260447,2822.140584197199,3709.73677910272,5140.03550986351,5879.228317655226,3874.884171415928,2613.710111668164,943.938127111932,317.5551658647705,704.6877332587842
2027,1,22,1,21514.02732580805,31822.661344579064,16416.455596281347,9162.608812129303,6404.856300595972,2383.3636594633053,2384.6103283975194,3449.312984642842,4637.600442307729,5879.228317655226,4597.337529481923,2273.746365735949,835.9783254498407,264.12661953338846,622.7309999156295
2027,1,23,1,20465.07021415343,33877.46542489093,14416.96928589509,8160.116604637417,6404.856300595972,2283.529538195009,2284.7239867737326,2957.112044564196,3396.8239886688425,5879.228317655226,3294.469032762568,2080.8455687561227,828.1654332314097,242.5828479514037,617.1271211070599
2027,1,24,1,18079.941520005465,29763.39032585188,13515.758500001575,8211.090816849954,6404.856300595972,2173.8526113745243,2174.989691109461,2837.317110549321,3856.160794875817,5879.228317655226,3060.463631418456,1946.1970160060685,652.0204714482718,218.02295478284023,580.7019165421226
2027,1,25,1,16362.898617103829,27737.6215414336,11917.611366965271,7565.417863374654,6404.856300595972,1739.3633210848411,1740.273131977148,2467.5153452893155,3451.26391216108,5879.228317655226,3332.2777643589084,1858.341203535284,657.7025720357146,199.06443162692943,552.682522499275
2027,1,26,1,16485.69318424234,24148.414845296047,11573.94966703844,6877.266415153278,6404.856300595972,1877.1625046355675,1878.1443943147644,2606.842042445291,2834.2781790031595,5879.228317655226,2927.6221414194342,1745.6565986600428,554.714581012805,191.3086768856028,530.2670072650795
2027,1,27,1,16017.408756178444,21278.38959934036,10153.64146054802,6726.467812044548,6404.856300595972,1698.5860017362647,1699.47448318644,2113.3389962605825,2766.2282808646046,5879.228317655226,2591.4309699063447,1673.0800478933986,585.2558442954796,185.7072974098572,526.7645926230967
2027,1,28,1,13382.528358051572,21363.26191971618,10634.287215775155,6650.006540019875,6404.856300595972,1624.061942918244,1624.9114429781428,2269.5932443450583,3361.6648833482354,5879.228317655226,2771.277920915549,1525.0621228019993,566.7890408504243,198.2026853059318,508.5519749592642
2027,1,29,1,15507.499036608257,18073.34191219892,9403.834088995134,6452.48160657916,6404.856300595972,1619.8436201052582,1620.6909136819022,2319.0737624333315,2591.5668980597543,5879.228317655226,2683.3981742789374,1557.5305775163506,580.9942766762913,197.77180268234605,485.4359767966061
2027,1,30,1,15060.027276825906,20985.80336739193,9766.721642237972,6764.698424909733,6404.856300595972,1507.354467611717,1508.1429213502636,2033.909723224979,2588.1643919445214,5879.228317655226,2661.939161421392,1501.1882645928588,578.1532263825699,193.46305215118383,519.7597325763206
2027,1,31,1,12164.988863107748,22625.17962455756,9444.689001502957,5634.770779474941,6404.856300595972,1460.952696917135,1461.7168792249297,2251.363587310337,2617.65267864701,5879.228317655226,2450.414631758712,1558.4855326836196,556.845372643793,184.41466846527376,488.2379238915728
2027,2,1,1,11723.760845235893,14122.311046288012,8706.897741852343,5779.197652351449,6404.856300595972,1321.7473848332818,1322.4387528488205,1735.7245085894372,3248.2483864510214,5879.228317655226,2462.676915202416,1509.7828610980696,512.0988735352513,170.1957784641229,465.1219257289147
2027,2,2,1,12619.2300871941,14901.258141049855,6663.340567192944,5438.071738193405,1422.8553166940349,1350.839688485267,1351.546273847535,1636.1266578394564,2110.671147574214,1523.3776854760015,2193.8953477674304,1421.82369913651,409.2110742695534,153.52343241381706,444.6495234667637
2027,2,3,1,11814.192215805271,16584.165637650527,6297.510095618847,5147.242888007057,1422.8553166940349,1442.3251276058752,1443.079566368287,1791.8246902947658,2117.476109989613,1523.3776854760015,2274.620893255349,1421.82369913651,496.320369016422,147.39882953655973,433.26543383477406
2027,2,4,1,11603.000456094856,19576.999758784423,6271.379347649181,5179.319585808636,1422.8553166940349,1353.6985957043798,1354.4066764787312,1860.5913148627296,2108.4028350717813,1523.3776854760015,2153.0216456116414,1357.1494207291707,433.52064489656766,145.76559579390624,417.8634075952928
2027,2,5,1,13997.204034300194,18404.13231304885,7143.026434739857,5820.853819607029,1422.8553166940349,1242.2007118711397,1242.8504713115,2079.86601745701,2641.457867272381,1523.3776854760015,2436.071961790297,1386.4549573923946,443.6496326578514,141.27421719623348,430.58681455692846
2027,2,6,1,21008.352041487567,23657.32011666312,11019.709455807408,10811.990080783313,1422.8553166940349,2167.0613411291683,2168.1948685461007,3215.164045689633,4840.593476432398,1523.3776854760015,4035.255101400054,2421.243495797845,679.3173989272046,202.5202648948728,521.6596085199956
2027,2,7,1,15166.07717122418,25605.3585319714,11424.736008073758,8205.222677139625,1422.8553166940349,2088.4410158876053,2089.5334192751907,2495.0607134883608,3329.892791600429,1523.3776854760015,2967.429932728416,1771.4690567540192,546.9653078227454,185.37137683858344,529.6954509721684
2027,2,8,1,13777.64825119396,21909.25334477108,8550.353813944805,6992.72299100095,1422.8553166940349,1742.511704118235,1743.4231618390922,2524.902851386109,3648.59165716036,1523.3776854760015,2689.488843344932,1603.7201241969556,376.7983134335026,163.73110072152838,469.4266941066172
2027,2,9,1,13229.80424566483,19900.5493736158,7732.83472836931,6605.664001115228,1422.8553166940349,1345.121842654058,1345.825437175738,2160.309996603499,2491.748793763052,1523.3776854760015,2206.157451681741,1528.9404760255263,419.3400620308372,152.2985118383584,454.6943265319177
2027,2,10,1,12491.6786515568,18979.331688255774,7775.763820214083,6233.574167733676,1422.8553166940349,1496.6445845197943,1497.427436226739,1968.2824261010671,4337.026581488409,1523.3776854760015,2365.5648474516047,1484.476916174203,455.1291521206333,150.25697439157898,475.4535605643622
2027,2,11,1,12786.510690282854,20983.54189091727,7523.788744612801,6291.312270070817,1422.8553166940349,1556.6819186582284,1557.4961741667144,2219.994215216189,2264.9168709965097,1523.3776854760015,2381.914319337428,1430.918517243718,445.0001643593495,152.2985118383584,447.3281427446092
2027,2,12,1,13284.170465323508,17835.673566058947,8350.640234282444,6316.97362831208,1422.8553166940349,1656.744110829051,1657.6107059903522,2178.474751331398,2774.1545596507453,1523.3776854760015,2484.098541065452,1677.4892207115026,407.8605425680553,155.1566566933777,488.8466261907796
2027,2,13,1,13056.250658821462,16026.941238319912,7234.484052633689,5825.130728078788,1422.8553166940349,1566.6881253180527,1567.507614785252,2123.980458556377,2136.7568285308844,1523.3776854760015,2548.474614667548,1572.3935261640854,446.35069606084767,151.89019867115158,506.9272563267425
2027,2,14,1,12336.944106090164,18840.025600685472,7167.290677133264,5925.63772995528,1422.8553166940349,1425.1715901121408,1425.917056352789,2098.030772184909,2565.469186720323,1523.3776854760015,2273.5990344316897,1253.064235894518,387.60256704553547,144.94897892258552,430.58681455692846
2027,2,15,1,11991.927836874944,17471.68023097907,6863.054146855306,5782.361782245136,1422.8553166940349,1433.7483431624628,1434.4982956557822,1894.325875695276,2717.446572732312,1523.3776854760015,1997.701640254407,1352.096746333208,401.78314991131367,146.58221266523898,475.4535605643622
2027,2,16,1,11358.352557744383,16871.76530072928,7094.497908691207,5254.165275738167,1422.8553166940349,1330.8272437725277,1331.523361200948,1769.7674554494204,2004.06013615252,1523.3776854760015,2100.9076983649734,1444.0554790621716,284.2869075233817,135.55791802310208,456.0336284801999
2027,2,17,1,11291.440325519688,15730.354087303003,6489.7577355006615,5200.704081872782,1422.8553166940349,1345.121842654058,1345.825437175738,1785.337261554068,1890.644162315425,1523.3776854760015,2086.601899244234,1399.5919192108483,428.79378394132414,131.06654888851017,423.8902894344017
2027,2,18,1,10940.151072550543,16808.8528851601,6273.245853225852,4907.736800597878,1422.8553166940349,846.2403040163581,846.6829479635828,1607.5820228447374,2196.867271749711,1523.3776854760015,2059.0121598266423,1530.9615583671257,341.6845048371958,125.7585534195047,445.3191821315454
2027,2,19,1,12094.387202324104,12137.605035919314,5470.658605949204,4740.9378794407285,1422.8553166940349,977.7506325624456,978.2620657775084,1607.5820228447374,1609.372565132884,1523.3776854760015,1992.592413459235,1460.224053906942,368.6951232245138,121.26717482183194,392.4166090533853
2027,2,20,1,10093.29308418195,12151.086243302889,5483.723979934037,4689.615162958202,1422.8553166940349,962.026580071412,962.529788487174,1575.144936323737,2106.134497661475,1523.3776854760015,1931.281893887228,1352.096746333208,342.3597706879449,120.45056741359208,425.2295913826012
2027,2,21,1,9252.708079567275,13602.565864176966,5106.694639951366,4792.260642217554,1422.8553166940349,936.296289527356,936.7860391686828,1847.6164573813337,1678.5563081771895,1523.3776854760015,1997.701640254407,1248.0115614985548,337.63290973270136,118.40902996681264,409.82758052448384
2027,2,22,1,11071.884542414144,17395.286608027363,6235.916195585366,4922.705910807067,1422.8553166940349,1092.107423614906,1092.6786735760436,1934.547865268679,2334.100614040816,1523.3776854760015,1382.5525922393983,986.282813870928,334.931846329705,120.04225424638528,325.4513116839435
2027,2,23,1,11038.428448830196,13445.284800730356,5222.416500238194,4867.106285852784,1422.8553166940349,1219.329359939287,1219.967156033717,1894.325875695276,2363.5887512976524,1523.3776854760015,3078.8107492231247,1587.551549352185,385.5767694932882,127.3917871621702,571.2139344182561
2027,2,24,1,13137.799943252689,20738.63280780815,6575.615919189796,5061.704996339755,1422.8553166940349,1282.225601296619,1282.8962966046738,1611.4744743708595,558.5736412585165,1523.3776854760015,2251.11852180927,1575.4251182184491,282.9363758218836,126.16685712363062,487.50730886113365
2027,2,25,1,14630.779268373964,27881.44033060589,7465.927814469592,5613.424429999428,1422.8553166940349,1400.8707845706783,1401.6035397593537,2835.0013848023746,558.5736412585165,1523.3776854760015,3035.8933743020248,2950.7641961342006,457.8302155236296,134.7413106148622,571.2139344182561
2027,2,26,1,10565.860743977675,21259.90720633464,6570.016484985509,4764.460806593433,1422.8553166940349,1492.3562236912865,1493.1368322801056,2293.9507942134624,2641.457867272381,1523.3776854760015,5086.730798185869,3983.5316521980512,833.9532631063831,240.9011253641033,522.3292671847772
2027,2,27,1,16052.664372101715,26668.12921367333,7798.161598293476,6254.958663797822,1422.8553166940349,1149.285819141029,1149.8869774752036,2301.735668674384,2446.3824191727563,1523.3776854760015,3179.97313456838,2494.0020616276747,472.6860642401568,178.4301570900053,474.7839172809444
2027,2,28,1,14754.148714841744,36480.22124277254,10909.58698846262,6693.340370165731,1422.8553166940349,1795.4017388158495,1796.3408617916189,4595.686462887846,4642.115547124961,1523.3776854760015,4153.788817455019,2875.984547962772,685.3947915839462,169.4473998946598,576.5711575925833
2027,3,1,1,17146.261253405883,43270.26982720121,16249.591854564313,9017.832694272283,1422.8553166940349,1735.3644046775237,1736.272123851751,4920.057328097211,1094.4640827681758,1523.3776854760015,3734.8334769528055,1702.804833678288,650.9562331956482,223.3439241406071,578.5801182056472
2027,3,2,1,12491.837476670826,32186.86588682664,13727.09908694373,6758.17586751051,5442.983937274271,1979.8361635776207,1980.871758892741,3854.4973718694896,5527.9220538724685,7518.367825686149,4763.895468488823,4053.020678870518,1206.6258348422898,437.736896512648,623.342670819054
2027,3,3,1,10335.844851475807,20195.50543239566,9728.95154952462,5252.116609498148,5442.983937274271,1147.7311070454505,1148.3314521544744,2528.0087555717287,4182.80192991702,7518.367825686149,1370.309697969402,2673.436680006092,703.0340627357035,255.2482023070164,573.6153352815294
2027,3,4,1,10590.20352007943,16810.234953060342,7525.813574095417,5154.54092295977,5442.983937274271,1380.1466581843133,1380.8685731789412,2337.9524711285503,1264.5943949683096,7518.367825686149,7000.739586378786,2392.5928065068247,696.6234171211308,226.14440095907625,669.568083918322
2027,3,5,1,12568.548835474045,18368.888477968787,8676.509124745904,5657.26777635033,5442.983937274271,1397.3626365624343,1398.0935567398556,2334.047210688881,5867.037500397189,7518.367825686149,4271.360592618908,2414.2719770406875,667.4193579244414,207.2662572423676,651.3580810872556
2027,3,6,1,14490.369982265292,24022.915457623312,11055.369099516678,6077.2674101965,5442.983937274271,1525.047715353961,1525.845423921169,3027.882778032038,5027.755124466051,7518.367825686149,3063.5260885666366,3034.0993492013617,702.3217705166004,207.6595524945764,619.1403577406832
2027,3,7,1,14240.048760713276,27015.173001826854,9129.985226788249,5411.207373581499,5442.983937274271,1398.7973014272245,1399.5289720365447,3303.854877920469,4523.051545146893,7518.367825686149,3380.3016282518315,2453.688671710496,712.2938772266886,203.7266094355811,576.4168824608703
2027,3,8,1,12235.460084541748,31021.225248001607,8326.954656069562,6278.782365690083,5442.983937274271,1294.0668290799952,1294.7437181934988,4619.929475909713,3005.538251258669,7518.367825686149,2676.242447130864,2213.2468782656806,685.2267103300962,178.55575114663628,598.1288077301932
2027,3,9,1,14225.917741090483,34239.01864519876,7922.605137593613,4980.60169188277,5442.983937274271,1311.2828074581164,1311.9687017544134,2108.843553697997,3726.8674305643344,7518.367825686149,1857.735302161684,2261.5323140316145,460.1418528852378,171.86974132219123,590.4245722136486
2027,3,10,1,16908.796215223934,44417.160360823626,11301.00197608804,7844.235537971682,5442.983937274271,1492.050454855706,1492.8309035056477,4768.32957275369,4246.315178142382,7518.367825686149,4682.146942118429,2914.8638798072925,581.231811700943,163.21726469978296,624.7434520993651
2027,3,11,1,39956.51900215293,118763.5952469636,54728.8952884206,37437.23988551954,5442.983937274271,11068.431960692877,11074.221538888827,20773.410661147856,33569.02692400314,7518.367825686149,31602.95910472644,31788.571347380504,17986.845023519945,9155.111844047538,15093.997727525291
2027,3,12,1,35852.46186938975,56571.53184186793,42511.49370578701,23560.28233833197,5442.983937274271,11617.908227209917,11623.9852206263,20056.143502575684,36170.80228689892,7518.367825686149,29207.72722821443,20778.505705584983,9166.509919890206,4179.935070263158,15101.00157240164
2027,3,13,1,48106.09042060589,54342.96989031114,52748.71636589256,39870.26804991007,5442.983937274271,12333.8055238692,12340.256982557088,19732.00642862788,31043.240615274102,7518.367825686149,16835.087497245924,12840.970680332284,6863.663810092093,2434.1003224912456,8373.10300987127
2027,3,14,1,85305.038313349,142895.92906491802,62524.90505150252,53303.89261168134,5442.983937274271,8694.063210428621,8698.610824668478,13370.328423577506,21549.14220656325,7518.367825686149,9784.276963150449,9282.629403173569,4608.541388472591,1895.2867070336783,5643.002166739784
2027,3,15,1,143220.08773649365,276075.9532099621,88408.94220504661,79632.3543654292,5442.983937274271,11906.275676684418,11912.503506814064,17599.731312292348,23224.30447721794,7518.367825686149,18104.23339607605,15003.961289147308,6525.324223884356,2360.947519137652,6500.273434853321
2027,3,16,1,134755.59612389567,244065.496614418,91668.30158274365,66578.42640936961,5442.983937274271,15844.428062260262,15852.715826558077,18746.57769104661,31667.031584831304,7518.367825686149,22243.77449216676,23527.819513917417,12168.11632346676,5228.458490367273,12854.166410273656
2027,3,17,1,88906.4342794813,110706.83015032895,50292.38755891383,39855.41958291642,5442.983937274271,9793.0157434627,9798.13818814342,11702.77989997177,18226.0376643618,7518.367825686149,12968.382123625244,11440.692938262337,4988.194032887108,2504.106754364112,6846.263642457964
2027,3,18,1,70170.69674294304,87548.09658368323,36674.87857157014,29654.51942509284,5442.983937274271,6939.469273665483,6943.099110316329,8993.82720102902,12188.875331441912,7518.367825686149,10164.40761526104,8487.397791113572,3837.127131918949,1682.9076209757009,5287.206567079368
2027,3,19,1,56164.81946063354,79578.41956975867,29627.10437066913,24699.372248056272,5442.983937274271,6067.193600917803,6070.367175269369,7936.80189815936,10184.805107701006,7518.367825686149,8454.841528366129,7031.936663922803,3054.3161529315794,1261.6890966665085,4813.045902872806
2027,3,20,1,56493.87076451492,96982.63995651786,28417.83479273037,26167.2497800938,5442.983937274271,5004.107658111668,5006.725162803434,7914.672069940673,10070.25441719122,7518.367825686149,9117.004587478355,7291.10138786016,3066.4251519416694,1169.658159059287,2805.042041757871
2027,3,21,1,52914.68075716402,122684.792487238,29506.177421127995,29571.792251842748,5442.983937274271,5905.076596763125,5908.165372375738,8241.412641317815,6371.741104623993,7518.367825686149,9805.73595356665,7613.33278971396,3396.2172158775247,1288.8264217534168,4589.623088274209
2027,3,22,1,25201.69673365535,87668.6800828222,29001.685288036148,24472.402777716143,5442.983937274271,5233.653879520736,5236.391453234307,7386.159432801504,5027.755124466051,7518.367825686149,9496.113403206406,7059.5283564832125,3216.006862092173,1151.1733105947756,2989.243303514912
2027,3,23,1,42673.71573116512,69480.66685356085,24124.92783643535,20202.40652342898,5442.983937274271,4483.324688891496,4485.669787000819,6707.944935808187,9483.890915272124,7518.367825686149,7498.383733926335,6872.299093502539,3260.88138139442,1199.1552556594245,3303.015787772901
2027,3,24,1,39264.09813951211,63744.01784671792,22668.135934442515,19050.58935628209,5442.983937274271,4182.045255633346,4184.232763142313,6687.116842008508,7572.822251366941,7518.367825686149,7097.8159502232,6058.3445509500025,2736.6330880058617,1048.1301248519048,2915.00248014736
2027,3,25,1,36754.82957318495,60316.31983990823,21422.966152885256,17334.530258199316,5442.983937274271,3853.5072213364224,3855.5228800553655,5506.424796534062,7318.769208649745,7518.367825686149,6016.691671021498,5334.062951546188,2319.228862122774,882.5530981019498,2571.8138197221388
2027,3,26,1,32634.622652216727,53036.64850248957,18254.301987344104,14729.684026008208,5442.983937274271,4182.045255633346,4184.232763142313,4966.196378076206,6587.232535905576,7518.367825686149,4951.917088117248,4867.960648751184,2117.649694836348,777.543436098035,2188.0028251749686
2027,3,27,1,28395.31126852151,47496.5059877383,15680.825208312905,13121.806662316038,5442.983937274271,2849.242506595722,2850.7328633463217,4535.315366292302,5549.471209454406,7518.367825686149,5798.014354004148,4467.881284886315,1995.135151582484,686.2990889952193,2180.298589658424
2027,3,28,1,26677.38083736368,44461.8209160604,14702.072638252654,11800.292683233234,5442.983937274271,2923.845016781293,2925.374395957821,4582.178577341345,4343.853412798719,7518.367825686149,4381.721098730684,4265.870779754713,1705.9438379915648,629.2713720559655,2266.445946239445
2027,3,29,1,37683.44063775568,68987.16766914658,17485.282131499374,14729.684026008208,5442.983937274271,2539.355084148619,2540.683347707466,5397.077361268784,5688.973536754167,7518.367825686149,5696.850554864871,3974.1873105026434,1719.477421439861,600.1675707080253,1904.346892342961
2027,3,30,1,32951.56166000077,70840.58090766569,17993.553242079484,14623.62354748195,5442.983937274271,3364.286847749609,3366.046609371476,5502.519536094553,8265.797287767626,7518.367825686149,6752.428430796397,6177.580020344071,2397.5811939362816,880.5866218409057,2928.309794641305
2027,3,31,1,29105.90064289281,62569.44514589473,16994.016378356242,12014.53489615009,5442.983937274271,3169.1725517035857,3170.8302546528125,5210.92636585644,7560.346420518356,7518.367825686149,6167.926440318357,5286.762922136852,2047.84490093751,899.4647655576264,1383.2604243968508
2027,4,1,1,27216.378982398062,56616.19244615413,15023.28485828743,12105.74695397666,5442.983937274271,2928.149011375769,2929.680641847996,4351.767868309295,5312.430647498533,7518.367825686149,5214.534244791113,4507.297979556125,1656.795565374747,681.9728506840272,1769.1725754831657
2027,4,2,1,24761.202465283583,53275.28925506602,12447.379084368293,10670.46336711143,2467.8461070469816,2443.2236539556693,2444.50163393016,4008.036073123612,5240.970721142121,4745.503143803075,4594.2705167755785,3996.519524825984,1663.195057714886,699.3440360567762,1700.5547961100872
2027,4,3,1,29342.61517045569,49869.65474561617,13186.995009500924,10627.78150105106,2467.8461070469816,2153.349649407542,2154.476004633173,3920.649662896255,5441.717685273283,4745.503143803075,4560.549242915447,3913.437754175283,1586.267826550059,665.7341599410349,1875.6531021736912
2027,4,4,1,26985.76225786723,44947.67548988196,12562.17951355013,10452.785877979475,2467.8461070469816,2687.4032058413195,2688.8089091116226,3500.6732107774587,5466.669297155386,4745.503143803075,5017.319463895579,4081.511226783178,1596.2398706891863,657.1162330399153,1863.046024506221
2027,4,5,1,24763.237769700856,40369.60948669837,11911.016353087136,9432.689621711354,2467.8461070469816,2707.394522994989,2708.8106831479217,3290.684999013723,4627.388116790138,4745.503143803075,4540.112088881788,3545.7770577496017,1342.6649513255668,587.3110998991547,1895.964507645889
2027,4,6,1,23177.755543950218,40383.0086833095,11276.790962216986,9040.016555802456,2467.8461070469816,2634.569019476284,2635.9470867043306,3325.9004189140696,5306.75220714743,4745.503143803075,4243.773456377281,3324.2256763381006,1321.296278609154,540.7743476263494,1837.1314785312504
2027,4,7,1,22725.9236405289,38710.33968227006,10422.374566639864,8700.695799321784,2467.8461070469816,2484.634203610322,2485.933844251492,2995.918935116347,3747.277037394265,4745.503143803075,4520.696793671788,3423.5418106634643,1331.2683383909737,520.9531318410054,1991.217988482377
2027,4,8,1,25693.360173509554,62636.8759528094,11965.59361983333,10954.29768845452,2467.8461070469816,2350.406833283402,2351.6362634503785,3171.9960060265944,4274.663193771801,4745.503143803075,4548.286937030626,3478.929671745305,1287.1064085199412,508.4571572337008,2395.344895242928
2027,4,9,1,30242.208413520573,70122.57218209827,12035.226635926498,11368.311641099472,2467.8461070469816,2457.503152754093,2458.7886019234243,3132.8677775769984,4579.753230436239,4745.503143803075,4667.844262320713,3380.5684925872097,1329.131461733712,511.90432231630007,2491.9991573598104
2027,4,10,1,30405.03073932599,60341.14335291152,13290.503606042024,11982.930354970087,2467.8461070469816,2687.4032058413195,2688.8089091116226,3672.837473138457,4206.613370356185,4745.503143803075,5208.406772201021,3747.274212873668,1248.642800758898,517.5059667584061,2489.897970057939
2027,4,11,1,39899.60657936179,58708.67199075383,18486.63507812161,15009.073760549789,2467.8461070469816,3458.4965804580816,3460.305620479659,5044.9344272473645,6776.628447718337,4745.503143803075,6893.449504031586,4597.1911485575765,1626.868310968364,595.498125250527,2493.3999386402043
2027,4,12,1,52074.64463412213,62232.66619288782,25929.8440928833,20214.12576650934,2467.8461070469816,5273.421910567195,5276.180285793234,6366.164670076279,8770.488313643902,4745.503143803075,8845.196984919383,5704.948055614661,1963.78106018321,655.8235473168227,2473.0885331680065
2027,4,13,1,60655.380280401376,55153.41289843118,28615.42162473184,21609.82236078007,2467.8461070469816,6637.114814945032,6640.586498680643,8379.964770898274,10416.159931371514,4745.503143803075,9280.50821548286,6446.954197552345,1903.9487640629657,685.1244741766313,3352.782453471133
2027,4,14,1,56124.84955485978,60021.79531867251,24712.20661992112,18933.67015504889,2467.8461070469816,5957.410314260025,5960.5264641340345,7941.72849789728,10255.108672658633,4745.503143803075,8387.40490511559,6341.908290279881,1799.242277138066,631.6933822755343,3707.8818308422815
2027,4,15,1,49082.78471847842,54950.19143101506,21422.5152371574,16541.352270660813,2467.8461070469816,5022.102593585786,5024.729510910383,6962.218193105322,8775.024963556867,4745.503143803075,8537.617927794832,5863.471892662474,1621.1700045011148,562.750033308119,3629.437786895643
2027,4,16,1,45907.74970319939,53085.466984259976,20362.96362748252,15452.965010178244,2467.8461070469816,4870.739830979419,4873.2875747992975,6659.626483518122,8011.732762635208,4745.503143803075,7268.471131317744,5771.795462590912,1645.3878304512004,543.3597190725346,3784.224687486967
2027,4,17,1,45950.49060033187,45823.091041828106,22263.75782110975,16046.242791018503,2467.8461070469816,4900.726775316672,4903.290204444073,7271.331297926971,8535.716412897511,4745.503143803075,8431.344767213224,6072.608752040343,1822.035518649993,570.9370586594911,3690.3719879307896
2027,4,18,1,47206.25761069461,42540.28272203192,22879.16346340302,16468.793153911243,2467.8461070469816,5387.6579637406585,5390.476092558264,7512.622121041643,9153.835667162231,4745.503143803075,9708.666434280269,6574.9192175857925,1805.6528758244656,591.1891665315135,3951.6186657458434
2027,4,19,1,42132.30745444277,43647.95135857441,19081.33903411703,14915.173664475564,2467.8461070469816,4835.041068286814,4837.570139111382,6516.156274414345,8474.471576805168,4745.503143803075,8257.629036470236,6295.115109590854,1740.8345654560756,552.8394301469875,3770.216828539186
2027,4,20,1,38314.12435361046,38493.71901824386,15868.808624644453,12776.812804447069,2467.8461070469816,4162.476269911384,4164.653541447138,5541.863085809819,6961.497124700748,4745.503143803075,8144.202864122332,5620.91132979669,1552.0779564608465,505.44088423776793,3759.010532152193
2027,4,21,1,35019.00786460239,38652.27639885915,14526.96082758067,11682.023305720706,2467.8461070469816,3671.261241265968,3673.1815723579934,5191.013194444857,6339.975389228213,4745.503143803075,7349.197866187832,5454.747788495076,1486.547353873353,483.89609064266494,3561.499633314437
2027,4,22,1,36075.31761033515,34887.096265339,15944.087618951153,12392.676148785618,2467.8461070469816,3779.78547608408,3781.762573079881,8503.870880072836,6074.581082889248,4745.503143803075,8799.213405174205,5920.769664078852,1611.1979447192475,526.1238841964449,3730.9947988751846
2027,4,23,1,41147.23250722651,35581.6223932689,21155.27488163996,15243.823931294077,2467.8461070469816,5166.325622489594,5169.0279787297,7660.005167285994,9541.719670593531,4745.503143803075,10203.245364415396,7425.791108436759,1946.68610949584,585.1566205396481,4217.7681088048375
2027,4,24,1,48195.40312168862,40164.15479532323,24365.923312128914,18374.53787631586,2467.8461070469816,5961.69415448156,5964.812545109095,9804.232715334352,10870.959589513272,4745.503143803075,12692.489801153186,8704.486374575288,2171.769465237543,644.189356882851,4703.140622072732
2027,4,25,1,51423.355421014734,39215.043539394974,26543.367756192943,20572.65333031136,2467.8461070469816,6789.905555685109,6793.4571598597,10392.460592673571,11827.05962344509,4745.503143803075,12590.30407586667,9281.28393037884,2234.450914591412,650.2219028747166,5119.174215860473
2027,4,26,1,52204.90249476647,40412.04034954018,28150.573929790127,21360.1335415442,2467.8461070469816,6878.4385047427495,6882.036417954909,10668.96683568859,12631.181723397374,4745.503143803075,14578.838429526695,10011.830526422113,2374.059579467368,680.8155154576059,5490.382624099992
2027,4,27,1,50574.64411252288,38158.73856343366,26052.172396738624,21353.73125700577,2467.8461070469816,7008.382003455043,7012.04788637145,10466.804269614837,12213.80948307888,4745.503143803075,13884.99729805505,10745.24198796698,2611.9641325818225,715.7180772964398,5694.89746010228
2027,4,28,1,56564.46976694853,65689.66436291883,29294.81442869148,22188.16149312841,2467.8461070469816,7618.116956888549,7622.101774610197,11649.781390936085,13428.498860934262,4745.503143803075,15159.253388650664,11556.960402382723,2780.776653298797,737.2628708915428,5668.982898745862
2027,4,29,1,61308.704752869264,38549.54907769575,32430.183864873325,25342.3504505956,2467.8461070469816,8611.970650889978,8616.475324874662,8145.195343017891,13958.15332981446,4745.503143803075,16199.504145225968,12546.301924966445,2975.9438766231183,765.7020041149374,6026.1834634189645
2027,4,30,1,65289.71022456378,42439.78857577919,36194.13275497362,29160.242272531872,2467.8461070469816,9615.819972074987,9620.849730747605,18874.15881472364,16428.361984555846,4745.503143803075,17501.350379180643,13915.718645037312,3282.228185558691,818.7021944662749,6618.716144550621
2027,5,1,1,68322.27568786661,44271.015006482274,37965.0707288098,30775.750389054963,2467.8461070469816,10452.599085114807,10458.066538857953,13794.008967575766,17357.242094103127,4745.503143803075,18218.69421871626,15771.211466979392,3436.082632245605,832.0599721730866,5993.264980279298
2027,5,2,1,64468.16855392738,46905.03958946565,35839.8104549097,29924.920499358832,1661.3260577591295,10574.97122633395,10580.50268942215,13823.000456383106,17357.28418798942,8517.945425839063,17544.259248896946,13835.56845148131,3239.51500816096,798.4823557121866,7607.678326254155
2027,5,3,1,58296.49679435672,40300.11266558669,29565.20723310976,24606.03569375611,1661.3260577591295,8875.141461199775,8879.783792260963,10974.093337752032,13975.199684945806,8517.945425839063,14418.3993456995,11810.013769771756,2658.995050682347,701.5268668172595,6798.723399168589
2027,5,4,1,50095.810542886094,38093.99998574717,21688.056818836583,19446.56663894996,1661.3260577591295,6125.963469864544,6129.167785043089,8397.185954730781,11108.026752812557,8517.945425839063,11003.353933969433,9330.521217471784,2173.9225634174463,598.9694969031202,5618.559710072052
2027,5,5,1,45693.07613652686,33514.13695585032,18147.76448158801,16708.49353893227,1661.3260577591295,5073.755959727178,5076.409895440958,7096.485826916426,8329.318805324776,8517.945425839063,9280.503390630607,7896.230126158178,1945.9883493832929,564.927347090377,5025.326084570934
2027,5,6,1,42347.16314058036,37935.30296119164,17061.196013470642,15409.470631041024,1661.3260577591295,4557.659635649335,4560.043616229857,6096.14559848004,7000.0756733216,8517.945425839063,7411.527304789867,7910.534886890099,1704.520536258151,517.0959691621679,4314.426308552191
2027,5,7,1,41017.87997226287,43134.30803297733,17266.45765562383,16361.656561974843,1661.3260577591295,4541.93369957201,4544.309454367982,5960.790264906171,7738.418055709882,8517.945425839063,7203.068531127785,6706.073706087317,1636.1402798692511,472.7118982628312,3974.735263781857
2027,5,8,1,34904.00316243909,38780.19716439232,15733.586392160105,14170.76720142932,1661.3260577591295,4111.615140149307,4113.765807691927,5312.373846579101,6422.784923260443,8517.945425839063,7658.81664643106,6299.818392242417,1393.960174525006,448.1498380479317,3825.5513652609498
2027,5,9,1,34844.14411699942,37043.47014754734,13827.85457228592,13425.390870628458,1661.3260577591295,3732.763252076754,3734.715753100533,5260.809935847911,5856.835835342944,8517.945425839063,7800.854753637883,6527.740971961389,1504.3658126252212,430.48239189076514,4025.8640266172233
2027,5,10,1,31626.20554964796,39376.9874940287,13517.13740755874,12962.22351095654,1661.3260577591295,3837.126236745529,3839.133327042897,5575.349902814608,7317.642288063561,8517.945425839063,8750.159715840773,7217.230640578007,1562.0616544421416,427.0350848618927,4071.3896335683694
2027,5,11,1,31337.230981142777,32351.848605439736,14654.55050263164,13192.73005890518,1661.3260577591295,3995.815145307668,3997.9052412058486,5817.700377602716,6528.262413575337,8517.945425839063,8734.831855925864,6988.354405949085,1578.4444224095903,426.6041738490524,4134.425068049562
2027,5,12,1,33611.87385176685,35257.56943241678,16031.121616565844,13920.87223321428,1661.3260577591295,4406.118874141782,4408.423588111485,6904.410194397268,7832.553883881116,8517.945425839063,9992.737576988691,7882.879020335786,1671.7550003232536,434.79153040838713,4207.966439040443
2027,5,13,1,37713.24907040604,34227.1561205286,19560.115147824028,16809.74407522394,1661.3260577591295,5445.4597007450375,5448.308063987667,8612.465362804147,9821.881931973254,8517.945425839063,12596.42867598648,9812.114954616518,2091.2964000756665,482.62290833659625,4614.895277514514
2027,5,14,1,45377.26818884102,37872.71819631589,25646.40493645595,20702.504225053424,1661.3260577591295,5847.185671949395,5850.244166485408,10595.098460927977,12707.201513573207,8517.945425839063,14223.224691863665,11918.72996811302,2503.002585418041,544.6744253930995,5103.069814784195
2027,5,15,1,47408.34677643445,38261.63775406277,29120.787572095265,24957.181198262817,1661.3260577591295,10250.44526215498,10255.80697505156,12216.784040976529,15354.346140343772,8517.945425839063,16454.959919575896,14093.054207574496,2849.1776676051886,586.0421002764041,5736.2258759709575
2027,5,16,1,53749.27510374525,38605.85388730581,30497.358686029474,27736.185402587613,1661.3260577591295,9477.015581325744,9481.972735416512,13375.68334994967,17662.374996790215,8517.945425839063,17698.559639547697,15167.818865906816,2826.3842383803794,583.8875357491455,6086.422811106807
2027,5,17,1,52302.337985298,36225.39797942921,32962.38136115066,29489.75861505188,1661.3260577591295,10464.889736578743,10470.363619207928,14128.516743975331,19964.7329848037,8517.945425839063,17931.542980097413,15833.467266636548,3098.480710783157,596.3840213630094,6297.9417688500735
2027,5,18,1,49226.82265156349,40190.589339316735,32487.83155082913,29517.76409041684,1661.3260577591295,10344.800847225844,10350.211914813308,14975.454280088745,19553.030541890505,8517.945425839063,19275.284662825725,17537.641564955786,3339.236231689244,624.8242996196096,6592.807597309541
2027,5,19,1,48622.04009031566,37988.947031356736,29738.455591624464,29201.086852599008,1661.3260577591295,10284.756386852843,10290.13604691124,15228.117531304888,20037.319657393,8517.945425839063,20614.93891025917,18530.392236591204,3479.558221205204,635.5971317190433,6844.249006119734
2027,5,20,1,50283.64401692011,39580.3879430881,35508.3788125336,30732.7705722132,1661.3260577591295,10376.252687987404,10381.68020712755,15685.747414166362,19328.46558661485,8517.945425839063,19172.077123597785,20178.301125920123,3826.445611254146,661.8828454483851,7303.707388709566
2027,5,21,1,49034.86094108643,36151.63738295141,36338.841011542645,34056.804298529816,1661.3260577591295,9973.097106207984,9978.3137462666,17566.541759289892,21519.67526569555,8517.945425839063,24888.344028407893,21216.82704448137,4157.66250991205,657.1427959179227,7511.7243624892035
2027,5,22,1,48539.47594719586,43018.07919793543,39007.24219448516,35579.87091675114,1661.3260577591295,14313.453014890336,14320.93997020416,19917.85692921842,24013.70741616674,8517.945425839063,22172.248660768542,22120.88818699478,4045.832287373629,635.5971317190433,7868.2248441494685
2027,5,23,1,46597.15383485804,38536.56361365917,38020.47988720924,34763.40378879788,1661.3260577591295,13391.341825096766,13398.34645058667,17971.318605775286,26066.54878720717,8517.945425839063,22302.024484531667,22895.252786065776,4227.467366381849,623.9624681308601,8093.051285581767
2027,5,24,1,41403.86748891045,34613.84049233574,35589.35358879616,31844.372253943253,1661.3260577591295,12943.867719021566,12950.63828368542,17758.61739180889,25857.86214398769,8517.945425839063,23363.733692934995,23057.37344963988,4378.47377046974,627.8406861725609,8210.71745148059
2027,5,25,1,34759.515833129364,39030.53617484591,32015.16487483989,29496.2214063758,1661.3260577591295,11681.504660364788,11687.614919244976,16713.158709317493,23825.435784731915,8517.945425839063,22231.51636033997,21750.871591949,4053.667517426456,593.7985363598177,8032.117023021082
2027,5,26,1,39713.366087432565,27651.28641767193,27787.528547789945,25808.11659290463,1661.3260577591295,9784.385998852327,9789.50392956202,16361.234899208175,21719.288584181453,8517.945425839063,20340.059447700485,19627.090852990725,3663.3301925134247,547.6908119460387,7597.172420507275
2027,5,27,1,35312.69577676681,30950.39712522597,25618.15792148079,24599.572902432188,1661.3260577591295,8363.334000240213,8367.708619549001,12702.77408760615,19321.66057438416,8517.945425839063,17917.236979006164,18493.199841910395,3376.9878288005075,514.510493622057,7220.360517993447
2027,5,28,1,37364.4154114044,29227.08112592279,24872.436767397227,24153.63965295773,1661.3260577591295,7924.437683187861,7928.58272846516,12588.04433547968,16764.115125872093,8517.945425839063,17375.652879596288,17753.166693762527,3299.34774227793,485.6392948895355,6920.591924289957
2027,5,29,1,35093.90073216589,26750.51290931698,23678.529683636247,23987.76111083757,1661.3260577591295,8723.600699692224,8728.163764142591,12571.28607378414,17627.215816746895,8517.945425839063,17555.499673516988,18791.69261232377,3404.055011339888,480.4683343462328,6893.276566271782
2027,5,30,1,35062.93916159966,30109.97324485643,22509.10330492485,22070.4636663221,1661.3260577591295,8423.378460613316,8427.784487451174,12402.414188228024,17000.0217432914,8517.945425839063,17934.60855656862,18885.150395023164,3171.8470439911634,450.3044025752023,6910.786424564639
2027,5,31,1,31597.308119831312,31370.60904088655,23128.65445878552,22094.16056784348,1661.3260577591295,8846.548872981433,8851.176248082651,12943.835465340851,18019.637441488463,8517.945425839063,19105.656434701406,20974.599704030054,3032.237331051567,417.12408425122055,6748.99543299498
2027,6,1,1,29778.83224470297,29519.88837494048,22793.456589008747,21441.417764530364,1661.3260577591295,8094.563633316065,8098.797666581448,12238.69871947733,17271.08754075403,8517.945425839063,16939.320037061894,17253.453576246284,3049.3323912381184,412.8149457335985,6262.922083027171
2027,6,2,1,29299.70440930001,28288.120419794857,22377.925284766192,19211.007612387133,633.394716916081,9034.374945941609,9039.100567455736,12459.204478735996,17415.123653589693,7889.630853388453,17040.483836201172,17380.275145734213,3042.9340564608024,409.719012492886,6043.589312894162
2027,6,3,1,26945.569771649323,26866.012231071003,21387.73497814723,18318.42271688376,633.394716916081,8997.679671940434,9002.386099212863,12025.43182615315,17446.88030260991,7889.630853388453,17448.204698994185,18038.24271632729,3197.5025786392976,403.2565680382176,6087.012948093548
2027,6,4,1,27735.656049519446,23791.84745811564,21045.77172195945,18570.067150608564,633.394716916081,7766.186488678458,7770.248757310567,11909.149393551448,16304.774832597575,7889.630853388453,17509.516116213155,18857.59854906024,3426.8623156760696,398.517436426948,6277.516633535112
2027,6,5,1,24764.77046584781,24017.33087718975,22870.202090990948,19925.075547307555,633.394716916081,8949.241932861933,8953.923023747146,12127.34225760426,17926.63264366143,7889.630853388453,18852.235940117807,19663.58492556423,3389.8228543564587,391.6241661272031,6402.884866177433
2027,6,6,1,26338.89640304604,26379.32528714958,22710.49395439217,28827.265469641414,633.394716916081,8975.662494982513,8980.357405703357,12378.198737243134,18488.044982035604,7889.630853388453,18122.630176197043,19084.87905329018,3199.6394709393,376.1142937581528,6170.358311435593
2027,6,7,1,25758.42485287758,24539.737926884365,24223.02375248553,20929.50235162933,633.394716916081,10066.245877564734,10071.511241064716,13699.11481859697,20091.75611872534,7889.630853388453,20038.611655724388,17404.149150746816,2899.0500114251995,359.7427696989615,5869.89478747798
2027,6,8,1,23468.78708917852,22385.3668340616,21128.44415797468,22688.86245712553,633.394716916081,8558.80426269552,8563.281126872731,11272.862415827847,18811.282365580395,7889.630853388453,15064.212798278744,15990.808100148077,2659.7181207501185,362.3277436955941,5416.748149682233
2027,6,9,1,24720.428881901888,21979.050250754422,18736.580290225247,18331.32755963869,633.394716916081,8097.911707885773,8102.147492432603,10473.257445948544,16462.423933902046,7889.630853388453,14781.158465129876,14250.87066265705,2332.7736614165124,329.15386026901825,5036.441154058019
2027,6,10,1,22448.93083865782,24535.272901400363,18137.20509816731,16746.182877630963,633.394716916081,8084.701395432339,8088.930270044932,10129.636356371955,14800.87031778955,7889.630853388453,14927.28400763179,14738.855311689407,2650.458259330865,316.22897135969345,4866.948910957479
2027,6,11,1,20782.09068457784,23983.84321058392,17340.543464526872,16913.945787153203,633.394716916081,7864.529782818372,7868.643491997209,11093.865884759924,14829.224460694531,7889.630853388453,14980.420554260803,16098.718600287795,2700.3190588079374,305.8890659100821,5009.826678883932
2027,6,12,1,22321.952705362768,18744.14480561996,16609.643978080465,17972.14280048426,633.394716916081,8975.662494982513,8980.357405703357,10232.853325584534,15908.950776463716,7889.630853388453,14821.010891932645,16162.700932043335,2678.23784358853,308.90486575179114,5071.460224626201
2027,6,13,1,24242.74917108896,19090.183716565523,17058.70562010102,17232.26522634793,633.394716916081,7311.165166407269,7314.989426481755,10665.319440405754,15057.191897177994,7889.630853388453,13658.137861948691,13353.208107744093,2391.8943379555303,291.6716805393421,4682.748664370784
2027,6,14,1,22041.79453022425,19565.70807225172,17962.465639575046,17036.541793326956,633.394716916081,7626.744472588418,7630.733803115218,10372.65355225906,15143.38851950574,7889.630853388453,13835.940938222077,13330.289057898968,2227.353662138726,277.8851304767714,4382.285125031723
2027,6,15,1,19072.924471047925,16696.934128216635,17500.25155986299,17266.678124930335,633.394716916081,5824.272912513062,5827.31942204407,11194.469778449406,17606.797741324684,7889.630853388453,17075.226968884963,16375.657045849017,2416.1124454749392,270.1301990237927,4579.092249328075
2027,6,16,1,17432.286135402075,24818.80155366768,16912.149921194155,16109.543999241514,633.394716916081,9327.937075164838,9332.816250579692,11390.451386191178,18970.06566049744,7889.630853388453,18337.220102801763,17811.917146292668,2836.367842505233,270.1301990237927,4913.174062573479
2027,6,17,1,16392.274594874983,20318.06361555386,15610.059043637051,14631.939642663408,633.394716916081,8005.439614891324,8009.627029947765,10628.736182943963,17690.726051149766,7889.630853388453,18419.990510437165,18823.21997429245,2978.1150108835745,270.1301990237927,5521.104939983691
2027,6,18,1,14731.481014280223,15779.37298535126,14569.137911817965,13700.640218894545,633.394716916081,7911.499737307053,7915.638015117232,10526.825751492854,16931.96880642271,7889.630853388453,18254.44971760771,19154.59115799303,2987.3748723027807,263.66775456912427,5734.020833665064
2027,6,19,1,14715.35681832054,18777.632423176376,14368.093619105352,13836.141067823237,633.394716916081,8536.787117130687,8541.252464772735,10525.519213731386,17725.885206285668,7889.630853388453,17970.37352563518,19785.819837100167,3114.1637945808707,257.2053101144679,5841.879531023415
2027,6,20,1,14652.875468864222,12830.228680701925,13689.803842161886,12638.14162217471,633.394716916081,5699.508993466277,5702.490242582087,10499.388315544302,18887.27151937728,7889.630853388453,18605.96843485916,19134.536994621456,3032.961902822494,252.46617850318628,5996.663770637964
2027,6,21,1,14165.118135576142,16337.500189868477,11369.33885703858,11126.124320719897,633.394716916081,5824.272912513062,5827.31942204407,7877.154333624735,15248.866009820633,7889.630853388453,15488.283379810551,16912.34466007343,2728.8109509273977,243.8495858969737,5415.3473837832025
2027,6,22,1,12566.8058593816,16973.76526678318,8718.184169116597,9381.819895967486,633.394716916081,5052.204468077812,5054.847130826587,6850.210678179219,10768.909089509125,7889.630853388453,13302.531709402154,13942.41852880159,2483.7806912140595,223.60059137973465,4749.985258327644
2027,6,23,1,11792.843822527951,17060.833092048793,9576.85014008443,8342.980146769343,633.394716916081,4903.955587483287,4906.520705509403,5952.6148901333645,10599.918301153575,7889.630853388453,12593.363077074158,13540.380285230884,2380.497568593535,216.70732107998973,4366.876746286899
2027,6,24,1,11538.88751088106,16605.40127746702,8056.8046809939215,8192.423663390819,633.394716916081,5065.414780531247,5068.0643532142585,6662.068325597894,10569.295820838288,7889.630853388453,12034.407422542718,13406.685869744446,2173.931354637966,205.93658032222103,4330.456909819769
2027,6,25,1,11825.092214446628,12790.043549443684,8567.870660342282,8005.303443441704,633.394716916081,5015.509194076636,5018.132662583716,6411.211874550344,11304.235572573103,7889.630853388453,12128.41825479816,13062.900205953923,2162.534600918711,202.48994517234263,4127.346377431358
2027,6,26,1,10551.279652279036,13196.360181800268,9310.043658915134,8117.145398554743,633.394716916081,5699.508993466277,5702.490242582087,6624.178558965802,12246.727773914829,7889.630853388453,11545.959869761851,12099.345387979143,2065.662170841027,197.750813561073,3941.745349564269
2027,6,27,1,11222.44989483395,14055.876091472444,9725.284764556349,7762.262269083053,633.394716916081,6478.916486423102,6482.305421166198,7150.715821486518,11746.560445986295,7889.630853388453,12427.82228424448,13628.23662199903,2158.26081631866,192.58085610472688,4054.506719878461
2027,6,28,1,9964.761528625351,11738.531838253808,8513.381984012041,7575.14204913394,633.394716916081,4746.899842384274,4749.382809070382,6892.020086687196,13957.050569624382,7889.630853388453,12489.13370146345,13868.886603429874,2173.931354637966,187.8417339565381,3735.132894737768
2027,6,29,1,10291.276767146916,13017.75945673562,8344.279260851465,7005.178222508706,633.394716916081,5049.268836111989,5051.909963316174,6362.869720052221,12724.211802463691,7889.630853388453,11912.806469369782,14666.278341484962,2177.4928470189143,179.22514135031358,4060.109768093052
2027,6,30,1,9360.103684517368,11651.464012988192,7904.61224665496,7119.1709693159655,633.394716916081,5016.977010059654,5019.601246339029,6485.684870052902,12988.472537880336,7889.630853388453,12503.439702554926,14206.942494273084,2353.4302765549733,175.34767089228978,4143.455146816461
2027,7,1,1,9880.109454780915,10957.153751929704,8316.095501166476,7220.258919662589,633.394716916081,5758.221413032284,5761.233372924955,6790.109655236087,13754.034794838311,7889.630853388453,13498.728199620537,15515.237931205656,2502.300414052471,181.3792895018697,4462.828971957156
2027,7,2,1,9407.61131758122,10861.140670348545,8670.187556925941,7363.61634552297,185.9749110542204,5679.247099147002,5682.217749849055,7244.222519255011,14302.980194385944,3393.8967577535777,15264.480139764984,17249.161929919,2699.5278802451166,174.05449308879977,4745.825367065193
2027,7,3,1,9566.155007445506,12791.51253306716,8191.543689275795,7203.255077828687,185.9749110542204,6066.734351195499,6069.907685326752,7312.73496694712,15164.947139985356,3393.8967577535777,16933.17045991609,18324.429410368168,2957.371969600141,174.4853283969691,5110.72722941335
2027,7,4,1,8124.848813779364,12775.83665463592,8100.546766303334,6659.326945991639,185.9749110542204,5765.517829718307,5768.533606156548,7104.612224749973,16600.8025786067,3393.8967577535777,17534.021585662285,19075.970696287422,2829.8744780753545,166.73042533323297,5276.719057449953
2027,7,5,1,7628.627701407281,11454.584450362345,7525.446173506235,5612.644600771413,185.9749110542204,5040.258669864163,5042.895084109707,6493.170907988977,15268.156342705235,3393.8967577535777,16573.477253574365,17965.370273116212,2545.6761553951897,156.82137411795276,5242.400069894607
2027,7,6,1,8198.973148016701,14939.107142485587,6837.509366514613,5244.2470701335205,185.9749110542204,4383.723692815345,4386.016692510256,10552.210644837744,14927.906229322662,3393.8967577535777,16576.542830045568,16786.968809030746,2541.40249593706,155.52889658272332,4904.112928822523
2027,7,7,1,6693.837686561006,12766.87898879674,5805.60415602677,4943.027904015251,185.9749110542204,4518.247571012159,4520.610936275996,5784.777981937448,14474.239419782156,3393.8967577535777,14994.710240619135,16619.853521261673,2419.603217023081,146.48150652067693,4975.552451112556
2027,7,8,1,7793.348404105058,12946.031815089324,5783.764906066956,4531.289506482058,185.9749110542204,3972.840980959365,3974.919059733399,5413.776581878799,11249.802598308306,3393.8967577535777,13887.01868673503,15469.145442447922,2348.3755750303435,137.4341164586305,4745.124976424996
2027,7,9,1,7216.825944661457,10110.938204114878,5394.298041084916,4188.896514498861,185.9749110542204,2507.700506719669,2509.01221268012,4741.578900422695,10602.193239084498,3393.8967577535777,13477.254555117954,14719.514024919294,2146.8013195645794,139.58825514710577,4405.437069453882
2027,7,10,1,6955.331815610885,11768.101920900906,5341.519815857999,3915.84892806532,185.9749110542204,3339.701432324942,3341.448334023597,4653.676130872544,10672.511599171135,3393.8967577535777,12780.348969233695,13988.981521988466,2131.131234884787,128.81756170475347,4230.340209238977
2027,7,11,1,6249.091816310115,9945.221803007464,6708.293745796609,3649.30251101652,185.9749110542204,3111.595714898084,3113.223301061108,4988.482286335927,9720.945475313232,3393.8967577535777,12095.70566679314,13281.3676704367,1973.7181427958333,129.6792133949064,4055.243333642792
2027,7,12,1,6263.504846256537,14495.703836098544,3881.929042642982,3699.144501001578,185.9749110542204,3254.892898370976,3256.595439166411,4220.6257237411855,9591.650442191029,3393.8967577535777,11236.325044079796,12248.117755964608,1869.0135017143728,123.64762317456908,3705.7500038531775
2027,7,13,1,6218.206662025627,12652.66908042787,5130.406956212577,3382.7560476730782,185.9749110542204,2760.663880571352,2762.1079043920768,3796.6240991674,8672.975160966134,3393.8967577535777,10378.988139014227,11093.589898425687,1599.7729871376862,114.60023311252267,3836.722453694238
2027,7,14,1,6189.380557075991,8825.5166141507,2935.560994215352,3471.604868787672,185.9749110542204,2507.700506719669,2509.01221268012,3710.0140291776574,7957.315779065768,3393.8967577535777,9211.00709405839,10260.87830411018,1678.1233948939575,106.41450420372212,3279.2140420334863
2027,7,15,1,5619.03511046657,11373.965703055754,3064.7766149333565,3601.627515766853,185.9749110542204,2184.550753445425,2185.693429070574,3504.476657510006,6605.388675177152,3393.8967577535777,9252.9031711849,10476.695760139395,1584.1029024578456,110.29195573558415,3022.872236710049
2027,7,16,1,4700.717174901569,13655.924956719113,4275.035789495161,3436.932166012504,185.9749110542204,1827.7700384701693,1828.72609237189,3623.403959187916,7044.311316458993,3393.8967577535777,9721.934935050049,10661.00005217173,1642.5095660762424,102.96787851693657,3131.43229373477
2027,7,17,1,5205.174304386584,14466.591532482134,3719.954526353929,3404.426504267709,185.9749110542204,1672.775156486733,1673.650137026625,3512.232797689816,7851.838238935581,3393.8967577535777,9902.803385824129,11111.733836884265,1743.652839918628,100.81373982846128,3201.471034744492
2027,7,18,1,5396.662152812729,10717.818409313848,4282.315553235848,3354.5844679883485,185.9749110542204,2033.942492706776,2035.006389485418,3739.745861744847,6456.812798975674,3393.8967577535777,10425.99348781837,11718.123573190363,1794.2244611970807,96.93628829659924,3246.996226398649
2027,7,19,1,5695.218403925177,10570.017339884793,2971.95977165695,2929.8438242749585,185.9749110542204,1954.9828394012263,1956.0054346577767,3240.768348859551,6708.597877897031,3393.8967577535777,10487.304837713762,11442.144612725497,1652.4814381451797,89.61222054103249,3169.953609749851
2027,7,20,1,4706.89418773575,11622.540255668506,3048.3971671476265,2476.931554582537,185.9749110542204,1742.9615045162036,1743.8731975147032,3717.770169357309,7486.636463856066,3393.8967577535777,10991.07968938024,11588.251117505926,1700.9162453373317,84.8731078559246,3386.3733177778136
2027,7,21,1,5610.7990482975365,10758.127832017604,3252.230304314608,2641.626950631528,185.9749110542204,1672.775156486733,1673.650137026625,3273.0855519563947,7784.922384964401,3393.8967577535777,9884.409971878902,11135.607443430808,1547.7767970637674,84.44228201084813,3290.420246132297
2027,7,22,1,4781.018476916297,11445.626833572576,2955.5803238716308,2535.441754982369,185.9749110542204,1267.7412938860782,1268.4044128698022,2909.8402634862314,4479.959709965406,3393.8967577535777,9015.83266463418,9952.431245452904,1425.265241573426,83.14979501253782,2978.747826336204
2027,7,23,1,4706.89418773575,10303.527504643094,2551.553931407806,2424.9225235674458,185.9749110542204,1320.381094149571,1321.0717474977766,2462.570275555662,6036.036856975829,3393.8967577535777,8912.62523761228,9550.399629000513,1423.8406884207002,81.42648216913902,2975.2458885166666
2027,7,24,1,5293.711713626446,9958.658277241004,2951.940442001082,2249.391922368631,185.9749110542204,1083.5020714465256,1084.0688201956164,2263.496373098736,5747.958429305772,3393.8967577535777,7894.8569684827135,8748.24626448657,1273.55034645254,78.41069179051081,2694.3905184563823
2027,7,25,1,4939.562166779893,11553.118529348338,1690.7229625163063,2162.7101422840706,185.9749110542204,557.1043199564285,557.3957251920704,2257.0329324794943,4994.871529951779,3393.8967577535777,7057.957172568341,7524.007455698865,1094.0566804965752,74.53324025864876,2509.488235423061
2027,7,26,1,3786.517247892689,9739.196077295124,1310.3557815788977,2232.055547834066,185.9749110542204,622.9040467410036,623.2298699199318,1765.81155977385,4270.138798410414,3393.8967577535777,6913.875527243593,7853.463297344571,1058.4428516788123,72.3791015701855,2471.667310048177
2027,7,27,1,5077.515768806786,7987.977089918506,2349.540755807428,2065.1931570496845,185.9749110542204,700.4014720362304,700.7678318878621,1992.0319242686296,3653.151944409314,3393.8967577535777,6409.078816753229,6865.095772407454,921.6857646614038,43.51362800374037,2220.228223824671
2027,7,28,1,4284.797364543523,8326.128055678077,1834.4981107152728,2247.224881338598,185.9749110542204,776.4367007141173,776.8428324054856,1520.2008734211863,3631.602788827378,3393.8967577535777,5829.6866589821175,6335.101610604953,913.1384457451444,64.19336319829206,2104.664291160793
2027,7,29,1,4169.492854632086,11329.17747195764,993.6864714796416,2125.870398479209,185.9749110542204,557.1043199564285,557.3957251920704,1396.1028306842866,3374.146866380482,3393.8967577535777,5515.976965062217,5549.182316158956,816.2688470036286,93.920497917971,1965.987575040461
2027,7,30,1,4663.655007783592,11920.38184777478,1870.896888156871,2017.518208094659,185.9749110542204,472.2957860023549,472.54283033477617,1565.4449577565135,2412.3732490840694,3393.8967577535777,4607.547253456069,5196.807802162235,807.7215280873694,62.039224509816776,1876.3379883938228
2027,7,31,1,4651.300937058438,9940.74299461206,1481.43002317483,1969.843212844992,185.9749110542204,432.8159436530347,433.04233721620005,1224.1753616738883,3253.9251579914057,3393.8967577535777,4650.465189406465,5041.151850568671,722.9606311438318,61.17757281966383,1846.9217045570444
2027,8,1,1,4383.629795173686,8507.520286168363,990.0465896090928,2091.197695704381,185.9749110542204,532.2466321385135,532.5250350330917,1878.275392241035,2598.376617831527,3393.8967577535777,4335.733636662676,4772.812447553932,763.5603959960873,62.47005035489327,1739.0620381725207
2027,8,2,1,3875.43178229826,9614.38598231571,1115.5767334822594,1385.914170151482,113.84860969992222,332.2436763241787,332.4174634288943,643.1145574532047,1668.3599235396648,661.5797164332683,4101.72904320083,4706.164567171815,688.7197500757113,52.11771041233436,1685.780868076258
2027,8,3,1,4793.400257554644,9464.267814272234,2096.2823364137694,1302.5509117962936,113.84860969992222,446.27645914739327,446.50989351880406,1073.618363891279,645.3411214440862,661.5797164332683,4205.958329046617,4305.071002540497,630.3174507821178,56.85568752730544,1627.6504906630485
2027,8,4,1,3102.302709952769,8470.303630949937,1448.9010418090293,1131.3585128595448,113.84860969992222,298.4561886053698,298.6123024477039,305.05024900060675,1634.3349122012712,661.5797164332683,3865.680350591536,4031.945373035933,551.2606950483548,59.44003696037242,1496.6820553592795
2027,8,5,1,4396.07060018108,11095.09694995504,40.461351544018,1243.0057537110024,113.84860969992222,301.2718047337093,301.42939134380333,1259.8178501902123,2750.355398670579,661.5797164332683,3739.992096770439,3796.0641694798273,613.936325302486,59.44003696037242,1440.652772959759
2027,8,6,1,4628.987968447418,13590.242813704774,880.5156603199803,1158.1538525154765,113.84860969992222,244.95932520243267,245.08745637522424,854.4047895491889,1239.6447258810358,661.5797164332683,2612.885180352982,3476.1442897195625,501.4050733186247,59.87075871151128,1369.215450205502
2027,8,7,1,5077.207129931584,11349.842960328471,880.5156603199803,1214.7217712143934,113.84860969992222,237.92026918509225,238.0447184302736,1078.9006111162853,2117.490132982723,661.5797164332683,3733.860966269146,3292.7872351975566,531.3184369708473,62.02438639342739,1259.9583556789817
2027,8,8,1,3346.963809937044,10076.113055608505,1267.7883961094556,1248.9602324840905,113.84860969992222,298.4561886053698,298.6123024477039,1022.1163819691966,1970.0484005785247,661.5797164332683,2797.8410888630424,3064.545882698295,517.0739847928544,54.70205984540134,1191.3224878158826
2027,8,9,1,3454.614706545613,5217.743454156469,1204.2063076223503,1225.1421785088344,113.84860969992222,170.34526235449124,170.43436505848885,995.7050886615168,1239.6447258810358,661.5797164332683,2953.1631588080627,3012.0217336641954,466.5061334150295,57.28640927845631,1240.348109915505
2027,8,10,1,3419.3835113918003,8308.812893742004,992.2660126651948,1180.4832636503947,113.84860969992222,298.4561886053698,298.6123024477039,742.1568501743164,2008.610061829658,661.5797164332683,2935.791603686726,2942.307846350361,478.6139279340761,53.40988512886785,1192.7232229521849
2027,8,11,1,3409.597090822376,11095.09694995504,1610.7463654602143,979.5182856710004,113.84860969992222,237.92026918509225,238.0447184302736,703.8605149059948,1003.7379590160756,661.5797164332683,2662.956128069447,2686.3719551253216,376.05379716762224,53.40988512886785,1099.574559420597
2027,8,12,1,3752.1226217890026,10879.01779246354,1258.1547350850558,961.6547104684922,113.84860969992222,221.02650962919623,221.14212223497643,872.8926548366317,1384.8181208749272,661.5797164332683,2510.6996121545144,2747.4909732993933,475.0528109788928,59.00931520922154,1180.817012747357
2027,8,13,1,4384.326868463142,10621.9973074957,1383.3922046122275,1101.5859338168991,113.84860969992222,212.57962985119448,212.6908241372741,1015.5135586423957,655.5486397902374,661.5797164332683,3185.124416122265,3220.208398494523,484.3117181908982,57.71714049268806,1304.781787751144
2027,8,14,1,4219.914624412709,8627.245369921737,1019.24020576563,1080.745119228017,113.84860969992222,366.0311640429877,366.22262441008473,916.4712659212838,1508.4423353792365,661.5797164332683,2896.961103031195,3381.6007920974066,561.9440302711168,59.44003696037242,1319.4894682284937
2027,8,15,1,4223.829201652252,10237.603841866894,1236.960705589628,1177.5060242640209,113.84860969992222,325.2046203069458,325.3747254840512,998.3462408654232,1670.628260949744,661.5797164332683,3245.4139071939967,3330.03161920232,423.77274559566587,61.16293342804477,1183.6184676385146
2027,8,16,1,4963.684344935651,8088.184688963909,990.3392639554986,1307.0167940233453,113.84860969992222,133.74215850745017,133.81211518130644,970.6144000471144,1228.3030637376048,661.5797164332683,2727.333031994926,2926.073105181802,487.1606054979393,52.54844162656611,1172.412617311156
2027,8,17,1,6267.238700790869,10856.272605082071,2003.7993061165323,1329.346251452565,113.84860969992222,221.02650962919623,221.14212223497643,1113.2352752613954,1473.2831553359167,661.5797164332683,2604.710354645261,2541.2142607473006,384.6004747314855,61.59366464227652,1183.6184676385146
2027,8,18,1,1604.9768032806687,9885.053609140194,1608.819616750518,1263.8465682998844,113.84860969992222,205.5405738339615,205.64808619243087,890.0600012049281,1198.8147023121774,661.5797164332683,2790.688099537863,2859.2241672573773,541.2895738309473,51.68698866118349,1269.063110992652
2027,8,19,1,4180.768852020044,9857.759374474226,1745.6174547487178,1183.46054933141,113.84860969992222,270.29993314323985,270.4413192587124,834.5963195684685,1697.8482600574455,661.5797164332683,2475.956524352958,2695.921800404306,447.9883346337588,52.11771041233436,1124.0873704704495
2027,8,20,1,4390.1987568505065,11231.568025189192,1123.2836457965525,1150.7106846077493,113.84860969992222,174.56870224349208,174.66001410734003,751.4007971137,1443.7948188181358,661.5797164332683,2257.279386865001,2451.445706736485,389.5860353401654,46.51828979507355,1149.300541397606
2027,8,21,1,5000.8728512372845,8645.441510016608,1936.3637202100344,1140.2902773133085,113.84860969992222,313.9421244006044,314.1063384902493,673.4875218839376,1801.0574876847452,661.5797164332683,2312.459606259099,2617.613043950709,532.7428962670841,96.91310373973556,2257.979856131956
2027,8,22,1,9046.588765973343,10995.018203960046,2741.73692357147,1612.1858912411117,113.84860969992222,694.0514004781655,694.4144387901279,1490.9165236755923,1123.9596674049253,661.5797164332683,4324.493593542535,10328.159472758134,1804.773362702272,153.3380695159021,4524.364092318749
2027,8,23,1,5464.750276622139,9077.599825000658,1443.1208369417757,1484.1637180278233,113.84860969992222,641.9623608358897,642.2981528703999,1047.207099174923,3021.421370486505,661.5797164332683,3385.4081396652264,5770.972504520808,1022.752389072112,128.35601868759412,3065.5017933502854
2027,8,24,1,3752.1226217890026,12607.651199547978,2352.537439071887,1170.0629026505949,113.84860969992222,487.1030342765258,487.357823854349,945.5236828413877,1561.7482147043254,661.5797164332683,2953.1631588080627,4023.350524868124,542.0017878363494,86.14498425634078,2041.5667620926863
2027,8,25,1,4270.8041285240015,13271.810337525045,1635.7938511131997,1320.4144869984618,113.84860969992222,367.438987803649,367.6311845628365,719.7072565810138,1801.0574876847452,661.5797164332683,2424.863740253952,2710.246568322678,554.1095823553959,67.62380701068821,1635.3545108404162
2027,8,26,1,5840.549736650857,11083.724380789536,1724.423425252879,1371.027880629989,113.84860969992222,170.34526235449124,170.43436505848885,711.7838857435835,1218.0955453914537,661.5797164332683,2352.311965738289,2599.468329531963,326.9104050860343,63.74728286109975,1374.1180154917124
2027,8,27,1,2650.169016285852,9139.011816212547,1420.0000587366517,1222.1649391224605,113.84860969992222,267.48431701490034,267.6242303626129,740.8363026636873,1177.265521822595,661.5797164332683,1992.6187369554432,2390.326688562413,351.83822377226943,59.00931520922154,1267.6623912377963
2027,8,28,1,4448.917415440194,10556.036318046625,1279.3487645808943,1095.6314087495098,113.84860969992222,290.0093088274755,290.16100435010907,493.890858911964,1080.861331333407,661.5797164332683,2105.022870950068,2193.599842261258,416.6505273280395,53.8406163430996,1172.412617311156
2027,8,29,1,4556.568312048763,5991.07943270067,1198.4261027555074,1113.4949376573766,113.84860969992222,43.17289574179923,43.19547824099429,602.1770985724592,1121.691329994619,661.5797164332683,1659.493770266659,2057.037037994952,310.52927960640244,55.99423456192282,1088.3686937118746
2027,8,30,1,3836.286009905595,8106.380829057733,1346.7843092251462,1290.641861661515,113.84860969992222,43.17289574179923,43.19547824099429,758.0036204406597,738.3428307254611,661.5797164332683,1590.0075722224294,1874.6349596121688,355.39934072740505,51.68698866118349,987.515994621638
2027,8,31,1,4615.286970638451,10494.624326833688,416.1737188618532,1164.1083775832055,113.84860969992222,43.17289574179923,43.19547824099429,455.59452364380087,865.3695513452296,661.5797164332683,1532.7836576219026,1693.187857368397,272.0692227476241,55.563512810771954,1011.3284457939384
2027,9,1,1,2943.7623542897,9725.837346525625,741.7910736116729,1086.6995980011052,113.84860969992222,378.7014837098829,378.8995715565308,551.995664161006,909.6020810295474,661.5797164332683,1387.6801310319222,1618.6990474151755,220.07694335899512,48.24118626274591,913.2772169762234
2027,9,2,1,2830.5519478799315,19842.00972141293,1169.8013715859804,1033.7026444140868,109.6171890502998,309.9860595806847,310.14820436668253,711.181066255065,1101.2754464432476,394.83445288982506,730.6274432148028,1530.6505871313798,404.6571125324292,46.54086871453333,835.5622191603308
2027,9,3,1,4918.311456580406,11742.382028193626,2938.233478645171,1414.916225141424,109.6171890502998,1350.2277740970198,1350.9340393844827,501.3243745845826,699.7805965991424,394.83445288982506,1573.6591326304992,2090.202220952782,281.40767329848336,48.26460739672741,883.8889579938281
2027,9,4,1,4886.879268050906,9810.988807633708,2475.0727152268364,1466.3157903338515,109.6171890502998,767.5135875444106,767.9150518120978,785.0195344901222,418.5073555133018,394.83445288982506,2494.351913121271,1940.288206004739,243.64917773831223,44.81713003233924,892.2936149132973
2027,9,5,1,4733.026934141779,8121.630908737748,2121.752431773931,1380.6498483464725,109.6171890502998,573.7723003064827,574.0724240829213,739.6801266784196,1214.692067878693,394.83445288982506,1983.4236233063605,1734.0371001344315,280.6952559374586,55.590482601412965,958.8304181033992
2027,9,6,1,3042.3057006833587,11206.970483254336,1651.2689091732464,1213.6011688820547,109.6171890502998,439.6436926855068,439.87365764768026,594.5940216807174,1260.0587164528715,394.83445288982506,1634.9705274081248,1699.6619228134,264.3094845636998,54.29768332131384,857.2742367177543
2027,9,7,1,3493.936695966372,11595.693941081192,1347.3768375788468,1017.997221716712,109.6171890502998,147.5414369899507,147.61861166922145,638.6380137562139,204.1499185836686,394.83445288982506,1473.5171923148807,1548.793057557433,249.3485791974709,48.6955373357295,851.6711423590724
2027,9,8,1,3351.6646728704563,10960.045563591531,1618.316781688599,1099.3799128991088,109.6171890502998,307.7505880192068,307.91156349437034,576.4582585560046,204.1499185836686,394.83445288982506,1561.3968491865687,1435.163962489964,248.636146193706,47.83366799463246,820.1537019830672
2027,9,9,1,3143.219573862888,4887.158374534138,618.7681581753804,1013.713924617088,109.6171890502998,307.7505880192068,307.91156349437034,599.7756560343762,204.1499185836686,394.83445288982506,1053.5341358428627,1403.6533780359775,248.636146193706,46.97179865353541,743.8114759744662
2027,9,10,1,3340.084362057245,7283.063944525444,1341.8848094542277,1009.4306275178042,109.6171890502998,527.5724500585054,527.8484080229662,737.0893237971729,547.8023139125642,394.83445288982506,1197.6159158147698,1272.836704793653,271.43373638764814,47.83366799463246,727.0021775168916
2027,9,11,1,3480.7020807843182,10678.89335983906,3073.7034507000467,1000.864033319236,109.6171890502998,205.66382316127536,205.77139998792063,724.1351950261189,868.7713600470444,394.83445288982506,1641.1016579096452,1530.6505871313798,162.4327851588589,46.54086871453333,770.4261972505401
2027,9,12,1,2666.773652584609,10610.438938805866,532.268797738865,1065.1135361041572,109.6171890502998,9.836087427836356,9.84123240207552,742.2709581508318,334.57904568799074,394.83445288982506,1728.9813372224503,1764.5928342807056,255.04796501393707,47.40273805563037,805.4455600647192
2027,9,13,1,3209.3926047177483,10742.458182872364,532.268797738865,843.8097600477892,109.6171890502998,9.836087427836356,9.84123240207552,614.0252005416363,1033.2254735822069,394.83445288982506,1470.451615843676,1478.1329603560373,202.32854844484444,43.09340081322603,765.5234781506085
2027,9,14,1,2863.6384858357574,9752.313533548784,532.268797738865,748.1494581617407,109.6171890502998,9.836087427836356,9.84123240207552,626.979300721366,186.7593898896784,394.83445288982506,1300.8234326015931,1352.0906015683477,158.15823406448987,46.97179865353541,680.0762045823416
2027,9,15,1,3799.987014358301,10544.429292247389,532.268797738865,832.3876344493586,109.6171890502998,9.836087427836356,9.84123240207552,480.59777998745767,186.7593898896784,394.83445288982506,1129.1515092706202,1362.594143700979,228.6882567293908,40.93872272894899,701.0878314996509
2027,9,16,1,3497.245349762231,11527.239520048,1103.8970753540273,616.7949674866774,109.6171890502998,9.836087427836356,9.84123240207552,463.757432598951,186.7593898896784,394.83445288982506,929.88948746327,1324.399481261283,216.5770520927412,45.2480694344222,681.4769858627352
2027,9,17,1,3439.3439308679312,8786.616923268823,1151.4946386788838,943.7534053274233,109.6171890502998,111.77382921969352,111.83229489277409,336.80706213463736,529.6556395384412,394.83445288982506,1125.0640964168729,1186.8987510049922,185.2303753528012,41.80059207004603,701.0878314996509
2027,9,18,1,6020.09267488139,7397.96962012175,800.0050037596278,882.359433942025,109.6171890502998,141.58016902816954,141.65422553974187,549.2546138688562,469.5448227053724,394.83445288982506,1127.1078140644188,1049.3979997769586,141.06004532975405,40.5077927899349,582.7223516564313
2027,9,19,1,802.3481624432897,10864.69827999164,318.5374661723744,868.0817769440719,109.6171890502998,87.92872597987633,87.97471896574271,266.8548411083571,813.1972180343613,394.83445288982506,936.0206179647904,1011.203358309216,215.8646190889762,41.80059207004603,619.1424957510043
2027,9,20,1,3091.935462559615,9921.004885231172,1383.9903446548756,939.4701082281392,109.6171890502998,87.92872597987633,87.97471896574271,472.8253141613867,398.09236863651887,394.83445288982506,906.3867793995232,1019.7971578823042,90.47791212921604,43.52433075224012,587.6250707563628
2027,9,21,1,2863.6384858357574,8234.09176080888,660.8736933760284,856.659651345981,109.6171890502998,87.92872597987633,87.97471896574271,268.150228253239,812.063049329435,394.83445288982506,1070.9056909641995,1047.48827818958,180.2433912546672,40.93872272894899,505.6797350076336
2027,9,22,1,2574.131391364949,11138.516062222188,807.3277216797321,909.4870285324716,109.6171890502998,29.06119308569272,29.07639415938001,465.0528197438329,182.60076300171056,394.83445288982506,802.1574037890405,994.015759162618,161.00793479406926,40.93872272894899,569.4149910183944
2027,9,23,1,3085.318154968588,11617.697156600689,1021.5166947486272,863.7984798447877,109.6171890502998,29.06119308569272,29.07639415938001,264.26400963578624,847.2222044651085,394.83445288982506,679.5346142333345,925.2654045205549,135.36065951328789,41.80059207004603,517.5863297467233
2027,9,24,1,1985.1913311507208,9649.631877475334,882.3853843650279,835.2431658488814,109.6171890502998,43.21920057058786,43.24180729050615,322.5575462187015,632.8647675353819,394.83445288982506,760.2613042211873,1018.842286602638,137.4979272391023,47.83366799463246,497.9754687283612
2027,9,25,1,4673.471210877945,8774.392903747013,382.6110726085264,858.0874170457424,109.6171890502998,43.21920057058786,43.24180729050615,395.1005987175526,592.0347937815893,394.83445288982506,595.7423926567384,1201.2217363125917,153.17126560909614,42.231531472128985,528.0921278239728
2027,9,26,1,1955.4134469907544,9341.586909252894,792.6823271017699,790.9824291556002,109.6171890502998,43.21920057058786,43.24180729050615,1615.3785053835884,370.8723695288173,394.83445288982506,618.2232194554815,250.1749540440935,133.2233761447333,43.52433075224012,497.2750934695282
2027,9,27,1,3457.541549272169,10698.451751833378,573.001284646009,988.0141420210444,109.6171890502998,24.73927302863393,24.7522134303294,168.40353106723938,48.76915468949724,394.83445288982506,546.6932588814713,761.9832755445779,139.63519496491668,40.07686285093281,488.1700459098621
2027,9,28,1,4259.889711715459,11546.797912043365,329.52152242141074,908.0592628327104,109.6171890502998,24.73927302863393,24.7522134303294,594.5940216807174,364.06738220577176,394.83445288982506,1208.8563404348138,777.2611321318435,110.42580159353126,43.09340081322603,441.24408835667583
2027,9,29,1,2704.8231487051366,10285.280304013362,992.2259055927028,865.2262455445491,109.6171890502998,24.73927302863393,24.7522134303294,387.3281328914816,945.8946576416636,394.83445288982506,512.9720074624569,655.9931087705311,138.92277760389194,42.231531472128985,472.7615287326811
2027,9,30,1,4291.3219002449605,14898.620896317996,300.23069200317366,1109.3742727974384,109.6171890502998,24.73927302863393,24.7522134303294,696.9315503391291,362.93321350061865,394.83445288982506,461.87917848098857,603.4754610232354,129.6612580541292,40.07686285093281,478.3646230914456
