Year,Month,Day,realization,ORO_fnf,SHA_fnf,FOL_fnf,YRS_fnf,MHB_fnf,PAR_fnf,NHG_fnf,NML_fnf,DNP_fnf,EXC_fnf,MIL_fnf,PFT_fnf,KWH_fnf,SUC_fnf,ISB_fnf
2024,10,1,1,2746.2323534662464,7348.776251603678,534.8403658982246,893.9457806091607,170.04937135067334,0.7894918781045618,0.7903650327157086,173.15143597300263,96.72178899244788,901.3247699176892,1068.396353192116,266.9621948774696,52.30567456914762,5.815804973494161,265.5446133233129
2024,10,2,1,2808.389870199416,7331.282929701882,792.2071974999988,935.315529704467,170.04937135067334,0.7894918781045618,0.7903650327157086,222.15656722294128,75.22803530261291,901.3247699176892,664.6487798325929,452.7980668307828,59.77791379332285,10.177674673022889,217.40493501309305
2024,10,3,1,3554.28011474036,6235.566235457455,848.506165775979,336.35386364913984,170.04937135067334,342.4421755689092,342.82090646271774,1156.520944726546,1079.292218421821,901.3247699176892,1252.5618965160472,1451.7838287142613,78.04340566438282,9.450699051338416,161.50081666201373
2024,10,4,1,2751.8830089690346,3916.9088795883617,731.8868385022894,388.5156588298711,170.04937135067334,45.65895919056464,45.70945664577992,669.7366895862523,1771.697315077861,901.3247699176892,400.2059380866832,1066.9054599957883,96.30887932346027,10.90465029471478,255.450812281922
2024,10,5,1,2751.8830089690346,6299.178256843308,595.1607248959339,935.315529704467,170.04937135067334,22.82946123500609,22.854709942307803,566.82594521034,1624.3117660551902,901.3247699176892,1099.090597014422,782.0199994171605,94.64838171809676,18.90138213326624,213.52270646668825
2024,10,6,1,2652.054251415903,6164.00273495739,309.64445097502016,649.3248086246534,170.04937135067334,403.90613790975175,404.3528461236894,491.6847370161133,184.99958377579352,901.3247699176892,753.1899028233232,657.5005456582252,84.68539608586313,23.9902274544904,211.1933795700224
2024,10,7,1,2633.2186747488227,6636.3218231757855,291.54831818422394,532.4103891481392,170.04937135067334,29.85391931975084,29.88693686944043,344.6693779872911,184.99958377579352,901.3247699176892,520.6218589229296,608.4474111027229,76.38290805901931,19.62835775495072,228.27519540527663
2024,10,8,1,2766.951496548703,5610.578341147892,241.28139417194595,836.3878971764833,170.04937135067334,409.1744722931493,409.6270071287249,563.558922571918,495.8910312924184,901.3247699176892,988.1190547701374,529.2077488658473,73.89216165096092,18.174406511581765,207.31115102361764
2024,10,9,1,2766.951496548703,6373.922333909626,251.3347873382319,836.3878971764833,170.04937135067334,108.87904523270387,108.99946222879818,388.7739926402011,439.08615968928046,901.3247699176892,296.31766638793994,521.6611061161736,69.740917637539,18.90138213326624,209.6404779203181
2024,10,10,1,2456.163912882852,6426.402261920095,253.3454408801387,1190.7285912473033,170.04937135067334,179.12358935958775,179.3216947389489,284.2297195844733,193.4435437808917,901.3247699176892,520.6218589229296,489.5879177474096,65.58965541210826,16.7204552682054,224.39296685890648
2024,10,11,1,2458.047479298228,7226.323149073223,369.96476815373467,1037.840510927674,170.04937135067334,224.782548550164,225.0311513847404,187.85298576430387,193.4435437808917,901.3247699176892,1716.5174570902766,462.2313702678474,64.75940660941335,16.7204552682054,218.95783666279732
2024,10,12,1,2011.64341993132,6552.035941016803,293.5590135450885,1027.0483778961957,170.04937135067334,147.5135463385239,147.6766919474456,191.11997368162463,787.5916077552115,901.3247699176892,446.24730382007294,405.6316146213321,59.77791379332285,16.7204552682054,211.9698218688995
2024,10,13,1,2335.615968503924,7600.04364749364,369.96476815373467,926.3220927572976,170.04937135067334,15.80503987081381,15.82251977633949,284.2297195844733,482.0736328649522,901.3247699176892,670.551523151715,383.935027545392,59.77791379332285,13.812552781460091,178.58263249730257
2024,10,14,1,2333.732402088988,6990.958749106606,255.35613624096283,1027.0483778961957,170.04937135067334,100.09846344658918,100.20916937954564,246.65911548730608,210.3314979949042,901.3247699176892,512.3580343540397,312.2420080581901,55.62666977987461,12.358601538083729,197.9937922811383
2024,10,15,1,2324.314613755007,6781.039150154368,255.35613624096283,1138.5667960668177,170.04937135067334,10.536668766840892,10.548322010116784,248.29264416722933,497.4262749816941,901.3247699176892,257.35957120023005,321.67528983659395,53.13592337184254,10.90465029471478,197.21734998226125
2024,10,16,1,2578.5953799338167,6962.333333827799,355.8900260846675,1025.249725285281,170.04937135067334,10.536668766840892,10.548322010116784,439.412617848854,82.90439056495532,901.3247699176892,2132.070517088182,382.0483668580011,54.796420977206026,14.539528403144564,145.9718854245482
2024,10,17,1,3121.061020280644,6415.270130847352,444.3598692205112,998.2694579164316,170.04937135067334,10.536668766840892,10.548322010116784,236.8581170143502,890.4544741167514,901.3247699176892,406.1086814058051,425.4415193512207,59.77791379332285,13.812552781460091,211.1933795700224
2024,10,18,1,3703.081467862809,6238.746849720254,528.8083634536207,1291.4548763864466,170.04937135067334,10.536668766840892,10.548322010116784,506.3862868075223,101.32758846827872,901.3247699176892,779.16198414637,443.364785052379,68.08042003217551,15.993479646520928,352.5065941493233
2024,10,19,1,2578.5953799338167,6226.024430364791,534.8403658982246,296.7828106378973,170.04937135067334,10.536668766840892,10.548322010116784,720.3753147949052,452.9035581167466,901.3247699176892,338.81739684862816,377.3317259687992,67.25017122948059,15.993479646520928,208.8640356214064
2024,10,20,1,2576.7118135184405,6769.907056778171,677.5985237681788,1097.197046971511,170.04937135067334,233.5631303362053,233.82144423391955,473.71619930749137,213.4020195774531,901.3247699176892,688.2597531092191,342.4285357395633,62.268660201354926,17.447430889889873,162.2772589609254
2024,10,21,1,2009.759897258844,7154.759648573971,508.70157712095465,1404.7719471679827,170.04937135067334,52.68341727530941,52.74168357291256,638.7001307661446,400.704520193247,901.3247699176892,642.2183605790386,337.71189485036143,67.25017122948059,15.993479646520928,196.440890631434
2024,10,22,1,6044.3481356133,12541.105683130629,1751.300646286357,1980.350738022588,170.04937135067334,251.1242571877568,251.4019931711348,712.207810280448,440.6214375825536,901.3247699176892,746.1066322776435,441.4781243649881,66.41990421480317,16.7204552682054,201.0995785286314
2024,10,23,1,31920.712860430795,30298.395348218048,36980.39229797844,22805.510581785067,170.04937135067334,5233.218629255056,5239.00641390997,10897.106147474296,4010.1155867002976,901.3247699176892,1985.6824881322368,776.3600390135385,68.91066883484409,18.90138213326624,225.94585145669524
2024,10,24,1,12433.3879628821,16462.785465266137,31766.70388996513,13599.847407225325,170.04937135067334,5767.955248502386,5774.334436004871,9160.691236425817,44473.59447121647,901.3247699176892,7579.121081973924,3062.046960243723,350.3650493690935,29.079056806296546,171.5946177034047
2024,10,25,1,8592.80654038822,11803.20649138409,8336.271581084664,4002.0712251404825,170.04937135067334,5767.955248502386,5774.334436004871,2131.7229142444235,13491.92033501667,901.3247699176892,3085.9536659665214,1514.9868859374794,249.0746772295164,41.437658344380274,401.42269770647016
2024,10,26,1,2041.7804388331167,9589.50891614284,3655.412843609002,2561.325573656235,170.04937135067334,1928.2127711677529,1930.345317327011,1241.4631513937288,4263.4345578708735,901.3247699176892,2214.70889675979,934.8393634871796,154.42629551141962,24.717203076174872,332.31899206654134
2024,10,27,1,2992.978853983552,9934.603999284447,2547.52919268909,2235.763843038329,170.04937135067334,5503.660136995796,5509.747021940502,970.3014529207412,1813.149510360441,901.3247699176892,1146.3125435676743,727.3069044580362,123.70708981205011,25.444178697859343,242.25122499303788
2024,10,28,1,5530.135904009994,11771.40049953903,1839.7704894222009,1906.6047202522943,170.04937135067334,705.9576886715556,706.7384569457246,983.3695087535434,2253.7709479429946,901.3247699176892,1043.6048258922797,645.2372620193496,102.9508697449406,20.355349346053195,288.8380016535534
2024,10,29,1,3834.9307669902137,12229.406880117614,1727.172511050957,2205.186226974501,170.04937135067334,417.9550540792641,418.4172999779775,620.7315583362059,2003.522532558784,901.3247699176892,1411.9359393367945,815.9798701319763,126.19783622010851,25.444178697859343,220.51072126058617
2024,10,30,1,4673.115503423664,11329.297114882973,1769.396779077153,2205.186226974501,170.04937135067334,637.469268245957,638.1742903576089,676.2707001419951,1331.0758774953074,901.3247699176892,905.4806750983906,744.2868289861137,152.7657979060298,29.806032427981016,271.7561858182991
2024,10,31,1,3487.367577022623,11119.66992511371,1389.8741719262046,2435.866923918436,357.1288747041306,472.81118972361367,473.3341048820319,942.2639037333644,1485.829775332195,903.001993948536,856.4757854163313,730.7259991106591,133.51347042862167,28.35867655248529,281.5605816087053
2024,11,1,1,3489.229490735094,10271.298302674755,1392.012414984902,2069.932454380388,357.1288747041306,425.7112058925288,426.1820298652014,564.4097657775562,577.8226961075804,903.001993948536,1152.948175767693,714.94782474504,131.85492150759833,26.904389951419702,238.78204519719387
2024,11,2,1,3327.2428665060324,8456.13993119679,1287.2372923711578,1071.9293121668136,357.1288747041306,371.3650820013728,371.77580077221927,637.1348292603159,1155.6453922153423,903.001993948536,1498.222578224763,713.961686139863,124.39142404498004,22.54151417881977,280.782792207842
2024,11,3,1,2353.461076190055,9367.774433105338,1344.9705240526882,1957.1950528093564,357.1288747041306,413.0304607875143,413.4872602320463,444.25528891317526,1168.1051679956122,903.001993948536,671.0280215092614,628.1679523685015,115.26939587332087,23.99580077988536,263.67137423282674
2024,11,4,1,1817.2294457750788,8131.71486381884,957.9440558453732,1596.8050449307812,357.1288747041306,378.6112587819018,379.02999160944046,553.3429014978653,1264.6685585581029,903.001993948536,965.060307235868,595.6255083492974,105.31808413517196,19.63294097669601,239.5598345980572
2024,11,5,1,2740.739478364145,8334.480521506126,1238.0571583805354,1862.9392045948616,357.1288747041306,470.9996179881013,471.5205296018876,148.61208322794602,1099.5763498976778,903.001993948536,727.1503742860264,620.2788651856368,102.83025164763252,18.90578969145792,223.22620602393968
2024,11,6,1,10380.178440225873,19561.21073317997,3900.200753993345,4720.185258121446,357.1288747041306,490.92653987364486,491.4694900722639,1674.25749031472,1629.1173507241035,903.001993948536,1237.13167813605,309.64637411950525,130.19635437456614,26.904389951419702,211.559330906952
2024,11,7,1,8821.755262965838,11375.9657637768,4049.8794826619,5407.698547393674,357.1288747041306,1228.2221355519782,1229.580512820842,1573.0747857472943,3893.683950325552,903.001993948536,1669.0297143831615,1364.8107614516716,234.68515494322205,50.90019073130506,283.8939498113297
2024,11,8,1,4695.750670103964,11393.80913230464,3861.711918932757,3635.318854257816,357.1288747041306,1253.5836624825383,1254.970088848295,967.5595885556036,2579.1762544418266,903.001993948536,1116.3466331925972,878.6462267634487,207.3190522162884,53.08162861760874,218.5594525667408
2024,11,9,1,6689.8620935525305,10294.008095840954,3932.274734421724,4073.331368844632,357.1288747041306,701.0648586576665,701.8402156068976,852.1480634457369,2896.9008617784093,903.001993948536,1279.8334554765904,827.3672142217553,169.1723359726809,34.902990211381486,247.3377456587092
2024,11,10,1,3334.690521356796,10388.091363118525,1693.5081990181204,3317.436371279128,357.1288747041306,155.79219489286567,155.96449644165165,825.2714178528346,2284.8137224178645,903.001993948536,827.1945567155017,752.4209617901286,145.12333108779396,33.44870361032332,270.67149589261544
2024,11,11,1,3960.294097464091,7943.548291567157,2379.892208200245,2539.363570547651,357.1288747041306,701.0648586576665,701.8402156068976,777.8420044711054,1364.34686741298,903.001993948536,878.4367002426172,368.81447384406334,132.68418686210558,29.812979122961472,230.22632768372844
2024,11,12,1,3960.294097464091,8642.684361902353,2837.481575534228,2441.411385578156,357.1288747041306,695.6302168921186,696.3995632886777,698.793028463169,889.3173984521198,903.001993948536,1059.0042281033852,596.6116469544743,131.02563794108224,29.812979122961472,251.2267097150103
2024,11,13,1,4248.890985382188,7888.396044437512,1772.624112197707,2631.771250384523,357.1288747041306,719.1802088076977,719.9756007971296,757.2892714034878,1597.9678941713394,903.001993948536,873.5564909931062,658.7381408360126,111.95227981926534,30.54011443878155,249.6711309132492
2024,11,14,1,5243.153826537545,8761.099526197324,4163.207702965975,2831.3719136056097,357.1288747041306,733.6725256482979,734.4839457105024,1122.4955843087266,2481.0553876312347,903.001993948536,1374.9974286565546,729.7398605054822,121.074326202907,27.6315412366578,243.44878160240813
2024,11,15,1,2051.830792283342,8318.259294524403,2337.126887022838,2666.886188720217,357.1288747041306,1088.7337557940891,1089.9378630503477,801.5566938013656,1577.7207371507436,903.001993948536,1017.5225030754304,1028.5387316267022,124.39142404498004,27.6315412366578,250.44892031414705
2024,11,16,1,3725.692750956267,6647.470088208386,2927.288829462844,2334.218489139994,357.1288747041306,976.4184747023464,977.4983645875244,565.9907265483267,2166.445732790674,903.001993948536,764.9719423767788,624.2234196063445,121.074326202907,27.6315412366578,252.0044991158736
2024,11,17,1,4863.3230792142185,8016.543944920377,2542.4006043142253,2129.073364259187,357.1288747041306,545.2726637648008,545.875719165246,635.5538337683363,1548.128722641902,903.001993948536,764.9719423767788,222.8665017429669,100.34241916009309,25.450103350361537,227.1151700802062
2024,11,18,1,4904.285224634996,8929.800588375045,2542.4006043142253,2594.808187144354,357.1288747041306,730.049418897731,730.8568319112834,803.1376892932373,1015.4727693194548,903.001993948536,680.7884400084218,889.4937081031834,97.0253213180464,25.450103350361537,203.7814198463
2024,11,19,1,8946.503569199063,14975.46211892231,5334.978531974649,3980.92368900776,357.1288747041306,1034.387668623538,1035.531670718582,2134.322595262316,2769.1880146629733,903.001993948536,1615.347466231152,503.9149429468745,148.44042892984066,50.90019073130506,264.44916363372454
2024,11,20,1,6818.334270954037,12123.76559044944,6027.777353969989,4014.190458965831,357.1288747041306,298.9036079601856,299.2341864890052,2297.1634990327025,3675.637617639668,903.001993948536,1468.9413763207242,1100.5265899013489,198.1970058326468,87.25748351317016,280.0050028069787
2024,11,21,1,7026.868781742169,11852.870628655017,4853.868240083912,3378.425493008456,357.1288747041306,483.6803998136471,484.2153359961858,1721.6869036964492,2808.124852456064,903.001993948536,929.678843769871,1047.2753001493015,151.7575449838962,59.62594227650494,198.33687698827228
2024,11,22,1,8736.10714469846,14646.170664601734,9102.606669042978,7119.08911879996,357.1288747041306,1619.5141394389682,1621.305274063511,3237.846407274195,4524.460736254593,903.001993948536,1022.4027123249416,1025.580337469832,169.1723359726809,53.08162861760874,266.0047424354511
2024,11,23,1,7766.049225550324,12438.457921638685,6932.264706069932,4038.2164305091824,357.1288747041306,835.1185966500075,836.0422130591719,1143.048317376452,2675.7396108005014,903.001993948536,1165.1486720949572,489.1229288449828,169.1723359726809,63.98881804910488,287.7829138676308
2024,11,24,1,4628.721732705954,10021.49099250041,3194.5723063715736,2731.5715602584914,357.1288747041306,751.787875798329,752.6193309007342,1073.4852101563347,2334.652893947302,903.001993948536,1052.903993338218,790.8802157818435,150.9282614173801,45.08302835764695,250.44892031414705
2024,11,25,1,4077.594748846992,9651.646414181523,2144.682753538888,2469.133693876508,357.1288747041306,782.584007773906,783.4495224852644,1060.8373851058734,2119.721547961437,903.001993948536,1148.0679665181822,762.2823045246863,149.26971249635676,40.72015258504701,254.337867318498
2024,11,26,1,5446.102596187824,11873.958242579363,4347.098738759306,2992.161301736002,357.1288747041306,753.5994108133101,754.4328694197354,2014.168118397935,2951.4124278479726,903.001993948536,1456.740853196808,1196.1816880659287,176.63583343529922,49.44590413024689,294.7830355274196
2024,11,27,1,5177.986759109107,10903.927248145475,4323.577772383557,3254.599168118232,357.1288747041306,798.8878596294139,799.771405917565,1770.697243127632,3180.361025862209,903.001993948536,1123.666947066864,842.1592283235369,187.41641052798167,71.26028299324658,329.78366087827897
2024,11,28,1,4891.25178490392,9411.57184019589,4246.600144081374,2409.992783997708,357.1288747041306,1563.3564805327574,1565.085506451454,939.101947470722,1984.2213196058565,903.001993948536,927.2387391449772,519.6931173124938,157.56247531350866,54.53593118808492,249.6711309132492
2024,11,29,1,6073.56808600803,7980.857207864694,2332.850317268031,2411.8409523753303,357.1288747041306,1512.6334633921683,1514.306391157691,965.9785930636242,1548.128722641902,903.001993948536,1228.5913119493364,700.1558106431481,121.074326202907,46.53733092812313,261.3380060302023
2024,11,30,1,3459.857184050469,9163.957089997795,2819.6211341612884,2735.1965577926826,3827.6065189954174,1069.7526451785327,1070.9357598891827,1098.5246524624151,2032.463714564092,4450.910587710343,489.29411506282094,749.2240629150924,151.75885624813762,46.54057271911154,260.11350738121223
2024,12,1,1,4799.606217948471,11654.40734782962,2864.971658984864,2767.7826707212344,3827.6065189954174,844.7237751623616,845.6580146141962,856.3426978810933,2361.084293704735,4450.910587710343,1109.1480297861226,813.8629999777282,173.32021076552084,50.17655271709481,298.9364067143585
2024,12,2,1,8496.358141530742,11130.010964382314,4103.238873786762,3521.3364289490355,3827.6065189954174,773.7531188309451,774.6088668409418,1225.1557457254412,2463.8755370232284,4450.910587710343,1416.6346011579606,813.8629999777282,194.8815834948866,52.35813432811608,297.3835050646541
2024,12,3,1,9637.03598926346,13023.376220710868,4716.457174431842,7649.58912968335,3827.6065189954174,1028.208848141598,1029.3460166443724,1269.476638783906,2605.602899852134,4450.910587710343,1326.3409224601849,1009.7385733972476,199.85728489398315,60.3572935175599,301.2657847668056
2024,12,4,1,12238.896388938863,19897.64203039799,6226.827621813472,6676.07912005507,3827.6065189954174,1241.1207804153162,1242.493423202993,1728.5143084610254,3258.171697797292,4450.910587710343,1901.047997834599,1646.334197840098,211.46725482518207,74.17403028541887,324.5595311874457
2024,12,5,1,33571.36443416098,44987.32771766619,14943.991965054192,16299.164510202938,3827.6065189954174,2101.42347028646,2103.747582343772,2983.7449397045675,6125.425134689964,4450.910587710343,2572.14965658868,1416.180393657484,406.3488383200951,142.5304989618406,436.36952423773687
2024,12,6,1,21720.656866991725,34264.026865559936,11761.566465028032,13698.385651938685,3827.6065189954174,1987.178046795246,1989.3758068012064,1934.2898263333016,3840.655569553956,4450.910587710343,1842.479109232638,1217.366676890217,272.0049369687427,98.89870704722762,347.85327760812044
2024,12,7,1,15617.134344669008,33104.47042737229,7644.525257599112,7150.614359691446,3827.6065189954174,1592.5120483856851,1594.273319498053,2030.8460340783345,3230.137741003602,4450.910587710343,1347.0840626909967,1001.9035461286908,221.41863941134008,74.90122947889614,287.2895335040384
2024,12,8,1,17902.47155659303,38917.82867535954,10456.259343965045,13863.352840489042,3827.6065189954174,3008.462941004186,3011.7902118251463,3852.750739967872,3912.297971990551,4450.910587710343,1598.442144849082,1175.253440517336,189.90588209579005,66.90207028945974,279.52495704778534
2024,12,9,1,24236.91660937446,41378.85737482248,19459.32929524636,15661.698749395971,3827.6065189954174,4188.9990327076775,4193.631941446751,4079.103816571565,6703.236646110499,4450.910587710343,2286.626411743362,1267.3149621903156,254.58998207193108,67.62926948293703,382.7938972390806
2024,12,10,1,18937.641733398712,30866.699626226244,17436.30044843028,12179.05830509608,3827.6065189954174,4081.677563149048,4086.191777524545,3715.0394494810025,8145.429278697408,4450.910587710343,2236.598827211639,1814.787186649164,263.7121013035818,71.2652494809203,380.4645191866336
2024,12,11,1,15905.787573356854,27021.12592144154,11846.352270647663,10201.488840290986,3827.6065189954174,2838.8258126107967,2841.965469796979,3195.852008767896,5194.073937219306,4450.910587710343,1415.4144148621135,1394.6340740837552,254.58998207193108,68.35646867641432,345.5238995556387
2024,12,12,1,13272.075829387584,22580.197921665706,9768.114047444817,11065.02072421878,3827.6065189954174,2322.990363336302,2325.5595218085414,2599.1030138826977,3656.877237330426,4450.910587710343,1453.2401632332626,1068.5012454231585,251.27284780586672,68.35646867641432,343.1945385551417
2024,12,13,1,32341.104500162804,30814.779184757343,18674.56762141318,13637.286717367968,3827.6065189954174,2274.5226123667094,2277.038166943298,3936.643845330801,5080.380565388087,4450.910587710343,1870.5433672378404,985.2541321344316,238.83359430815167,64.72047270902046,274.8662009428911
2024,12,14,1,29741.234836844804,31467.24600305968,24067.339478853515,25631.011551372383,3827.6065189954174,4202.84697729345,4207.495201448686,4101.264245740139,6756.18970981385,4450.910587710343,2062.112401294909,1176.2328216331416,242.1507285742161,63.26609029147648,342.4180792043145
2024,12,15,1,20996.03775635057,23462.84535124952,14007.404537521588,12266.633480874998,3827.6065189954174,2473.586636775186,2476.3223502611268,2907.766290690951,5488.430757185845,4450.910587710343,2270.7639898988714,1081.2331566124144,236.3457436086034,71.2652494809203,361.8295288708876
2024,12,16,1,18149.31980294113,25911.759255905577,15641.996071318905,12264.596856968135,3827.6065189954174,2032.1838207984365,2034.43135585616,4500.152179102481,4471.420178881838,4450.910587710343,3151.737450349276,1956.7969719636912,290.2491572200616,94.53552785576706,510.1330432018433
2024,12,17,1,52751.87298493633,38478.23562938444,65718.86163593964,63445.15465565482,3827.6065189954174,7678.677579882154,7687.169969636031,17566.897216775906,25135.579963768498,4450.910587710343,11400.187028732536,9755.582894092526,2566.6318916702835,1017.3477591709338,2497.08962311446
2024,12,18,1,86295.36746003333,47275.28829146391,98355.48327005112,80135.35247752945,3827.6065189954174,12902.809451384615,12917.079576108728,24158.045131550505,35461.43008803532,4450.910587710343,22769.869453665106,26416.7591215111,8873.3315756009,5710.673292478304,10004.664155876992
2024,12,19,1,59719.36441322141,44764.06981934847,59275.14007429521,39327.36057940444,3827.6065189954174,9617.38787570781,9628.024421571994,13122.14612795552,26588.67469066413,4450.910587710343,14880.154217481251,9868.21135422343,4210.27144699,2832.4299514916256,6903.4900274753145
2024,12,20,1,40907.13753935437,48040.24937448584,28592.53561878988,23199.27312947221,3827.6065189954174,5187.7810582753245,5193.518590323822,7578.870421393821,11282.120394443144,4450.910587710343,8113.009060336596,6110.3384879156365,1845.1554073467053,1216.5995716523587,2617.4406519717973
2024,12,21,1,33537.52230976681,66696.99296685841,21900.37192613308,18940.67597702321,3827.6065189954174,4851.968741734269,4857.334875316487,5782.291885547282,8241.990788043484,4450.910587710343,6587.777986044952,5185.805790038727,1598.028959161384,1122.064043796584,2158.5538406642127
2024,12,22,1,28073.018328277936,44158.33139836848,18173.739793672048,15386.75343514537,3827.6065189954174,3302.7314605083807,3306.384183587744,4585.628154902674,8481.83706805857,4450.910587710343,6148.511455513715,3988.026670490408,1229.8271649009505,834.0942650683969,1806.8182663020248
2024,12,23,1,22650.31928538546,36661.02032874709,15322.570468328768,12751.351883518604,3827.6065189954174,2728.0423660859124,2731.059500064631,4041.114474704152,5764.098238419322,4450.910587710343,4141.307383933503,3203.5449956963043,903.9188325327584,549.7604663381929,1398.4012445898231
2024,12,24,1,21201.08106410272,41333.85964631656,14159.230291221302,11785.988369518029,3827.6065189954174,2754.007211693534,2757.0530620217155,4734.419677334383,7902.468114594112,4450.910587710343,3691.059176740749,2941.071722982317,801.0876884969823,468.3144760568002,1146.052330716745
2024,12,25,1,22606.52361043121,59985.41119454257,17647.27906059544,13840.94989056772,3827.6065189954174,3264.6496771583065,3268.260282914294,5328.002896624054,8358.799043962908,4450.910587710343,4484.179331084933,3016.483830661148,1024.9941968198796,681.3830253060912,1153.8169071729978
2024,12,26,1,20114.152398140544,47701.03587381491,14070.500961703705,11900.039743031752,3827.6065189954174,2613.7969425946253,2616.6877245219925,3673.8843320181713,4862.338473990456,4450.910587710343,3285.9578088967446,2381.8469684500187,710.6958161709039,433.40905849452633,910.7854884577928
2024,12,27,1,22813.55765454119,54208.39725558452,13839.804688231165,12920.392319882692,3827.6065189954174,2367.996137339492,2370.6150708634946,5266.270220429592,5999.272192302097,4450.910587710343,3743.527107067376,2665.866539079074,674.2073392442485,394.8676449648586,847.8923663012635
2024,12,28,1,36798.308307652886,96731.2348984576,48308.19413466325,27378.44164524292,3827.6065189954174,7881.203581256959,7889.919958764075,19312.82327365172,25006.31213729224,4450.910587710343,11375.783329614458,8464.762871755202,3612.3581594410566,2849.882668257468,2556.1004485169224
2024,12,29,1,23528.223214622703,50006.303248870354,24893.508195431587,15468.218739203694,3827.6065189954174,2464.9316759991348,2467.6578173550506,4125.00758006708,8944.397765603782,4450.910587710343,4105.92200815391,3542.409735546267,1582.2725896096135,1188.9660981166332,1688.7966325490513
2024,12,30,1,18326.49315162929,39308.96261749855,16138.880375162646,8995.80279234813,3827.6065189954174,1973.330138929931,1975.512583560341,4129.756226099765,6815.372575897613,4450.910587710343,3377.4716470935764,2761.8455852157176,1052.3605363028491,682.8374077236352,1268.732737626529
2024,12,31,1,139964.70750870413,156415.93954991316,84955.79768718978,82388.07731937726,3003.0239814025226,12591.422137086543,12552.13489174697,19319.04035583509,23845.18381802741,3768.8309922800063,11370.536484944676,7733.100843297153,2261.10607336662,917.4406001178936,3428.2952657784704
2025,1,1,1,99668.57221805528,150475.89568991854,79566.92107390804,60216.63937612289,3003.0239814025226,27107.76535000394,27023.18479855245,31427.33443882269,42794.90747475486,3768.8309922800063,29976.86888990382,27714.505764267844,10197.3399312808,2812.223461812224,3982.593257976145
2025,1,2,1,68954.06322514762,105476.4641658098,51692.1271963304,39239.84224932561,3003.0239814025226,9820.422533383677,9789.781248768895,14759.963738777202,19662.578270684186,3768.8309922800063,12436.35689162124,11052.46371400649,5471.379741962897,3021.879138439219,3880.0861147570304
2025,1,3,1,54427.56916632611,115988.9022119155,30835.91046003886,25534.130601994897,3003.0239814025226,5966.885774801699,5948.268139494455,10170.967027977073,10927.155440690536,3768.8309922800063,7757.101735828214,5955.647241871422,1991.0985352018376,878.0316360032432,2454.477151136923
2025,1,4,1,41986.00982231766,82390.72461760243,24646.99906110408,26960.53596311697,3003.0239814025226,5039.524580203558,5023.800459733153,7953.138969630242,10182.793420405207,3768.8309922800063,6751.981310930762,4636.59911716348,1634.953641869031,684.139572717644,2122.277997476214
2025,1,5,1,34572.48871059187,65184.00106972143,20145.074611692493,18027.06670272025,3003.0239814025226,4228.545395648762,4215.351659581485,7672.637922987687,8144.6593742662735,3768.8309922800063,4368.614031056574,4038.67897512113,1416.2972227830771,617.9325005420208,1871.7049336702207
2025,1,6,1,32914.74828047145,58369.22467280875,17292.604772906678,15989.645784006854,3003.0239814025226,4594.317336167695,4579.982333307116,7236.926371111819,8378.995564308254,3768.8309922800063,4463.234611645688,3886.481082438932,1267.2133122540436,551.725462985817,1750.214945376188
2025,1,7,1,29342.19477733684,48867.65819423356,14295.931092577082,13680.42826411665,3003.0239814025226,3859.078768544188,3847.037827281646,5838.161263294722,7181.714867102968,3768.8309922800063,4072.255259587095,3420.828132497382,1104.8774589544869,480.78934142721374,1835.6376211831684
2025,1,8,1,25064.58175000159,46378.03493186505,11880.023427712838,10298.773012816297,3003.0239814025226,2743.2895937243065,2734.7300926502617,6932.115267250146,5893.850459289741,3768.8309922800063,3495.605354270859,2853.709880976613,990.5798208933506,427.1931253052684,1528.116106839222
2025,1,9,1,25268.727694733498,45417.23752562181,10637.500201543377,11733.606168343176,3003.0239814025226,3369.5354846431264,3359.021996506178,4949.9080066677725,5295.210110686951,3768.8309922800063,3274.228917846905,2630.848736400951,902.7859592370409,387.78416119061785,1400.9312819600934
2025,1,10,1,25782.87293814898,51710.92998554984,12356.093516026887,12875.573258740924,3003.0239814025226,2549.3196433731,2541.3653594814336,5258.459149313412,4113.683116645961,3768.8309922800063,3058.2083344921566,2404.363835317952,836.5264272780478,343.64614769295514,1254.7636543493973
2025,1,11,1,23614.767709759373,45332.73744499873,12464.740217894048,11668.290728617309,3003.0239814025226,2887.3815739134698,2878.37248287925,5017.228271719779,4479.956508748684,3768.8309922800063,2608.314285010762,2438.789522137785,793.4577315046556,338.91706369053963,1698.961373766581
2025,1,12,1,23601.53604581262,46306.05337381789,12093.36605673086,10583.211327659978,3003.0239814025226,2434.784956706079,2427.1880393045512,4499.236386267758,5218.410869701097,3768.8309922800063,2445.852546009608,2364.5024739460696,728.8547060340052,310.5426289148693,1169.3410208856685
2025,1,13,1,30098.290755939124,81720.98305644588,14256.423178184605,12386.760786196175,3003.0239814025226,4363.400679289949,4349.786173228937,6090.612170628136,6716.980912810007,3768.8309922800063,4773.875736381582,3033.085947463712,819.9615442882994,372.0205824686415,1228.187722056453
2025,1,14,1,24242.32736691511,65160.52881327379,16387.87401829409,12188.707463269056,3003.0239814025226,2976.0535739785,2966.767812161316,4961.128079713811,6114.402179709634,3768.8309922800063,3388.4877047716404,2877.264338065349,947.5111251200168,476.06025742478215,1579.3696784487292
2025,1,15,1,20853.127169524723,50953.55873087316,12545.731413132811,10686.45190838544,3003.0239814025226,3085.0462108504416,3075.4203746224102,4585.256715322021,4641.431842302688,3768.8309922800063,3356.352429525636,2373.561865214542,785.175308199161,373.59694380277466,1408.524411521371
2025,1,16,1,22197.08777106692,46996.13750754046,12128.923154599228,10433.617855648765,3003.0239814025226,2578.8769368953654,2570.8304295336625,4170.115181881108,4946.659655290731,3768.8309922800063,3095.69950201478,2409.799470079087,758.6714954155754,338.91706369053963,926.3610442976012
2025,1,17,1,27848.905215359027,63636.39742973437,17259.023041492117,13288.535493404775,3003.0239814025226,4337.538032520703,4324.00422204258,6522.58377033215,7904.415566184207,3768.8309922800063,4156.164055622136,2851.898002722816,871.312663367128,384.631473141771,1416.117541082648
2025,1,18,1,23180.01253477554,49844.103771442606,15491.044854922346,11843.167583842229,3003.0239814025226,2765.457593740534,2756.828924970748,4439.396155477624,5982.4649776488895,3768.8309922800063,3017.146598256636,2565.62107947745,907.7554059446092,442.95673864668026,1440.7951803993103
2025,1,19,1,18900.50926368006,44365.680777467525,12492.395766330696,10882.3982716817,3003.0239814025226,1433.5304685532185,1429.0576248500497,3839.123979755303,4546.909705903746,3768.8309922800063,2726.143679856086,2328.264908872439,758.6714954155754,360.9860877490807,1121.883992885074
2025,1,20,1,21172.577687008063,39716.61059621627,11394.076339896324,9508.666680737964,3003.0239814025226,2196.479006322418,2189.625641494752,2588.089429521556,4848.199051807371,3768.8309922800063,2727.929003420364,2145.2650858777447,818.3050377999567,323.15348496856325,1323.1017780576417
2025,1,21,1,16273.07573379847,36239.58805825877,10274.027589812344,14312.513329779313,3003.0239814025226,2290.692976516916,2283.545649075563,3543.6629078946567,3857.685605399891,3768.8309922800063,2836.831898068202,2103.591846252065,680.816563553103,305.8135449124377,979.5129088833908
2025,1,22,1,16119.966328217266,32382.315086513885,9343.6166950256,8303.491110245563,3003.0239814025226,2065.31836943425,2058.8742467131715,3377.232286309249,2337.454241086598,3768.8309922800063,2829.6907214347166,1960.453384629512,637.7478677797691,283.74452085389663,977.61465825046
2025,1,23,1,19700.08076401863,29488.969169403168,9114.470925335449,7924.240053200222,3003.0239814025226,2004.3563793477824,1998.1024677589205,3367.8822543082206,3676.518142890591,3768.8309922800063,2235.187894139448,1960.453384629512,622.8394912783635,242.75919540509685,1144.6633815689058
2025,1,24,1,19701.97100777886,28075.93977132433,9993.521539773445,8052.764017139748,3003.0239814025226,2024.677016154816,2018.359700938072,3197.711637244905,3174.3691642289523,3768.8309922800063,2267.323169385173,701.1972820839354,609.5875848865417,236.4537500685321,1082.0200944457567
2025,1,25,1,15963.07639274072,30205.65517247041,8148.502932680775,8198.143569888882,3003.0239814025226,2024.677016154816,2018.359700938072,2066.357505285369,2467.422209605133,3768.8309922800063,2324.4525824513867,1938.7108455852297,584.7402422125397,217.53744867827345,837.141867224959
2025,1,26,1,12392.41313336634,28196.43066646276,9381.149201156026,5435.931758823016,3003.0239814025226,2017.2876828160329,2010.993423497869,2066.357505285369,2975.4788063065644,3768.8309922800063,2056.658517515013,2288.403547500557,571.4883358207759,220.6901713465558,1239.577395226743
2025,1,27,1,19505.386080461365,40333.14834769675,7931.2095289468925,5438.03871845388,3003.0239814025226,1823.3177324648257,1817.6286903290409,2750.7800123229995,3253.137638757016,3768.8309922800063,2147.708490183541,2177.878934234953,551.610476233043,215.9611219635597,637.8223750284736
2025,1,28,1,17015.940048454002,44384.45856133036,9900.677978578413,11986.4402210795,3003.0239814025226,1950.7837226000968,1944.696966244872,2687.1997860547563,3901.008289101485,3768.8309922800063,2072.726155138016,1424.137143003067,536.7020997316374,204.92659262457943,1321.2034850814591
2025,1,29,1,23113.854130291336,50980.1606002189,8610.74528858475,14797.111927180982,3003.0239814025226,1897.211065852289,1891.2914647307005,3889.614178544408,3339.7829648673733,3768.8309922800063,2028.093810981907,1940.5227238390275,544.9845594158911,190.7393752367363,852.3281263475136
2025,1,30,1,22134.709854103185,56057.99055234883,18305.982229385987,11046.740372870956,3003.0239814025226,3260.542847771063,3250.369434044961,3139.7414474997818,4249.558744497998,3768.8309922800063,2670.799590353872,2293.839182261433,616.2135380824526,189.16301390260315,2285.530177185647
2025,1,31,1,24929.782724862023,56618.58302608402,26591.36031379496,15150.152478772574,1805.0303280593585,2547.4575420468987,2539.509068208367,3560.344564388318,3930.879657078708,2186.1667329142,2918.998459824345,1923.0717916283293,612.8502496700304,193.95441288726693,761.7273293797173
2025,2,1,1,37884.01810201718,76492.33335443622,26589.416763584708,34591.70559075176,1805.0303280593585,3852.0103278271818,3839.991441227059,5735.455726652225,4839.423328876435,2186.1667329142,2651.200434908236,2002.8221690419623,601.2557956141138,192.37753226160103,1087.143084615613
2025,2,2,1,32396.101631380192,53272.12231480128,32285.899549856047,26708.14208828968,1805.0303280593585,3852.0103278271818,3839.991441227059,6264.005752461413,6964.272940934707,2186.1667329142,2824.376506964973,2135.1353196225723,655.9154167043697,200.2618661510276,1268.9395597278212
2025,2,3,1,35039.706093236644,62420.481754326895,26167.671050511653,24909.7755845572,1805.0303280593585,3842.067117819274,3830.079255620272,4847.334466808789,4752.807610022741,2186.1667329142,2738.681132718743,2046.3224074600528,642.664601675147,201.8387467766935,1088.9610523308354
2025,2,4,1,30692.955137570705,53970.74723193593,22770.382785211616,20755.480377095624,1805.0303280593585,4058.829685515704,4046.16548953289,4619.409540566442,4732.535847792836,2186.1667329142,3110.02772831478,1870.509058252268,636.0391941605645,203.415592782924,1332.5683450715123
2025,2,5,1,27391.79471286924,48036.37789602387,18924.13939655412,16619.4658989498,1805.0303280593585,3639.225060067086,3627.870097440612,4442.57122377693,3171.6098670379424,2186.1667329142,2511.9454713614705,2048.1348825773057,596.2867490728377,186.0700789978244,1138.0460959533448
2025,2,6,1,23381.467738194096,45811.18653312695,16327.584996285488,18072.78370303556,1805.0303280593585,3108.256155901538,3098.557900943072,4088.894590197505,3300.6120278584167,2186.1667329142,2615.4940420413977,1819.7587999931995,584.6922586382203,179.76262573406373,950.7957176957682
2025,2,7,1,21649.64876189489,39615.02997805061,13639.684739538909,16219.57501135725,1805.0303280593585,2823.8795291216343,2815.068574595439,3481.7497473027447,3726.3191172726815,2186.1667329142,2440.5326856280726,1763.5710368013213,578.0668511235797,182.91635236594405,1132.592192807877
2025,2,8,1,21238.676258632546,36002.05091137482,12790.362662761616,15369.521186436526,1805.0303280593585,2698.5947404607064,2690.17469445746,3623.220418056857,3628.646058550551,2186.1667329142,2145.9548464579893,1783.5086212070012,568.1287580410276,176.60889910218344,1043.5119017953195
2025,2,9,1,20219.846779124124,32654.013166513785,12720.395649554264,15175.288459521384,1805.0303280593585,2744.3336498947683,2735.77089119895,3587.8527287152,3573.359400501782,2186.1667329142,2545.866579871999,1718.258323266237,571.4414436089974,181.33947174029416,1058.055643516501
2025,2,10,1,18856.94729786952,30241.155056182328,11321.054925507697,14332.089930153432,1805.0303280593585,2555.4121419194457,2547.438848460591,3171.300284773493,3291.397564203531,2186.1667329142,2461.956529189491,1964.7595151385112,588.004980584891,175.0320184765175,1036.2400732779802
2025,2,11,1,16599.465803601415,28531.65296371934,11824.428869433092,14039.59830522826,1805.0303280593585,2014.499987913245,2008.2144266478017,2961.0592032020745,4096.739548638473,2186.1667329142,2461.956529189491,1990.1346044772604,597.9430736674431,176.60889910218344,1061.6915789468464
2025,2,12,1,17257.02180882131,26662.87069274881,10739.939851150457,13550.588840164375,1805.0303280593585,2386.377093792439,2378.9312166440254,3701.815191836374,3523.6014536805023,2186.1667329142,2931.4957247731777,2078.947556430436,581.3795730703085,178.18574510839775,1132.592192807877
2025,2,13,1,16412.13882478023,25008.564704561504,10730.222225524843,13381.492138117752,1805.0303280593585,2513.650532421473,2505.8075418450294,3540.695838463897,3803.720372471784,2186.1667329142,3259.9946332458208,2033.6348428953509,684.0734077361799,171.8782918446372,1085.32511690049
2025,2,14,1,13573.561363347211,25584.181180007054,9305.61564140412,9334.59619332391,1805.0303280593585,2519.6164823259137,2511.754877034228,3348.138601563206,3003.907099264332,2186.1667329142,2645.844503423649,2176.82300334184,702.2932693066788,182.91635236594405,932.6160405442412
2025,2,15,1,15582.547839875037,23903.06565647105,9571.879093614363,8676.490026213049,1805.0303280593585,1936.9427188218629,1930.899148606,3393.330610560816,2823.304074115609,2186.1667329142,2406.611577117544,1825.196304926269,616.1629716167012,168.7245652127408,1005.334664463746
2025,2,16,1,15582.547839875037,24877.671094978832,8984.93341043507,8493.682777179882,1805.0303280593585,2251.149055290981,2244.12511119092,2841.20209631982,3317.197996367802,2186.1667329142,2583.3582963028366,2048.1348825773057,619.4756571846127,171.8782918446372,1127.1382896624089
2025,2,17,1,15072.17732104271,22989.96445655424,9332.825051688524,8205.761290464558,1805.0303280593585,2151.716676382932,2145.002977164055,2638.8204964569186,1796.815581365844,2186.1667329142,2763.675623408439,1957.5094555068783,621.1320181579772,179.76262573406373,1068.9634074640858
2025,2,18,1,10960.540857388343,22619.36206241899,8085.079571701651,7629.91840527226,1805.0303280593585,2131.830176701626,2125.1785265335566,3055.372940398626,2898.862494394284,2186.1667329142,2576.217002046282,1932.134326377215,627.7574256725595,175.0320184765175,972.6112879342892
2025,2,19,1,14510.196342203584,20651.226817950417,7268.797514030821,7159.18971364312,1805.0303280593585,1839.498989882043,1833.7594596422823,2644.7150969119434,2791.975013310683,2186.1667329142,2106.677806462874,1607.6952719992155,554.8779430118047,167.14771920652643,928.980105113896
2025,2,20,1,12443.86485832214,20424.134302028404,7624.46327250833,6789.004989128232,1805.0303280593585,2111.943716853188,2105.354115611641,2613.277170077674,1618.0554737240896,2186.1667329142,2101.3218357705964,1749.0709573287108,561.5033505264453,154.53277805953755,959.88551392823
2025,2,21,1,12428.572859186255,18353.49198141237,7624.46327250833,6656.46970159269,1805.0303280593585,1203.1317967368725,1199.3778336372616,2202.61932659079,2570.8284637021493,2186.1667329142,1938.8577050981355,1662.070520283186,568.1287580410276,156.1096586852035,968.9753525039436
2025,2,22,1,12709.563348605472,19354.9069552678,6320.35546355196,6318.27625337974,1805.0303280593585,1891.2038492205456,1885.3029915729703,2731.1693957060334,2309.1383896338043,2186.1667329142,1767.4669566053976,1718.258323266237,558.1906285797745,157.68650469143392,1021.6963315567988
2025,2,23,1,11501.495374493126,18843.94875007696,5587.645145135029,6089.76718105809,1805.0303280593585,1646.600181970263,1641.462526777629,2684.0125054547298,1975.5756890075984,2186.1667329142,2413.752871374099,1685.6331345049407,574.7541655556681,160.8402313233142,1096.2329231914262
2025,2,24,1,9666.45539343265,20561.33601043352,5906.3838677025215,6274.859543315534,1805.0303280593585,1917.0562589734247,1911.0747376840843,1992.3782450191704,1656.7561219700565,2186.1667329142,2515.516118489748,1680.1956295718717,586.3486196115265,163.99395795519453,990.7909227424644
2025,2,25,1,15785.166817832796,22267.684035737813,8570.96177277738,7026.654426107227,1805.0303280593585,1702.282301412356,1696.9709091260297,2516.998551627228,2533.9706916697346,2186.1667329142,2129.8869735885696,1701.9457288854594,526.7199519799946,159.2633853170838,1048.9658049407874
2025,2,26,1,75850.23066231223,69152.82898087057,35729.832476691714,39897.686568597215,1805.0303280593585,2233.251205577781,2226.283105623447,12834.531248250947,18944.88644217405,2186.1667329142,7605.463915462057,5417.588676470194,642.664601675147,187.6469596234903,3657.745622944063
2025,2,27,1,125394.39859278052,120448.93091880257,81138.4380961156,43878.31484756361,1805.0303280593585,17937.601083308284,17881.632906966417,34045.3036441712,40573.017499068505,2186.1667329142,28973.96103510316,18594.52737209433,5984.399965109736,1460.1770922957364,3286.880759515904
2025,2,28,1,69635.26054060247,70665.7733035332,33965.30766950438,32803.19784567285,4157.916343768619,9196.305264711178,9167.611325518386,12184.105188378842,14829.904446518854,5000.070708177413,10394.145125345603,7298.887870616402,2280.7872330403866,769.3195490590742,2822.716432878868
2025,3,1,1,59640.14816626388,60096.48368138215,28621.623626079094,27888.711418051185,4157.916343768619,7233.393386350583,7210.824045293373,9854.43033976564,10814.738216048429,5000.070708177413,7435.866449700759,5430.45999537282,1598.868284154701,526.5424554062956,2225.0100683634155
2025,3,2,1,44428.38790330504,52915.12227450301,29564.512843191253,24452.56649173416,4157.916343768619,5517.422680419502,5500.207441653953,11737.033988117868,11865.063151662484,5000.070708177413,8237.476063455102,6595.951050119867,1771.003154566585,633.7427462618082,2084.259886307408
2025,3,3,1,37013.26863556678,53680.349309371246,24307.954049681204,20217.31803569726,4157.916343768619,5093.837448916373,5077.9438636329405,7428.550276425079,8328.525969709362,5000.070708177413,6182.570327095626,4558.162754366501,1415.1473995575043,542.3072111890475,1858.6739490783675
2025,3,4,1,40023.89014483844,91452.80591400208,19337.94066470833,18778.931779263225,4157.916343768619,4643.214902891181,4628.7273318234975,6640.044927724819,8216.46601421949,5000.070708177413,5759.448995271055,4153.883037041699,1305.9079359808482,487.1306178785612,1746.8450106257148
2025,3,5,1,51614.971962959215,126998.25557777174,27696.15950912006,25451.44580461597,4157.916343768619,4720.721982719468,4705.99257720071,8377.397635235782,11264.877444673564,5000.070708177413,7216.271808145935,5601.6414858318985,1764.382585426035,643.2015720359143,1795.047111526842
2025,3,6,1,44390.61349539948,90677.76828431227,27477.37826746724,23513.61989174103,4157.916343768619,4646.819886127314,4632.321066936956,7249.344548820718,8829.946948468381,5000.070708177413,6262.909848272927,4951.51597241164,1855.4154656767107,900.1669216595693,2076.5475179823084
2025,3,7,1,34979.11595838074,70897.95755841598,22989.458107621933,19118.550765055432,4157.916343768619,5297.518862344672,5280.989758565128,6198.63287302638,7840.4003007968595,5000.070708177413,5063.1733933837095,4498.067127700582,1512.8008489487884,715.7193863215921,1912.6603156375056
2025,3,8,1,31186.56385375567,57413.28376193253,20311.807740095635,16960.971336285384,4157.916343768619,2948.874056544275,2939.6730991564887,5842.107741930025,6191.788982272981,5000.070708177413,4854.290732421407,3669.475804231602,1325.769643402499,561.2248973566949,1575.2454399558128
2025,3,9,1,29522.60050964252,50931.74538895876,18249.84269773745,15622.473037611351,4157.916343768619,2932.651651897989,2923.5013110000955,5902.471759169204,7568.797287841131,5000.070708177413,5270.270769989703,3993.628006071627,1302.597651410573,551.766071582589,2101.612640938092
2025,3,10,1,24817.796079083968,44368.45198816178,16325.34197202529,13564.781566600956,4157.916343768619,3532.8809026418667,3521.8577507479454,6524.975995502942,7506.119675819793,5000.070708177413,4579.351138794635,3935.3534493550014,1228.116194011273,591.1779091103234,1627.303746191215
2025,3,11,1,23499.468688073648,43480.59241155925,15072.674004930464,12685.767723615883,4157.916343768619,3974.491010493037,3962.0899646279113,6466.498302376735,5327.597599937849,5000.070708177413,4166.941709146927,3410.8824786978453,1150.3244884203984,540.7307459966079,1548.2522566761936
2025,3,12,1,24428.7195208712,43209.16574190269,14369.863388038862,12605.857366232034,4157.916343768619,3120.110620847257,3110.3753780674297,4800.827946535874,5914.487997080253,5000.070708177413,3756.317642270908,3429.0932577764947,1087.4290452063533,472.942327288249,1646.5845611457346
2025,3,13,1,24052.863990593927,50065.142136626295,19922.64813160131,14983.190222658835,4157.916343768619,4466.570843817566,4452.634430388078,7728.484125119906,8602.028306743896,5000.070708177413,4418.672135648002,3589.3482887465666,1070.8776223549778,457.1776061249328,1478.8411958101078
2025,3,14,1,24052.863990593927,46382.8957927966,17649.646280802564,13964.333309401214,4157.916343768619,2103.506105072516,2096.942830525484,5615.742569018271,6706.505188291974,5000.070708177413,3877.719527007323,3327.112823313445,1044.3953094140174,485.5541180666861,1762.269662589311
2025,3,15,1,24022.64445579436,57943.05630815272,14453.116463156435,12545.924609223985,4157.916343768619,2921.8367021894683,2912.720105659598,5264.876540178598,5490.93926426848,5000.070708177413,3492.089990028968,2407.4674850797664,1001.3616100004406,446.1422805389515,1584.8858686047483
2025,3,16,1,30924.03158956997,65453.07288996808,17382.462080721907,8698.241353409465,4157.916343768619,3325.594505977312,3315.218120702177,6172.223599244442,11599.158069650632,5000.070708177413,4463.305185542807,3622.127746795157,1075.84303102104,455.6011063130575,1758.413499598387
2025,3,17,1,23420.14243570952,50122.37064190488,15984.585321959226,8698.241353409465,4157.916343768619,2510.868931929359,2503.034620390103,5198.853377376885,7367.4691832234275,5000.070708177413,4443.666626337697,3716.82390145922,1277.770498944159,562.8013625491346,1480.769256133944
2025,3,18,1,23015.95608890988,43549.26664628846,13581.86362953498,8282.707583251367,4157.916343768619,2510.868931929359,2503.034620390103,4299.051831292401,6338.036771185442,5000.070708177413,4081.246256485039,3379.9241303899794,1168.531071746262,515.5071298203145,1546.3241540091058
2025,3,19,1,21221.67097184178,41914.16616081425,14724.172879843443,8106.904797006822,4157.916343768619,2829.909689416528,2821.0799198284303,5996.790606477533,7183.234954023601,5000.070708177413,4582.921746715222,3796.9513771536,1209.90964706411,540.7307459966079,1388.221174979063
2025,3,20,1,19616.25802142545,41278.112064227294,11868.399712263375,7693.368747179027,4157.916343768619,3004.7512369556434,2995.37593385283,4902.69226351971,6565.955371616513,5000.070708177413,4245.495906759948,3381.7452003397907,1299.287366840298,770.8960142515139,1592.5981945864964
2025,3,21,1,19389.61144686812,37991.56006641856,11272.075553743534,7277.834932901928,4157.916343768619,2265.730231201477,2258.660791506948,4889.48764828187,4784.391574026686,5000.070708177413,4181.224297659758,3134.0783342947825,1171.8413563165373,558.0719669717994,1561.748848316053
2025,3,22,1,15920.03067602788,33406.738253755044,11442.453878776349,7203.917868866341,4157.916343768619,2141.3584091358425,2134.6770293628706,4199.073881727391,6013.252725310153,5000.070708177413,3752.7469951426297,3195.9950707014264,1171.8413563165373,545.4601761933786,1540.5398883510943
2025,3,23,1,25799.93106599908,43704.601206250576,10942.935595304349,8568.387061264786,4157.916343768619,2882.1819264245087,2873.189059119773,4304.710976854935,5929.682589712448,5000.070708177413,4297.270250911587,3509.22077326153,1244.6676532413494,564.3778623610099,1511.6186447477387
2025,3,24,1,73074.62177664315,71280.57107585011,32712.6397442178,10244.506625401073,4157.916343768619,5827.45099973265,5809.268423162804,12440.652413216245,17204.056654781503,5000.070708177413,6846.710144036721,4702.028076207993,1478.042842771491,619.554455671496,1542.467991018182
2025,3,25,1,52466.785176920086,56406.06184186923,27084.34644236699,30146.17876046153,4157.916343768619,5319.148721928968,5302.552129537661,8549.05789316484,10919.200875222205,5000.070708177413,6107.586815818571,4558.162754366501,1800.7957520778205,811.8843515911235,2205.7292110656444
2025,3,26,1,41398.87916889351,51999.4660125752,21909.104573862875,14599.620595454422,4157.916343768619,4118.690220441091,4105.83925004184,7347.436087660644,10279.129445159944,5000.070708177413,5366.678164036144,3975.4172269929777,1489.6288205781034,685.7663745679636,1993.639865476364
2025,3,27,1,49854.68381724438,59620.66944216705,23750.352224457023,16809.141679315602,4157.916343768619,4571.115278000782,4556.852669262303,13530.977978030358,14712.146477498563,5000.070708177413,9501.48408823682,10349.196549527043,4401.025609854261,2643.747671856346,3277.744470327973
2025,3,28,1,44258.40300416872,62689.7530773243,23109.49736592352,17636.213778970836,4157.916343768619,6139.281790747554,6120.126252374214,9605.428671215655,13342.735468246216,5000.070708177413,10299.523054863164,9648.08079898006,4419.232193180125,3014.21913848587,3572.7414684231003
2025,3,29,1,36595.86126083095,54736.6242390299,19781.311556540244,15646.446122766763,4157.916343768619,2867.761993479855,2858.8141186658177,7221.0488643139,10151.874897037877,5000.070708177413,7858.987781525332,6186.208083154976,2547.265304651981,1491.344830769893,2759.0896376707938
2025,3,30,1,37991.6261859289,70127.82522613695,24995.27575833958,22544.70691324424,4157.916343768619,4244.864554041225,4231.619899596937,11505.009712949632,12704.563362263349,5000.070708177413,7243.051661607598,6040.521731154844,2294.0284077002466,1220.191225175361,2668.469616839749
2025,3,31,1,38184.18133626964,87367.38967398638,27696.735755222075,21853.205506573217,8478.178769478554,6415.894258025557,6395.875644635939,10936.28195359266,13304.294141576387,10356.408598166205,8501.684660744744,7143.625203873604,2558.9184012566607,1422.6833791603144,2677.446779864912
2025,4,1,1,32730.11272095677,79488.80395085715,22344.56216808354,16485.448468817354,8478.178769478554,5011.927177405032,4996.289165233014,8258.798438645776,9794.05262167016,10356.408598166205,6746.716968681752,5559.375401710873,2084.1869604754625,1091.4599655135487,2410.861169565193
2025,4,2,1,100147.72172206234,119780.12465323428,65287.74961611283,31487.530428496208,8478.178769478554,10006.206734422936,9974.985773469216,26107.398697018943,37717.60024672568,10356.408598166205,29841.591510418923,24380.04539363774,4466.114873728838,1339.0889036837698,3009.7129206436807
2025,4,3,1,95037.62047734443,88691.16286856662,114240.69596228676,22380.048918115623,8478.178769478554,25296.898498227765,25217.968140178466,45302.479089257584,62797.594375080895,10356.408598166205,46054.064884678926,39747.63088608118,11143.78370380681,5129.2310060387135,7456.669984595041
2025,4,4,1,73702.14028811437,80006.15948275088,77314.89172988797,13363.253498581373,8478.178769478554,17949.601495444535,17893.595875902796,27687.965209346687,35910.9124416116,10356.408598166205,30278.994450563525,24807.82907340984,9603.80112402437,6151.291779791797,6562.255909876007
2025,4,5,1,59690.69506753281,73788.03867209825,46393.12833520438,18113.48094570944,8478.178769478554,10504.26207751149,10471.48710444988,16488.577938755523,14904.713807340037,10356.408598166205,17140.838765433804,14299.938887502938,5372.570794260665,2990.474152979905,5540.344431955901
2025,4,6,1,55124.10034696869,64382.02229888536,37053.50924037754,24655.839697290263,8478.178769478554,8570.866066614755,8544.1235974746,14014.2272100911,17961.902116935733,10356.408598166205,13082.810811473157,11778.55278525862,4340.402019724632,2264.937179683637,4929.902004009792
2025,4,7,1,50065.30916909799,69059.57328137114,36104.298959315536,24668.79483421731,8478.178769478554,7837.508959033211,7813.054681035675,13133.985179506602,18989.55937368128,10356.408598166205,12711.464647161984,10542.330396402143,3883.8658484773055,1944.7545614935043,4746.382918318878
2025,4,8,1,44616.94166761585,69801.93742871768,30004.955888071887,21907.18533936041,8478.178769478554,7380.631436680622,7357.602689422614,11642.410179736777,12965.425093844777,10356.408598166205,11343.91099227958,9215.475895605534,3548.080142004607,1709.7436802193724,4475.933777292186
2025,4,9,1,43151.75460810597,78217.58750410363,31430.67733677592,27028.794201953617,8478.178769478554,7661.032675496182,7637.129031650408,10885.982387953349,13650.529904146098,10356.408598166205,10720.83498958324,8651.74400813232,3270.188564251272,1545.7092175257126,4448.888850486522
2025,4,10,1,48961.19286404804,109508.56422722734,32467.56565930526,25890.8988344258,8478.178769478554,7541.420946540135,7517.890510366205,10131.48920650785,12167.977758380568,10356.408598166205,8717.708145471044,7004.051687820525,2967.4852222437808,1389.561027409804,4056.737538834189
2025,4,11,1,64540.44527783458,198769.63948199185,35141.746383955244,29645.737684938274,8478.178769478554,9133.629430788356,9105.131050193902,10133.423816845576,13068.559142873284,10356.408598166205,9440.761954095688,8062.635081566853,2673.05248044728,1249.185417068882,3786.288355464146
2025,4,12,1,54725.02212459875,122563.99016141832,34751.00725157364,27588.02552199249,8478.178769478554,8296.347367928158,8270.461440912328,14192.21023520714,13740.772243500993,10356.408598166205,10051.340731050886,8097.07529206236,2848.3888265811,1242.876405930555,3933.1036240168382
2025,4,13,1,47425.69202492234,95076.80838612118,33735.085415403664,26745.93976873217,8478.178769478554,7874.7650863498275,7850.194563292888,12025.460558166951,14930.497309274102,10356.408598166205,13588.055811807772,9717.577939001509,3546.4260365139003,1645.0762381578083,4031.624398563687
2025,4,14,1,55095.59473544298,91683.613063965,36990.609781299885,28708.64740303025,8478.178769478554,7886.530166607995,7861.922934624176,13399.025063536576,16300.707012463286,10356.408598166205,13948.690073941803,9704.889459246038,3607.628339835976,2391.1175409279167,5005.241424821301
2025,4,15,1,83118.48521897956,110004.56856367884,47342.33861626639,33074.538253647144,8478.178769478554,9412.069822894302,9382.70266386656,17345.604818511318,18483.09743950004,10356.408598166205,11597.426154228751,9409.42867882311,3242.068589015703,1820.1514616886816,4721.269778048376
2025,4,16,1,60270.3086035711,82170.84078452873,42472.39438262449,21859.68305297689,8478.178769478554,8564.983526485672,8538.259411808956,15469.044829973793,20341.35224848166,10356.408598166205,13464.86887796119,9139.34489770126,3481.9154858317697,1828.037734266449,4564.795619163225
2025,4,17,1,50686.730915599874,65714.00751082358,33498.73583778912,23813.75389991094,8478.178769478554,8564.983526485672,8538.259411808956,12331.127042759515,14098.058078328282,10356.408598166205,10044.19943679461,7573.221517926348,2912.899377263289,1511.0096389551973,4276.960441663327
2025,4,18,1,48978.29620553882,66062.19599623108,28518.24102830492,29989.0495855893,8478.178769478554,6529.623446852643,6509.24998025462,11611.456630863022,13475.570344151793,10356.408598166205,10203.092763507757,7745.422610194541,2871.5464489658502,1408.48809544422,4219.007057324926
2025,4,19,1,47205.24882969336,59911.413486565485,28045.54191488496,29535.61882252252,8478.178769478554,6980.618468908892,6958.837825910497,11526.334295674502,15199.382566042492,10356.408598166205,11327.843158617852,8831.195637523117,3111.393382160676,1337.511642244329,4582.181655636331
2025,4,20,1,47229.953656291305,62169.71148099066,30006.861936087043,31403.321884053545,8478.178769478554,7498.282279094312,7474.886442443225,12040.937354256856,14735.279283474374,10356.408598166205,12577.565771931122,10096.420294242233,3357.856737318211,1376.9430051331665,4767.632485519057
2025,4,21,1,49073.31481175258,55759.43001783965,32191.189198796263,32595.19712848792,8478.178769478554,8461.058611039763,8434.658758674768,12507.175457537627,16053.921941502893,10356.408598166205,12873.92858179572,10602.147606198992,3485.223733191883,1376.9430051331665,4929.902004009792
2025,4,22,1,48491.80090443716,53331.96501242109,29717.14313947107,31226.26791956584,8478.178769478554,8045.358869590518,8020.256066720972,11833.935390604996,13035.408884808,10356.408598166205,12061.608869419637,9684.950362786652,2962.5228693929607,1386.4065391503582,4574.454509495684
2025,4,23,1,41644.7593381318,48549.300498789074,29831.505811343686,32118.015200170048,8478.178769478554,7612.011467921397,7588.260778061906,11162.629890703827,12061.160351932866,10356.408598166205,11102.893056071274,8593.739432616125,2955.9064110514346,1211.3313156194852,4812.063448797928
2025,4,24,1,46604.73116723584,48841.64741522999,31081.871177113044,31642.992424573484,8478.178769478554,7649.267595238136,7625.400660319242,11501.184534508076,10309.722949398943,10356.408598166205,11576.002349875023,8914.577172549738,2795.457087091315,1171.8999527306478,4651.725716842353
2025,4,25,1,47974.899620532655,47619.70293065505,34560.402742708575,26054.997573748104,8478.178769478554,8223.795999837159,8198.136444661372,12779.953739612654,17006.070329863152,10356.408598166205,12950.697259806291,10058.354775394508,2980.7181389268326,1223.9493378961388,4858.426156268609
2025,4,26,1,47794.36422211525,45665.24865567687,38117.08219331215,28674.10025357377,8478.178769478554,9388.539662378089,9359.245921204109,18483.148378387,22299.05779036601,10356.408598166205,15025.236850444197,10953.800327857723,3017.108714373452,1171.8999527306478,4862.289729338932
2025,4,27,1,55257.12637871759,51219.84049396279,43827.59218018979,38880.61172070139,8478.178769478554,11663.12319992346,11626.732395327092,19253.1183559226,25072.627413516835,10356.408598166205,18556.595999716494,13895.719532960617,3657.2518683443486,1203.4450430417178,4866.153260065906
2025,4,28,1,59764.80958970152,51178.78051364933,47266.09682108218,43181.72675432533,8478.178769478554,14049.475079586176,14005.638476513504,22302.04463057916,28919.89630244523,10356.408598166205,18860.10006462996,17588.072911422612,4532.279566280434,1392.715550288685,5490.118151414896
2025,4,29,1,62438.633459233606,50349.36928044348,46358.81955454717,37762.14908062363,8478.178769478554,14437.722927267116,14392.674928985996,22872.750999201697,28798.345466321047,10356.408598166205,23844.70812540782,20533.617424877462,5620.688291287724,1504.7005931974347,6552.597019543448
2025,4,30,1,60634.27362429076,47928.58365978994,42324.19419513563,31627.98635948269,2568.1679638861856,13793.401691907948,13750.364078647315,21806.905251249424,26525.031856912552,14465.185872252638,24464.93800044776,22218.964582243767,5637.4087662012535,1550.788304011736,7407.156596038281
2025,5,1,1,53890.31420135838,44846.79048198841,45381.62644836773,36093.01743455168,2568.1679638861856,12719.573290328386,12679.8861929512,20229.74432522592,26718.255666756733,14465.185872252638,24320.30185564438,23204.621975249007,5804.823711767945,1561.8540600807196,8435.55316375699
2025,5,2,1,51412.86308979004,44732.898119939535,40852.3781588977,29133.30384602068,2568.1679638861856,12961.562774128191,12921.12063096538,19323.171707918376,26052.093513021096,14465.185872252638,23731.043453075534,22920.158362729577,5473.308943578928,1476.489562152983,8369.951857612861
2025,5,3,1,47644.91309586334,42349.53305394232,33836.59532831899,26960.18547967384,2568.1679638861856,10207.041619979018,10175.194022150155,17067.556192423042,24383.007641142965,14465.185872252638,21845.41650212348,21271.356433611378,5095.382090381554,1348.4428325710949,8445.200409679004
2025,5,4,1,45035.15229425092,40158.78006821227,32082.175418588453,25436.33998586616,2568.1679638861856,9810.027620007912,9779.418769180804,16845.337788541616,22515.177217789467,14465.185872252638,19947.29016900567,19678.722531403244,4536.779690703926,1234.623513540596,7930.037375821409
2025,5,5,1,43010.23866651229,39929.32045800309,30697.60621128802,26831.15017345,2568.1679638861856,9057.591502222476,9029.330372092836,16953.497200158214,23540.1836546971,14465.185872252638,21407.93679326176,20528.48965224563,4543.4100093501165,1204.5878651966154,7947.402452355657
2025,5,6,1,42793.55756825062,33551.3484671926,30536.389250225897,29549.08424287116,2568.1679638861856,9467.839335386469,9438.298166584778,17374.33564202087,23404.006875212213,14465.185872252638,22656.093254169573,22074.01495860361,4768.840042987788,1142.9357066480482,8177.00693917335
2025,5,7,1,41330.48080351916,36564.471278936144,30873.9965520821,24506.46655688983,2568.1679638861856,8910.129153685615,8882.32812960295,17740.11115794018,25777.899679312173,14465.185872252638,24291.73173844562,24344.28834337222,5242.906189146009,1172.9713549920127,8709.534964878492
2025,5,8,1,40799.32451037491,34226.32817343805,31545.41778995717,24959.11420299868,2568.1679638861856,11687.33681073822,11650.870455814156,18516.892438001832,26416.458455237746,14465.185872252638,26320.20919697525,25980.407164505265,5499.830109027356,1196.683728990618,9479.38530801356
2025,5,9,1,40429.24085942069,32641.884492403697,29646.85098181514,23209.969004581,2568.1679638861856,10570.025865595162,10537.04569902572,18516.892438001832,26381.49414364358,14465.185872252638,26273.78278593335,26908.084731929,5716.972298925471,1171.390562370245,9716.707625443489
2025,5,10,1,38899.05048318358,34574.704804030385,30105.845154293147,26106.09465374432,2568.1679638861856,9893.21150381945,9862.343106007416,18351.703486946968,27765.34482243008,14465.185872252638,27441.585806923114,27518.68499763948,5864.496361311107,1180.8754911980263,10550.229774726298
2025,5,11,1,43761.91116622961,33623.36864096521,31951.30517518156,24485.98476155084,2568.1679638861856,10517.090692154236,10484.275691768837,19226.811500904903,26486.38707842636,14465.185872252638,28246.905647291544,28478.97621446585,6060.090106555927,1155.58232457767,10231.87061695773
2025,5,12,1,38996.8445798031,33050.55709398973,31348.164104292064,25491.64083769332,2568.1679638861856,13074.995368310094,13034.199297361474,19242.543802579712,28240.12339976726,14465.185872252638,29303.999552354355,30857.961816964897,6278.889857926166,1174.5521822332153,10706.515209474232
2025,5,13,1,40312.27143312063,33693.71392862638,31031.42018911513,24662.1281926425,2568.1679638861856,11311.118731929068,11275.826237415882,19128.48476700862,28808.753552504502,14465.185872252638,31927.09228592254,33539.52973493849,6781.134731005055,1171.390562370245,11387.610881658526
2025,5,14,1,37042.87967188153,33506.12650669347,31044.69684412018,25692.36244966333,2568.1679638861856,11554.998797470227,11518.945358254845,19871.834960144115,31053.830469610548,14465.185872252638,32721.69834214332,33111.928377032185,6985.01631998949,1210.911139541991,12153.602309487427
2025,5,15,1,43230.75483071119,34311.74743610203,32220.632351860884,26966.33001386367,2568.1679638861856,13899.272118455412,13855.904172578124,20735.143769498925,32097.23915839156,14465.185872252638,30730.719147734013,31550.09624597289,6668.4197141862205,1188.7796274040395,11491.801129147165
2025,5,16,1,44626.71802631048,33849.478478952595,32715.66324894187,27695.481874989346,2568.1679638861856,13899.272118455412,13855.904172578124,21110.75191983229,33387.23830307141,14465.185872252638,32719.91270491752,33581.2027756096,6940.261832832132,1157.163117199437,11769.641887918086
2025,5,17,1,43207.744477468994,32752.427082229733,32761.1833463295,28342.70659887801,2568.1679638861856,14370.017292694887,14325.18054679236,23671.18035804244,35157.53664284028,14465.185872252638,34789.45970201908,33949.012429680595,6396.577595540308,1092.3493387878837,11530.390112835126
2025,5,18,1,39794.537828377615,35698.554378534944,33430.7079012859,26163.44369834133,2568.1679638861856,16610.31076887396,16558.483950009613,22727.243600042904,34592.586956995074,14465.185872252638,34907.31136684977,32378.120947143736,6716.489360666645,1114.4808855452864,11997.316917082746
2025,5,19,1,40179.96174307654,36700.13716043246,30401.72568279036,24385.62397762568,2568.1679638861856,11059.676538586216,11025.16858382009,20151.08290346401,34975.35419237852,14465.185872252638,35566.20942518902,32167.94398490714,6338.562507469329,1048.0862798925305,11684.746089930028
2025,5,20,1,35104.2549853298,34316.77209443524,28389.358652083825,21018.417035665003,2568.1679638861856,11460.471622374416,11424.713123021966,21934.730018306447,30126.35607499473,14465.185872252638,33466.306712870595,32436.10077272552,6181.093003493135,1046.5054526513277,10633.196115061222
2025,5,21,1,36899.06478402925,37502.40831761817,27533.96042535738,21677.930783813987,2568.1679638861856,15969.41666352895,15919.589536492836,17515.926183869888,26836.03019436824,14465.185872252638,30787.859382131253,26132.60426136944,5846.263075980995,1093.9301660290864,10324.484203214672
2025,5,22,1,30509.84874830706,33521.20048169522,22431.9177408444,18771.56421492149,2568.1679638861856,8749.432971955868,8722.133345590477,15976.129355232111,14712.614784185758,14465.185872252638,21468.64826290289,19834.54334498384,4492.025203546567,956.398507619434,8387.316934147111
2025,5,23,1,29599.02113936832,32931.640073606584,19262.58194796645,17184.22518644667,2568.1679638861856,8388.339268248334,8362.166311831235,13425.533638048337,18052.62676138775,14465.185872252638,20199.064194492097,20432.46054250035,4482.07976195607,883.6805930018671,8875.467645548442
2025,5,24,1,28258.666399841364,27620.5714585298,22043.100376461945,17911.328854802494,2568.1679638861856,8883.661527132468,8855.94308626611,14192.482240389878,22605.348367590315,14465.185872252638,21034.739789285075,23012.56375575844,4922.994424019614,855.2257718991053,8117.194005988424
2025,5,25,1,26348.80470780976,25798.29377222093,20129.36018858752,16528.807779717674,2568.1679638861856,9017.890082308944,8989.752826941622,12695.949176398784,21845.33459716149,14465.185872252638,24086.38412400109,24581.643360041497,5223.015269586195,855.2257718991053,8059.310488113279
2025,5,26,1,26132.1236095474,26131.596392318683,17517.645411020127,15381.827328971674,2568.1679638861856,9237.193063205568,9208.371547560066,11864.104927087528,19419.915421746595,14465.185872252638,22356.10714120776,23186.50327229415,4937.912586405361,814.1243328667217,8350.657365768931
2025,5,27,1,23253.908361910977,24347.841086571472,15019.730856017246,13456.538655343324,2568.1679638861856,5558.19639792218,5540.853938654809,9276.145025905504,12467.537867079714,14465.185872252638,17268.842799058635,17366.77610596327,3797.501744545925,779.3462027991491,7480.475648107939
2025,5,28,1,21363.221999559228,23530.495954384016,12975.12042473637,12022.813069851329,2568.1679638861856,4703.670977239119,4688.994773577013,8450.200357242684,11354.20051381697,14465.185872252638,15434.999210033568,16011.497180633234,3560.4686714668146,717.6940788700174,6849.545663186656
2025,5,29,1,18791.811814933026,21353.142057545352,14223.129381683038,11736.067979224328,2568.1679638861856,4662.0790154171,4647.532585309599,8774.678635398126,13851.388545866212,14465.185872252638,16577.803427484414,17183.77723795,3727.8836534123225,667.1077110098529,6614.152845753116
2025,5,30,1,20147.506818204,18653.22323256355,13925.352170266717,11521.009150224503,2568.1679638861856,6008.1456509997015,5989.399278297966,12056.825341114269,18339.702187925108,14465.185872252638,19286.606473440625,20479.569178141417,4206.922483987034,638.6528899070911,6776.226611116998
2025,5,31,1,20607.56599587078,18318.171263309545,15294.014259237709,10722.558453272151,703.9231513832974,8684.416804728575,8657.320039174701,11265.921791010522,22051.8310468611,10006.144138066242,22018.33584202501,23989.22900410223,4777.465772579214,667.1402532783577,7488.7222619882095
2025,6,1,1,21163.15290992401,21751.46429597085,17192.264284624358,10663.133156052736,703.9231513832974,10354.718985692089,10322.410610928364,12437.73848028588,24212.846067119463,10006.144138066242,24764.156034160314,27004.18952395046,5108.889011827331,660.801642523465,8271.528980801117
2025,6,2,1,20185.69662378696,21580.21934723021,17062.247142989367,10954.688658407802,703.9231513832974,8805.648412067418,8778.173384562782,13247.759261391482,26235.4802809618,10006.144138066242,27536.75604054932,29348.756164290044,5534.767862620011,682.9868147850253,9017.701875969007
2025,6,3,1,20097.17941708474,21464.37721047229,18414.4252404012,11433.80543710287,703.9231513832974,9964.083802063524,9932.994271377172,14087.92970151103,28904.523322996243,10006.144138066242,30514.667668695445,32909.09112330628,6287.098577879414,719.4339131742397,9900.769552381613
2025,6,4,1,20400.39802562156,20319.386555503275,19458.562774850263,10915.69080159252,703.9231513832974,10337.400184643784,10305.1458473016,14512.03484723535,26927.384189161043,10006.144138066242,31318.06111612046,33307.7037024621,6195.957179810414,676.6482040301324,10550.537652940631
2025,6,5,1,18200.650537041543,20666.91303676269,18008.37175013687,11320.525870525404,703.9231513832974,10818.478013672937,10784.722636774555,14532.134605476163,29166.119867865324,10006.144138066242,32398.17893182831,34278.86885480044,6050.1309501758005,599.0000318758082,10689.36053685253
2025,6,6,1,17127.14361261689,19953.39249391185,18552.44339381173,12250.903759180344,703.9231513832974,11030.15222657962,10995.736392375944,13153.290315378335,30108.246592225485,10006.144138066242,30982.42118784537,31747.67907265863,5760.135652212406,586.322775746587,10207.336690838618
2025,6,7,1,17281.577943136097,18145.24745330988,14615.92494713574,10562.852889786343,703.9231513832974,8892.242417309411,8864.49720269709,13673.874413253983,25441.212484039257,10006.144138066242,29425.623235167044,29194.74675147253,5350.82794155488,570.4762142399195,9019.629978636096
2025,6,8,1,16059.286740693831,17411.58043337307,15490.04007203215,9023.365351679418,703.9231513832974,7372.036485543455,7349.034555903849,13671.864407115803,23996.7445609644,10006.144138066242,27422.495646107905,27795.97904750124,4986.262422036456,530.8598104732587,8772.833768799503
2025,6,9,1,14546.960329053356,18397.078239403458,14573.919436726805,7998.278356976457,703.9231513832974,7968.573001506304,7943.709782792161,10283.042993761252,23329.48380045572,10006.144138066242,25108.72258025596,25753.99555824489,4568.669159500731,476.9815151983792,8350.580893749251
2025,6,10,1,14846.41226417167,17638.228158603608,14189.868864721277,8503.393692175378,703.9231513832974,6302.119420868639,6282.455803117496,9957.426676408466,20878.437830970342,10006.144138066242,23858.999457242448,25197.749849554864,4421.185804938928,462.7196236901607,7860.844679410238
2025,6,11,1,13754.071887906117,16949.890676614763,12513.648097179104,8436.540210744255,703.9231513832974,6812.061931589494,6790.807211871499,9708.189509660138,21060.418027119827,10006.144138066242,23491.2237832288,23963.86274834153,4199.132265200856,459.55028369327874,7829.995163766489
2025,6,12,1,14147.691082228244,17381.36075323906,12087.591972956388,7678.867230005198,703.9231513832974,7335.474603200055,7312.5867524648065,8697.171016229047,18876.65550815117,10006.144138066242,20604.36342160607,21476.157964706188,3791.48167947046,446.8730275640576,6748.33367482158
2025,6,13,1,13445.203226867005,15804.900021646805,9631.26848102769,6820.9139830001,703.9231513832974,5043.61986474083,5027.882966329491,7617.813310134508,13843.765317392295,10006.144138066242,16432.07354410327,17966.55551721136,3213.148172092101,427.85716067994366,6139.055560898496
2025,6,14,1,15153.39758850118,15712.56208449185,8885.170213466306,6087.382534771559,703.9231513832974,4591.406717403136,4577.080796137334,7619.823272966631,14880.673417141006,10006.144138066242,16823.05834603493,18388.72247387436,3262.8616288763205,423.10318530404817,5672.456493878132
2025,6,15,1,13140.101281620582,19295.274692057028,9435.242668233248,6416.078869948216,703.9231513832974,5137.911110467267,5121.880008330256,6600.764884900385,15553.621042003908,10006.144138066242,18297.73161080271,20624.5765781567,3481.60095513889,410.4259637942786,5778.501717135741
2025,6,16,1,10953.537192379872,14235.154806077368,10025.320349108726,6399.365521650113,703.9231513832974,5638.232020791515,5620.639837615491,7300.236930722734,19727.79211378988,10006.144138066242,20186.59884462813,21862.087396086463,3736.796847904847,400.9180130425039,6432.126023029036
2025,6,17,1,12300.129210871431,14953.71196820022,10279.353821287508,6057.669842042675,703.9231513832974,5388.071565629391,5371.259922972874,8277.085796169175,18122.19588558842,10006.144138066242,22004.05329271987,22690.114405129047,3836.2238342308033,391.4100622907292,6617.223201578233
2025,6,18,1,12302.01254758034,16239.72785628198,10087.328535284743,5979.674084293462,703.9231513832974,5118.667989339546,5102.69692880964,7396.715839568003,18910.77681815674,10006.144138066242,23153.79857059712,22849.55945270769,3758.3393628213935,388.2407569132828,7112.743681575258
2025,6,19,1,11279.355968550282,15640.37058892898,9137.203401345125,5559.982691055812,703.9231513832974,4460.553549500434,4446.635910988945,7448.975219655286,19011.2450578998,10006.144138066242,22477.16274335438,21561.316123256776,3405.37364503543,358.1323038983967,6295.231284127679
2025,6,20,1,9234.04276811599,14060.552134817615,9247.217909022163,5452.274284696716,703.9231513832974,3812.060630392437,3800.1663932200977,7643.94300017815,18986.601910208952,10006.144138066242,21789.815053142465,20764.09096494486,3291.0326071226928,348.624353146622,6173.761239533168
2025,6,21,1,10733.185780417854,12845.048881038649,9145.204454928922,5896.107210444529,703.9231513832974,4618.347079015297,4603.937099524405,7893.180166926277,19204.599024051146,10006.144138066242,22450.38296830809,21088.41665507237,3355.6601518724524,348.624353146622,6183.401752868706
2025,6,22,1,10902.686889359456,14240.191425348332,8529.123329002969,5350.136994436987,703.9231513832974,4368.186584020427,4354.557145173328,7360.536248751026,19748.64404610647,10006.144138066242,21493.452125654523,20970.64476753758,3292.6897320498824,307.4233140009476,6025.297926972436
2025,6,23,1,8459.987821183831,12390.074604811383,8633.137025587928,5350.136994436987,703.9231513832974,4091.085767246142,4078.320927143638,6751.51317997132,19388.474869181173,10006.144138066242,21407.7568298234,19879.89580961973,3186.6343187728603,304.25397400406564,6104.349839920571
2025,6,24,1,8158.652549355917,12390.074604811383,7426.97817697781,6369.652828921227,703.9231513832974,3513.792372411013,3502.8287797759417,6811.812497999613,18975.228140207382,10006.144138066242,20140.180549584427,19069.9875831141,3037.493839283926,253.54498410663265,6316.440328779141
2025,6,25,1,11721.942129184614,12128.170580174816,7500.987901720615,6091.096582758588,703.9231513832974,2767.159607250487,2758.525627927087,5710.34502752588,18133.56965559028,10006.144138066242,19767.04894408591,19088.10632585987,2671.271194838312,245.62170335329083,5707.162172512705
2025,6,26,1,9765.1462202009,12445.477345808444,6874.905437911342,5810.683312602258,703.9231513832974,3717.769384665879,3706.1693512192105,5368.648920902787,15415.240276881312,10006.144138066242,18517.32582107267,17136.716629914983,2614.929238345568,293.1613878732935,5747.652201491993
2025,6,27,1,9529.728029815797,13472.94696726663,6064.798741682663,4336.192231933114,703.9231513832974,3329.058521116612,3318.6713275617485,5555.576763484642,15701.479969441236,10006.144138066242,18142.40889201016,16471.758385167726,2389.561448753173,280.4841317440724,5421.804078707263
2025,6,28,1,6491.8918071962335,13256.372480578028,6916.910990128531,4334.335207939776,703.9231513832974,2967.28797934676,2958.029567582897,5897.272870107533,14651.302533296956,10006.144138066242,17676.440696424233,15799.55262740554,2268.5919838893697,270.97621561173315,5281.053134471629
2025,6,29,1,8322.503605795924,13320.169634350825,4748.625427204634,3751.22411499129,703.9231513832974,2988.4554205537765,2979.130962997242,5091.272057972638,14194.456373295989,10006.144138066242,16408.864416185264,14735.981843292857,2202.307314212479,251.9603487276192,4775.892141139067
2025,6,30,1,7926.251426665822,11806.037026309565,5993.406519639751,3533.0068319118336,217.80783435057805,2645.9713777749075,2637.715525056417,4951.8843207135815,13069.151535760306,2472.7431555080025,16362.245887311685,14605.531184980491,2172.3139423670127,250.93478259764527,4924.357740238577
2025,7,1,1,9511.5017204741,11865.00824366604,5228.79772050246,3535.088731800161,217.80783435057805,2555.895751318741,2547.920948921428,4964.554366300697,12931.994041716069,2472.7431555080025,16553.272646507743,14323.039609053578,2024.503579200396,225.5236675636708,4727.691903343502
2025,7,2,1,6756.933153015495,10485.08182140018,5109.666040404206,3043.757225687436,217.80783435057805,2255.6437029645544,2248.605734846877,4402.848116945963,12463.699123180982,2472.7431555080025,15362.479629551384,12229.38342908675,1820.226371284073,228.7000353057704,4320.863595570344
2025,7,3,1,6782.438434793072,12240.739111390612,5575.362611860892,3226.9655629609924,217.80783435057805,2184.333802145598,2177.518332292065,3938.278984806776,10643.422991356923,2472.7431555080025,13805.70073182508,12123.896064174582,1815.243973740702,235.05284002884065,4133.838272010809
2025,7,4,1,6878.573652674953,10338.496243237134,4312.566794460549,3272.76766933897,217.80783435057805,1880.3285927307973,1874.4616676180217,3788.349866624728,10998.073119673789,2472.7431555080025,13893.180292611743,11669.76400985266,1737.1868487726838,200.1125525296963,4272.661198265957
2025,7,5,1,6592.129898146627,11295.514809696526,4403.540095688448,2539.9341878866844,217.80783435057805,1718.9431052885425,1713.5797286368036,3412.4712268195726,10112.427460462952,2472.7431555080025,12481.010486361944,11052.931058029491,1551.1782863338217,181.05420759935657,4101.060653699872
2025,7,6,1,6592.129898146627,10752.979624210484,3435.32443803358,2760.616987865554,217.80783435057805,1580.0765443766095,1575.146453543471,3665.872571622838,8811.390466326146,2472.7431555080025,11586.576750575314,9763.839625512786,1456.5132423119871,187.40697770299127,3877.401464151973
2025,7,7,1,6523.46190353382,10542.368143790034,3021.6125981902896,2635.702200419295,217.80783435057805,1471.235152450613,1466.644664119967,3323.780777791598,8556.669370564134,2472.7431555080025,10315.445349465215,9116.612003153525,1333.6147577260078,168.34863277265154,3443.579846069241
2025,7,8,1,7278.810098518388,10603.02425611419,3082.261465675262,2637.784100307623,217.80783435057805,1088.4137599286194,1085.017735400831,3262.5421086375245,8180.46594417074,2472.7431555080025,10442.201440546476,9971.238507063365,1358.526599927944,160.4076614882412,3912.1072274732487
2025,7,9,1,6466.565515502085,11285.405439896787,3084.4274787391405,2371.299238069776,217.80783435057805,1088.4137599286194,1085.017735400831,2802.196353898081,7198.810022611487,2472.7431555080025,9228.19957012594,9052.246853598745,1207.394674777761,128.64377635063195,3426.226964408604
2025,7,10,1,6466.565515502085,8790.08064373285,3322.6908389347727,2248.466350511844,217.80783435057805,1193.5019907940027,1189.778074224842,2403.0892683125094,7306.576636872913,2472.7431555080025,9510.276458821563,8590.963062938637,1232.3065169796978,115.93823614336246,3246.9140091741674
2025,7,11,1,5656.282873977976,10414.316374768065,2267.8339897967044,2144.370650187216,217.80783435057805,1114.6858076868095,1111.2078101797492,2842.3182659714093,7582.851030711454,2472.7431555080025,9269.26138477712,8442.565598323106,1150.9277936493545,95.29169003226322,3115.8034935873698
2025,7,12,1,6199.74121827336,10358.714947344832,3175.4007799666,2250.548250400172,217.80783435057805,1116.5624081334274,1113.0785553336646,2453.769537273284,5850.747620822362,2472.7431555080025,8681.898714714009,7748.852027986719,1064.5667091544574,96.87989121302272,3032.895332961807
2025,7,13,1,6201.703159765555,9218.043184439184,3175.4007799666,2250.548250400172,217.80783435057805,906.385946402538,903.5578776855205,2455.881225973155,5601.904701016559,2472.7431555080025,8032.050660892685,6949.651092738418,1018.0645503553914,103.23266131665748,2755.24948045141
2025,7,14,1,5877.982516879276,9298.91800087104,2365.30533021536,2065.257969118934,217.80783435057805,902.6327853420474,899.8164270861498,2191.921480976589,5335.427253341539,2472.7431555080025,7744.617840712199,6883.497979255582,998.1350693180672,88.93891992862847,2624.1389225214607
2025,7,15,1,6423.4027602926735,9758.89347495966,2785.515292866787,1867.476200269024,217.80783435057805,831.3229243558357,828.7290642397983,2191.921480976589,4271.476827096943,2472.7431555080025,7548.235189239243,6713.645424997717,925.0603055146612,80.99794864421811,2664.628951500648
2025,7,16,1,6425.364701784867,11327.52774307881,2785.515292866787,2177.681268996521,217.80783435057805,831.3229243558357,828.7290642397983,2348.1856652582505,5037.599478840222,2472.7431555080025,6905.528312050848,6899.589296487528,963.2584684081472,85.76251756709334,2572.08036222615
2025,7,17,1,7423.993938462531,7971.223216095167,3110.4198445456195,2106.896231600904,217.80783435057805,634.2825064204138,632.3034438353432,2145.464589415759,4720.177812012449,2472.7431555080025,8571.210300463443,7162.413746699644,1056.2627496275782,93.7034888514876,2755.24948045141
2025,7,18,1,4133.814792679406,10316.59264416281,1605.0286408223274,1784.1996753047335,217.80783435057805,405.34027921957073,404.0755528985616,1997.6471599333809,5294.279980352307,2472.7431555080025,6546.683647122355,6575.975465412569,991.4919089722924,85.76251756709334,2689.6942014863857
2025,7,19,1,6758.895094508385,10009.94232810373,1137.1660144939506,2165.1897814282,217.80783435057805,664.3077152390947,662.234969213632,2166.581346496303,5936.960895714135,2472.7431555080025,8681.898714714009,7128.443227889784,986.5095478076802,100.05625895512232,2724.399964807661
2025,7,20,1,6315.495893454843,9125.3741387338,2029.5706296010724,2165.1897814282,217.80783435057805,619.2699020110734,617.3376811461987,2563.5767866878573,5325.630265884894,2472.7431555080025,9735.223856035593,8371.048712429621,1401.7071603647432,120.7028050662377,2824.66096475071
2025,7,21,1,6368.468356127313,8552.510914831042,1776.1450525335397,1902.8687189670088,217.80783435057805,592.997854252883,591.1476063672804,2113.7894321417134,4242.0859060210105,2472.7431555080025,8672.972214516802,7834.672267184352,1001.456667680334,107.9972302395327,3287.404038153455
2025,7,22,1,6370.430297620203,8896.228849172274,2371.803453023497,1900.786819078681,217.80783435057805,746.8770195741564,744.5466441497574,1699.9005689631,4665.314822653262,2472.7431555080025,9833.415201376054,8245.894221802653,905.1308244773952,87.35071874785285,2672.341362169099
2025,7,23,1,6527.385786518904,10611.448730947306,2371.803453023497,1517.7147689475332,217.80783435057805,576.1086493968022,574.3110985240984,1702.0122576629713,4967.061367361304,2472.7431555080025,9251.40842358984,8256.62176662395,895.1660657693536,79.40974746345859,2631.851333189812
2025,7,24,1,4844.038333336549,10987.179598670824,1864.952298889308,1819.5921940027183,217.80783435057805,442.8718101593556,441.4899794757139,1288.1234377906148,3577.8516925826534,2472.7431555080025,8269.49512701682,7775.670850249046,913.4347476255152,69.88057499828872,2631.851333189812
2025,7,25,1,4749.865014571986,8923.18709765469,1041.8606871387349,1598.9093940234957,217.80783435057805,465.3906968570553,463.9386036552616,1387.372287011889,2760.784780394082,2472.7431555080025,7751.759056553373,6981.833687411396,753.9988629484532,82.5861152055582,2757.1775831185973
2025,7,26,1,5183.454550537345,8854.106545990253,1089.5133508165618,1653.0391440741375,217.80783435057805,334.03041823335894,332.98819005221003,1389.4839757117602,3260.4300257551727,2472.7431555080025,6155.703628532755,5862.594769361643,692.5496206554925,92.1152876707281,2425.5450253025506
2025,7,27,1,4010.212351527754,8052.098032525968,953.0534407834052,1861.230456484687,217.80783435057805,335.9070186799766,334.8589352061254,1030.4987588936629,2398.2970703703504,2472.7431555080025,6589.530785337533,5639.10457057912,619.4748568520866,93.7034888514876,2608.714185871162
2025,7,28,1,4010.212351527754,8673.823139478296,1186.9847330434682,1884.1315317333529,217.80783435057805,358.4259053776764,357.3075593856732,690.518610456037,1741.9003973454442,2472.7431555080025,4995.260680880915,5086.636847892561,631.1003783624736,68.2923738175131,2213.454451757278
2025,7,29,1,2599.575020051403,6495.257993681401,781.9370290721931,1357.4074628032886,217.80783435057805,360.30246599154935,359.1782648311284,612.386561621363,2306.205619522073,2472.7431555080025,5470.149613129182,4677.202777619968,592.9022154690458,71.46877617904823,1906.8871439269683
2025,7,30,1,3945.468239900032,8266.079302879662,441.8702187132087,1690.5135626604504,217.80783435057805,290.8692054519552,289.9616471386921,612.386561621363,1602.783497551431,2472.7431555080025,4854.222197325553,4199.827749309744,529.7921739949226,65.11597145597797,1930.0242912456176
2025,7,31,1,5200.352248355292,7874.97394604644,845.6024192673367,864.1589304964349,110.54109706305708,451.5391772332416,450.1303029819256,757.7422164464207,2111.890966034649,509.6584895906509,5226.117504973287,4086.614704237176,491.9820996315258,63.05961166139522,1122.4885706797672
2025,8,1,1,5078.390888631521,9384.010839979335,734.0298772554864,1095.3351888789075,110.54109706305708,109.13332613961406,108.7928127558127,757.7422164464207,1680.94743897838,509.6584895906509,4270.164463667302,3463.7545066753487,470.4475152829537,61.48311184952001,1073.3796877731031
2025,8,2,1,3974.7405764665273,8789.390352146822,827.9857109091001,1089.831001704674,110.54109706305708,109.13332613961406,108.7928127558127,757.7422164464207,2007.5009003849293,509.6584895906509,1349.8996336703992,3139.6499345327543,448.9129673131407,64.63611147327045,1083.9030168000702
2025,8,3,1,3528.881871998301,9931.994427502308,2260.812048704477,1089.831001704674,110.54109706305708,109.13332613961406,108.7928127558127,1379.732583412482,1718.420769408148,509.6584895906509,3440.708036746574,3056.36047562941,404.1872921276535,48.87121721277649,927.2223495870044
2025,8,4,1,4644.528375838879,7911.617252749058,763.3910857242762,1069.190288772517,110.54109706305708,245.55001368857103,244.783858481805,1379.732583412482,1397.2206468191123,509.6584895906509,2719.677307304497,3045.4966470042204,389.2787701112696,55.17714722143855,983.3467569493122
2025,8,5,1,4038.72029365359,7511.872372662484,775.1355440270167,988.003340448493,110.54109706305708,246.91416582603767,246.1437542470269,686.1639724753295,2633.841211696999,509.6584895906509,2918.457706939811,2947.7220700032203,420.75235701119743,59.90664665706421,804.4501211488191
2025,8,6,1,3634.8482812380425,7851.655513638086,469.7791264602559,1162.7616030886704,110.54109706305708,456.9958256154845,455.5699257509065,745.4011667792046,1001.073780783708,509.6584895906509,2604.023274429356,2737.687837695255,380.9962376694977,55.17714722143855,804.4501211488191
2025,8,7,1,4270.646821425549,8076.5120086864545,775.1355440270167,942.5937190543124,110.54109706305708,253.7350061783692,252.94331248956763,898.4305204384309,1879.020851349374,509.6584895906509,2365.4867948672013,2703.285667292281,334.614092374427,63.05961166139522,797.4345966930753
2025,8,8,1,3776.8033078801086,8311.3620973428,775.1355440270167,1015.5243645573096,110.54109706305708,346.4983473384568,345.4172172299247,1184.7435396282474,1959.3208923198404,509.6584895906509,1944.4337487272185,2460.659869526143,356.14864034424005,61.48311184952001,837.1893764198617
2025,8,9,1,4530.564491357122,8253.065980828027,1080.49200340159,1015.5243645573096,110.54109706305708,210.0816597894469,209.4261715038796,782.4244023925621,1624.7374226868733,509.6584895906509,2497.404700007518,2647.155799847755,366.08767927435474,53.60068202898274,830.1738519642176
2025,8,10,1,4530.564491357122,8502.906530882005,1330.0621708665517,1015.5243645573096,110.54109706305708,416.07082333399467,414.7726160038779,784.8925863423316,155.9767251017989,509.6584895906509,2025.7529924303,1997.136010826851,316.3925210025404,48.87121721277649,720.2634889336819
2025,8,11,1,4666.5214009739575,7973.244578964453,278.9313759337008,1054.0537188948883,110.54109706305708,313.758337546765,312.7793614906586,698.5050654486016,155.9767251017989,509.6584895906509,1667.9482730867903,1955.4913012706352,319.70553397928404,58.33014684518898,724.940519351895
2025,8,12,1,4108.698127865883,8732.759822735417,278.9313759337008,1041.6692646637002,110.54109706305708,356.04749196559885,354.9365670027869,698.5050654486016,155.9767251017989,509.6584895906509,1669.7553961436029,1866.769947950024,279.9494146375844,53.60068202898274,657.1235147722791
2025,8,13,1,3918.75833452148,8359.66462025065,692.9242104839562,793.9804006398787,110.54109706305708,286.4750159700609,285.58116822883363,762.6786709580714,155.9767251017989,509.6584895906509,1904.6776688001,1785.2911337826529,268.3538692191269,53.60068202898274,682.8472032443264
2025,8,14,1,3920.757692738264,7923.276468953235,725.2215439807131,813.245121928021,110.54109706305708,319.214985929008,318.2189842596395,604.7128627871944,155.9767251017989,509.6584895906509,1617.3496508572453,1562.5823883220926,243.5062718938692,45.71821758902605,689.8627700433216
2025,8,15,1,2613.1719949616227,8534.5530052878,725.2215439807131,784.348062055484,110.54109706305708,278.28998364764084,277.4216745127332,626.926778171656,155.9767251017989,509.6584895906509,1170.9972739987838,1702.0016748793078,246.81928487055472,39.412252960944585,605.6761378281844
2025,8,16,1,5396.290158724925,8141.470544601415,781.007794082074,780.219910645323,110.54109706305708,261.9199986681673,261.10276649733026,715.7825696272671,155.9767251017989,509.6584895906509,1172.8043578479069,1692.948490989834,208.719672017256,47.29471740090128,659.4620511530613
2025,8,17,1,4502.573349197508,7331.987155328512,1127.4699202286165,653.6233850461191,110.54109706305708,263.2841508055112,262.46266226242983,715.7825696272671,155.9767251017989,509.6584895906509,1649.877356180183,2419.015159969928,255.1018173123267,47.29471740090128,693.3705322711935
2025,8,18,1,3564.87044702575,8604.508338007807,1130.406003447894,710.0414249081199,110.54109706305708,111.86167024711024,111.5126439945356,750.3375779847993,155.9767251017989,509.6584895906509,1292.0725976289837,1499.2099817243254,225.28473690074168,36.25928795661356,653.6157525444072
2025,8,19,1,4018.726669110868,8607.839547708429,1118.6615451455918,710.0414249081199,110.54109706305708,113.2258223844841,112.87253975966507,310.9952051359578,155.9767251017989,509.6584895906509,1465.5537057535091,1166.0522256927743,220.31521743571344,50.4476824052323,638.4153930993268
2025,8,20,1,3604.857780861644,8084.840015191065,1118.6615451455918,747.1947434816257,110.54109706305708,261.9199986681673,261.10276649733026,310.9952051359578,155.9767251017989,509.6584895906509,1172.8043578479069,1390.571576098136,212.03268499394147,48.87121721277649,536.6898650582274
2025,8,21,1,3606.8571390784286,8131.476915501661,299.48420931941416,784.348062055484,110.54109706305708,167.79250537061313,167.26896599175132,589.9035425582985,1753.2174717224289,509.6584895906509,1302.9151791391,1251.1522895411792,207.06316552885505,47.29471740090128,560.0750171494924
2025,8,22,1,4156.682936943792,8829.364833056175,352.334334393334,931.585344706198,110.54109706305708,431.0766561761243,429.7316282541812,333.2091205204194,4590.485434608229,509.6584895906509,1304.7222629882228,1173.2947648460154,213.6891914822842,40.988752772819815,637.2461249088859
2025,8,23,1,2825.1048558152866,8059.855960185456,810.3690025513023,822.8774605120631,110.54109706305708,230.54418084656416,229.824846231624,69.11006002113007,4162.21857696057,509.6584895906509,1214.3675608318376,1633.197373864274,193.8111136220548,37.83575314905326,521.4894632696959
2025,8,24,1,3242.97246049808,7190.410867292302,634.2018353546281,1000.3877946796808,110.54109706305708,218.26665227912227,217.58562551151988,713.3143423714417,318.5234944735486,509.6584895906509,936.0750013422868,1292.7970388883086,213.6891914822842,45.71821758902605,500.4428052159615
2025,8,25,1,4244.655079856901,7190.410867292302,634.2018353546281,1338.8959014922157,110.54109706305708,11.82275807790266,11.785869187025998,718.2507968830923,2093.154280173203,509.6584895906509,1281.2300553265572,1285.5544599441537,215.34569797062696,47.29471740090128,585.7987056215397
2025,8,26,1,4024.724743761221,7811.681032727678,634.2018353546281,884.7996875479449,110.54109706305708,11.82275807790266,11.785869187025998,688.6321997311547,416.2218659545938,509.6584895906509,1304.7222629882228,1195.0224618875675,220.31521743571344,45.71821758902605,578.7831811657959
2025,8,27,1,4024.724743761221,9349.033155873973,634.2018353546281,793.9804006398787,110.54109706305708,11.82275807790266,11.785869187025998,923.1127063847736,416.2218659545938,509.6584895906509,1024.6226196498276,1102.6798190947486,218.65871094731247,47.29471740090128,14722.139129387948
2025,8,28,1,4026.7241019780063,9395.670056184568,446.2901680469621,855.9026276757605,110.54109706305708,128.23165522658985,127.8315520099446,498.5795671527165,1397.2206468191123,509.6584895906509,912.5827544729316,999.4733476767402,207.06316552885505,34.682788144738346,467.7035499449189
2025,8,29,1,3452.905920760778,9264.087397249168,449.22629307449074,737.5624048972311,110.54109706305708,290.56751221496,289.660895232715,656.5453753235935,69.59336333541718,509.6584895906509,957.760125155108,1200.4543960957485,202.09364606382675,44.14171777715083,498.1043111785307
2025,8,30,1,2303.270200110232,8041.534324580036,475.6513765157517,489.8735408734095,110.54109706305708,477.45834667260186,475.96860047865096,1029.2459587131957,165.9534207587812,509.6584895906509,936.0750013422868,1109.9223582479897,185.528617559042,33.10628833286312,507.4583720149568
2025,8,31,1,2271.4621706942544,7750.368275607656,269.7726877046209,608.6704862856158,81.74453027815076,90.44459720531142,90.16239563654834,620.742460367093,1012.4742262213686,266.4118875797425,946.2386227523205,884.1831384754953,157.74387252639272,39.73764102655692,746.7610014144815
2025,9,1,1,3752.9361836868825,8203.11093201864,490.282584046655,596.5777045171973,81.74453027815076,37.383751442865965,37.26710817583391,751.6936197439641,529.8516667246953,266.4118875797425,830.1905130761586,1244.7414198154622,147.78111464975353,38.14812430726368,722.8773838660023
2025,9,2,1,3414.088378649961,6743.911536083924,492.6284153269951,597.5854326547076,81.74453027815076,469.1058973081752,467.6422120884172,518.7026240383201,529.8516667246953,266.4118875797425,739.137364582249,692.1269483202582,149.441586422084,41.32715774583406,694.2170597450481
2025,9,3,1,3118.581598538542,7572.854056723849,492.6284153269951,560.2993150922359,81.74453027815076,241.1855394371605,240.43300208617168,518.7026240383201,1154.1615891994384,266.4118875797425,878.3951118769419,831.6394649367437,146.12064287736487,38.14812430726368,581.1679564422378
2025,9,4,1,3118.581598538542,8361.08229297643,755.3635673811348,612.7013988353043,81.74453027815076,278.569330712779,277.7001499704736,525.5052653582196,544.6107807993772,266.4118875797425,1203.3298817031114,1049.0615527344578,131.17650606243524,33.379608768867804,643.2653535997731
2025,9,5,1,3266.334988594252,8494.625090400168,755.3635673811348,467.5879293748704,81.74453027815076,94.0623667537344,93.76887716696324,221.0863409161772,544.6107807993772,266.4118875797425,769.4884140801261,983.834930374209,126.19509074532742,27.021611130598096,662.3722222325256
2025,9,6,1,3083.1207984847983,8782.88211170897,1269.10467327727,501.850818405458,81.74453027815076,183.30102749858585,182.7290990571493,222.7870120727668,268.6156118811137,266.4118875797425,914.102210482754,804.4616890402102,134.49741322839523,22.253095592186103,691.0325886968312
2025,9,7,1,3083.1207984847983,8087.482423984559,490.282584046655,580.453966079737,81.74453027815076,164.00616363060536,163.49443824187586,386.0507935048593,268.6156118811137,266.4118875797425,742.7080509182163,1078.0511670936162,129.51603429004655,17.48458005379023,630.5274270633546
2025,9,8,1,4072.083511292423,7326.939852845922,361.2608602045885,698.3586875908032,81.74453027815076,9.245459752662487,9.216612443627382,387.7514646612475,982.9560393654218,266.4118875797425,865.8976116816925,902.301642476299,121.21371180703692,19.07406215363184,552.5076323212836
2025,9,9,1,4072.083511292423,8891.996381090434,363.60669148529513,827.3484627327776,81.74453027815076,9.245459752662487,9.216612443627382,348.636157980272,1425.7290073779968,266.4118875797425,687.3620402375303,876.9357448335635,122.8741835793674,22.253095592186103,595.4981185026152
2025,9,10,1,2813.224600898523,9258.424763118695,795.2430336208186,609.6782144231261,81.74453027815076,9.245459752662487,9.216612443627382,579.9265258355838,211.0551413179799,266.4118875797425,689.1473638018082,786.3431850396652,136.1578850007257,23.84257769204383,565.2455588576023
2025,9,11,1,2547.2684733735978,9017.396300341636,797.5888649015972,722.5442511276403,81.74453027815076,109.7394212405654,109.3970167433798,579.9265258355838,211.0551413179799,266.4118875797425,771.2737376441257,900.4897642225011,136.1578850007257,12.71602989594778,689.4403531726729
2025,9,12,1,2326.6234058051973,8281.282328229881,492.6284153269951,590.5312915731351,81.74453027815076,123.00464263932638,122.620848535637,394.554105981147,358.646116890972,266.4118875797425,473.1193309801444,755.5417322178816,146.12064287736487,9.53703107681948,560.4688099418757
2025,9,13,1,3029.929556030001,8282.91089676519,73.19048782981352,625.8019528605862,81.74453027815076,290.62857581833697,289.72176830791005,394.554105981147,158.66033177568792,266.4118875797425,819.4783756528769,626.9003259600095,116.23233286868826,3.1780640943946543,345.5162943484156
2025,9,14,1,2777.76380084478,8618.396476606786,8.35124130391123,717.5056104404416,81.74453027815076,221.890715401802,221.19838097923605,227.88902554213263,158.66033177568792,266.4118875797425,517.7532042372704,817.1446378617073,127.85556251771608,3.1780640943946543,257.943044118143
2025,9,15,1,2777.76380084478,7774.796803648875,8.35124130391123,440.3791373065018,81.74453027815076,47.03116346049297,46.884418729249646,229.58969669872224,661.2076663677374,266.4118875797425,405.2757808967975,625.0884874973844,111.25095393039776,9.53703107681948,818.4118540601186
2025,9,16,1,3077.2106510182443,8610.253633926028,8.35124130391123,726.575207796682,81.74453027815076,102.50384231097092,102.18401397408604,547.6139037803624,661.2076663677374,266.4118875797425,637.3720786650576,648.6425466772362,102.94863144732996,12.71602989594778,590.7214119302398
2025,9,17,1,3077.2106510182443,8067.939566058541,8.35124130391123,641.9256471786932,81.74453027815076,96.4742396745154,96.17322465954916,649.6537401091352,346.8388504071007,266.4118875797425,671.2938144989021,744.6706218592683,109.59048215800912,9.53703107681948,544.54641235734
2025,9,18,1,1840.022253087444,8069.568134594904,8.35124130391123,511.9281438992086,81.74453027815076,226.71442141067232,226.00703625600053,1156.45170935819,155.70848418481938,266.4118875797425,632.0159903494327,652.266223602745,109.59048215800912,3.1780640943946543,506.332632748284
2025,9,19,1,3514.5607160923046,9331.710453720852,262.73515205403385,712.4669256338898,81.74453027815076,669.2899157540567,667.20162446835,678.565063157435,155.70848418481938,266.4118875797425,794.4833752626566,568.9210972419512,124.53465535175606,1.5890320471973276,476.0800307599199
2025,9,20,1,3516.530751123328,8473.453663937787,243.96837638297927,422.2399425940212,81.74453027815076,826.0605402878517,823.4830996494316,680.2656910077671,789.6118184196757,266.4118875797425,511.5044737434907,770.0365195020038,104.60910321971862,7.947514357538041,399.6524715420073
2025,9,21,1,3349.0768836355423,9646.024642592898,459.786526546588,545.1833489116392,81.74453027815076,68.73790024927644,68.52342703713097,403.0574184576362,789.6118184196757,266.4118875797425,511.5044737434907,597.9107116008511,114.5718610963578,14.305546615229222,708.5472218055252
2025,9,22,1,3004.318973505553,7323.682715774252,419.9071021153931,523.0131975301169,81.74453027815076,10.853348478017493,10.819484299708686,372.4454675590043,242.0492313227648,266.4118875797425,669.5084517269343,686.6913931409515,107.93001038567864,12.71602989594778,504.7403972242255
2025,9,23,1,3004.318973505553,9685.110322952103,417.5612290262192,604.6395737359273,81.74453027815076,198.9780819854164,198.35723863356543,551.0152027872841,358.646116890972,266.4118875797425,582.0260287766819,500.0707979559352,101.28815967499948,4.768515538409741,568.4300299058192
2025,9,24,1,3270.2751010304783,8577.682192219441,612.2667722377952,623.7864965855657,81.74453027815076,139.88763358649933,139.45116185829812,726.1836390088437,358.646116890972,266.4118875797425,357.07118209601424,572.5448139583742,92.9858735706908,14.305546615229222,477.6723086274296
2025,9,25,1,3272.245136061501,8541.853648931907,567.6956016283032,567.3534561738084,81.74453027815076,125.4164757273892,125.02515631978916,843.5294724398597,674.4908360001589,266.4118875797425,1014.0821728356674,648.6425466772362,83.02307931535069,17.48458005379023,549.3231189297154
2025,9,26,1,3331.3464836086705,8909.910634988311,567.6956016283032,525.0286979244905,81.74453027815076,58.48750008507995,58.30500975633679,843.5294724398597,115.8589339939182,266.4118875797425,742.7080509182163,634.1477196021999,83.02307931535069,14.305546615229222,4095.243783692461
2025,9,27,1,3189.50324102021,9116.739123014202,253.35174331427305,610.6859425606362,81.74453027815076,58.48750008507995,58.30500975633679,353.7381714496379,115.8589339939182,266.4118875797425,201.7452090625281,550.8025932411475,86.34402286001165,39.73764102655692,522.2550303329194
2025,9,28,1,2415.2754483137373,9890.31024244163,288.5395051841426,615.7246273668356,81.74453027815076,202.5958515338216,201.9637201639626,537.409920147485,392.5920544865727,266.4118875797425,201.7452090625281,614.2173771387711,88.0044946324003,19.07406215363184,468.1188531393277
2025,9,29,1,2308.8930057790208,9043.45343241205,288.5395051841426,401.0775634693623,81.74453027815076,247.21518190625045,246.4438311090588,399.6561194507144,392.5920544865727,266.4118875797425,612.3770782748372,427.5967421628407,81.36264392172116,4.768515538409741,450.6041776872824
2025,9,30,1,3204.426284981754,8508.111348611996,0.0,630.3902240879195,102.52553196395591,238.96952414064504,238.2239011108252,1113.6383274374666,1007.2828808025112,372.0311331265015,369.1673912691877,437.0944301032239,79.4308230355578,23.611666063393884,523.9380075725887
2025,10,1,1,2559.4848008171266,8177.081200076964,0.0,761.4390894584669,102.52553196395591,257.8355486384319,257.0310606031379,2733.475874934849,283.09950648040405,372.0311331265015,505.07977899905575,689.5541090536861,92.66930566776622,42.50099891412188,476.307244966884
2025,10,2,1,3388.9850194440496,8662.485981264213,0.0,384.10872050616354,102.52553196395591,123.67721859746943,123.291325949518,1512.4619750479826,283.09950648040405,372.0311331265015,565.6893477741198,714.0464772509259,139.00394031226978,39.35277677232851,2536.3361715455467
2025,10,3,1,4640.333761877583,10608.879578456064,0.0,668.801074079106,102.52553196395591,123.67721859746943,123.291325949518,880.47991061471,763.4143930019185,372.0311331265015,525.2829685907437,663.1777217162794,109.2173816738847,39.35277677232851,631.1071069912078
2025,10,4,1,3182.116976233559,9230.64830845869,0.0,851.8175807876191,102.52553196395591,635.1558394309366,633.1740519075806,880.47991061471,897.011913841925,372.0311331265015,780.5778474000907,800.7117556152454,112.52701142667024,29.90811034696452,454.192985012488
2025,10,5,1,3056.373688254648,9182.903584027996,0.0,814.5364487021839,102.52553196395591,222.19973786455645,221.50643924261905,213.21724526868448,494.0987367451637,372.0311331265015,791.5977654311203,585.9326186351401,102.59815854718914,34.63044355964651,523.9380075725887
2025,10,6,1,3056.373688254648,8835.958503687863,0.0,752.4012138540455,102.52553196395591,222.19973786455645,221.50643924261905,213.21724526868448,601.1888437800295,372.0311331265015,481.2032964663472,229.8513696846192,102.59815854718914,34.63044355964651,428.6765247045308
2025,10,7,1,3780.411754742654,8928.26499458081,0.0,678.9686675892784,102.52553196395591,633.0596012091156,631.0843542833518,1708.8059346345324,601.1888437800295,372.0311331265015,431.6136457225911,229.8513696846192,102.59815854718914,39.35277677232851,557.9599264208974
2025,10,8,1,2589.906546951647,9028.528951376837,0.0,692.5254589364101,102.52553196395591,350.0693930729232,348.9771207321347,1810.045778646516,524.8473797037876,372.0311331265015,431.6136457225911,648.1055288027368,100.94336186023412,33.05633248875788,576.6719860218323
2025,10,9,1,2413.460292249858,8802.537196586798,0.0,716.2497996747139,102.52553196395591,173.98657742561247,173.4437115540141,521.5386061121371,524.8473797037876,372.0311331265015,782.4144938707401,723.4666127434505,99.2885287944618,39.35277677232851,585.1774869056351
2025,10,10,1,2322.195011472811,9305.448388562842,0.0,570.5144250512834,102.52553196395591,339.588281629553,338.5287120281552,1417.3578594734158,162.22554922197727,372.0311331265015,429.77696004425184,717.8145553224326,92.66930566776622,34.63044355964651,529.0412657594791
2025,10,11,1,2697.396787249707,10241.245164852582,0.0,576.1631028190981,102.52553196395591,106.90743232151064,106.57386408144124,1012.3984834254836,162.22554922197727,372.0311331265015,600.5857875458261,629.2652180265148,102.59815854718914,45.64922105589914,428.6765247045308
2025,10,12,1,3054.345557720628,10411.534693817066,0.0,629.260462062815,102.52553196395591,320.7222571317661,319.7215525358425,76.3900637244236,19.08536601904049,372.0311331265015,822.8208730541162,676.3659352805691,110.87221473965704,36.20455463055125,617.4983479205147
2025,10,13,1,2677.115609035532,9421.627241671136,0.0,708.3416860950442,102.52553196395591,354.26182968382057,353.1564762721324,76.3900637244236,19.08536601904049,372.0311331265015,797.1077048427901,670.713838068637,109.2173816738847,44.07510998501051,591.9818876125576
2025,10,14,1,3013.783201292277,10436.998570507889,0.0,589.7198941662299,102.52553196395591,194.94884014509765,194.34056867043336,76.3900637244236,19.08536601904049,372.0311331265015,448.1435031652905,787.5235420512142,117.4914378663526,55.09388748126314,459.29628554272966
2025,10,15,1,3013.783201292277,9295.899443677126,0.0,693.6551768421614,102.52553196395591,264.1242234710275,263.3001137672422,76.3900637244236,224.78312178145936,372.0311331265015,315.9044475841327,727.2346908149572,114.18180811362524,64.53855390662713,409.9644651035959
2025,10,16,1,3425.4911148050564,7607.327393899846,0.0,754.660693784901,102.52553196395591,159.3130293713449,158.81594731003685,76.3900637244236,623.4550697245172,372.0311331265015,1480.3428972260178,798.8277364750785,112.52701142667024,55.09388748126314,527.3401655826985
2025,10,17,1,4263.103813192486,7866.740455789892,0.0,716.2497996747139,102.52553196395591,111.09986893233012,110.75321962136128,76.3900637244236,133.59752084003887,372.0311331265015,742.0081146873639,766.7992519257396,127.42029074583368,53.51977641037451,535.8456664665014
2025,10,18,1,2875.871172485515,7818.995731360253,0.0,708.3416860950442,102.52553196395591,44.02068399547586,43.88333244032054,76.3900637244236,127.23571840261047,372.0311331265015,484.87658940736776,923.1735568100132,129.0750874327887,48.79744319769251,542.6500671735236
2025,10,19,1,3139.526489271189,7984.510787880824,0.0,612.3145169984298,102.52553196395591,238.96952414064504,238.2239011108252,76.3900637244236,396.55137465936673,372.0311331265015,345.2909087364792,597.2367732680901,119.1462345533658,44.07510998501051,605.5906466832507
2025,10,20,1,2504.7256154010865,5995.146938702191,0.0,676.709187658423,102.52553196395591,142.0191636234287,141.5760411815434,76.3900637244236,353.0791681190769,372.0311331265015,865.0638987078632,732.886748235975,112.52701142667024,39.35277677232851,474.60614479010354
2025,10,21,1,3859.5083370660313,7023.250170393099,0.0,437.2061238695862,102.52553196395591,142.0191636234287,141.5760411815434,76.3900637244236,353.0791681190769,372.0311331265015,1094.6456485138524,740.4228645883328,99.2885287944618,42.50099891412188,564.7643271279197
2025,10,22,1,2833.2806855231443,7750.561602681599,0.0,768.2174410126796,102.52553196395591,142.0191636234287,141.5760411815434,1270.0999006100176,313.8481494391468,372.0311331265015,1280.1476477800652,697.0902254060437,100.94336186023412,34.63044355964651,489.91604638082873
2025,10,23,1,1949.0212814801816,7677.35300156114,0.0,407.83310536346784,102.52553196395591,142.0191636234287,141.5760411815434,18.982462632361504,56.19577012205368,372.0311331265015,743.8447611580134,721.582593603025,94.32410235472126,45.64922105589914,532.4434661129403
2025,10,24,1,2703.4811364768893,7683.71898847947,0.0,563.7360293777176,102.52553196395591,9.223392410001669,9.1946139545953,18.982462632361504,56.19577012205368,372.0311331265015,387.5339343902264,601.0048115489412,87.70487922802569,37.77866570143989,522.2369073958082
2025,10,25,1,2705.509267010213,8272.570684429074,0.0,634.9091398306298,102.52553196395591,9.223392410001669,9.1946139545953,18.982462632361504,82.70322522034573,372.0311331265015,1039.546019150458,561.4402504381587,91.01450898075302,40.92688784321714,513.7314065120054
2025,10,26,1,3076.654866468823,8796.171245160247,0.0,663.1524404306443,102.52553196395591,9.223392410001669,9.1946139545953,18.982462632361504,82.70322522034573,372.0311331265015,225.90841765712645,555.7881532262267,99.2885287944618,47.22333212680388,546.0522675269848
2025,10,27,1,3171.97640831391,10366.972962846594,0.0,589.7198941662299,102.52553196395591,9.223392410001669,9.1946139545953,18.982462632361504,318.08933729950667,372.0311331265015,455.4901282552996,623.613160605497,86.05008254101249,42.50099891412188,566.4654273047003
2025,10,28,1,2648.721951060154,9695.363720889758,0.0,544.5306043824769,102.52553196395591,9.223392410001669,9.1946139545953,18.982462632361504,318.08933729950667,372.0311331265015,5.05081700177571,529.4117658888199,95.97893542049356,45.64922105589914,418.4699659872989
2025,10,29,1,3610.049849267352,8414.213378736411,0.0,570.5144250512834,102.52553196395591,192.85260192339933,192.2508710463268,18.982462632361504,279.9186052616898,372.0311331265015,5.05081700177571,633.0332960982801,87.70487922802569,47.22333212680388,426.9754245277503
2025,10,30,1,3612.077979801372,8648.162563935637,0.0,514.0278679706074,102.52553196395591,14.67354805424246,14.62776424395219,18.982462632361504,279.9186052616898,372.0311331265015,5.05081700177571,546.3680177337021,84.39524947529836,39.35277677232851,534.1445662897207
2025,10,31,1,3330.32559603974,8729.79134531034,2094.172571267557,982.371560359448,147.302540730005,6.582401519933602,6.561863377329716,11.139826969987457,817.7615884425604,308.41349676962705,4.46760215569807,493.9780962001016,86.13720965293048,35.58476289326509,572.6582212272923
2025,11,1,1,5816.53289910111,9956.594596766116,3318.220134122349,1735.793738130512,147.302540730005,311.56753638009246,310.5953959730484,11.139826969987457,12.84442890858243,308.41349676962705,783.0455421359733,479.40169779719736,86.13720965293048,40.43726517996624,524.4546383102655
2025,11,2,1,5647.3246406488015,11884.656443019909,1593.6012997427274,1953.3768508914704,147.302540730005,530.981292150251,529.3245458297549,11.139826969987457,298.6328275979454,308.41349676962705,316.79230642050754,472.9233029283166,104.3585263735033,37.20228673512249,607.3647467281936
2025,11,3,1,2688.1034560082776,9244.154158473266,804.8221477952072,1320.1125655075173,147.302540730005,443.21580577526095,441.83290177043193,11.139826969987457,298.6328275979454,308.41349676962705,506.8676510651222,484.260484001194,91.1066563604405,43.67224362480998,501.3169405285474
2025,11,4,1,4116.759292051481,11319.176843980273,594.926668698179,815.1248232234071,147.302540730005,313.7616834976872,312.78269700168016,11.139826969987457,282.5773121090796,308.41349676962705,212.8194297868729,484.260484001194,94.41963295842508,45.28973284723185,626.6461968323849
2025,11,5,1,3293.791999598058,10665.840222631266,594.926668698179,1044.074249931497,147.302540730005,333.50892789018167,332.4683268420787,11.139826969987457,282.5773121090796,308.41349676962705,487.37274894862605,408.1392746563876,87.79367976251412,43.67224362480998,570.7300762169531
2025,11,6,1,2665.029625696184,9574.815966934922,1208.5701101411378,1008.3516308909916,147.302540730005,300.5968406251092,299.6589305385944,11.139826969987457,241.9033009963168,308.41349676962705,514.9905498179625,455.1076871953856,92.76316284884145,50.14220051449748,514.8139556015212
2025,11,7,1,3309.174553139221,9857.55576645474,1187.179476883202,975.876542726474,147.302540730005,300.5968406251092,299.6589305385944,11.139826969987457,241.9033009963168,308.41349676962705,490.6218927668533,332.0180653113227,86.13720965293048,56.61215740418496,441.5445298922374
2025,11,8,1,3361.090745496944,9383.127966658289,1422.4763172957428,1350.9638882338652,147.302540730005,201.8606584950132,201.23082104469512,212.44418930336832,275.0847354612807,308.41349676962705,287.5499336419184,503.6957083992677,91.1066563604405,46.90722206965373,607.3647467281936
2025,11,9,1,4076.380078411771,9143.517957440872,1197.8747935123893,1352.5876536716826,147.302540730005,223.8020500052252,223.10375191384773,295.26143105605775,275.0847354612807,308.41349676962705,368.7787251335416,377.3668691854365,94.41963295842508,50.14220051449748,555.30491613364
2025,11,10,1,4076.380078411771,10312.814798165598,1636.3825244503478,1198.3309518015897,147.302540730005,752.5891950378815,750.2409967149708,441.091763290544,1004.005725030622,308.41349676962705,73.91819829684945,364.4100794474164,91.1066563604405,48.5247112920756,372.1314365472829
2025,11,11,1,5531.955404339275,9574.815966934922,1639.0563849639427,857.3424598968862,147.302540730005,386.1682197151266,384.9633132776235,361.8752881251413,53.51844002134526,308.41349676962705,73.91819829684945,382.2256553894332,91.1066563604405,54.99466818176309,618.9336167907284
2025,11,12,1,5564.64334120875,14616.210562302564,2358.3159997274065,2149.8511894350427,147.302540730005,373.0033768425487,371.8395468145378,1469.1056221063195,2339.825753417647,308.41349676962705,240.4372306562881,1347.5074458532258,97.73260955635146,54.99466818176309,792.4664136683411
2025,11,13,1,6843.319174287197,11902.227840383428,3609.6673763848544,3939.228834066812,147.302540730005,2714.148154096239,2705.6795789617545,1485.308963483869,3891.8602249839473,308.41349676962705,1281.790333655945,1805.8543503786384,258.4116289587914,53.37717895934122,339.35301371346924
2025,11,14,1,4780.132474983461,12472.499693555332,2139.0621551625527,1937.139328868888,147.302540730005,1156.3105120281534,1152.7026388046058,1485.308963483869,1474.9679394080065,308.41349676962705,565.3523966220222,895.6389759876084,319.7015686952381,79.25700651809119,850.3106792942122
2025,11,15,1,3616.8259205873305,12197.746854118044,2548.1577549187323,2502.2059511675243,147.302540730005,807.4426339804211,804.9232841791475,965.0007250279228,935.5021317136988,308.41349676962705,565.3523966220222,777.4081403078007,203.74764241825568,59.84713584902871,626.6461968323849
2025,11,16,1,5174.310716694772,11012.476022243647,2655.1108794005986,2234.286418662295,147.302540730005,493.6809504827339,492.1405871774674,858.7786520291658,176.6108355531415,308.41349676962705,570.2261123492237,756.3533470357571,159.02254929279815,50.14220051449748,699.9155801982175
2025,11,17,1,5076.246863713556,10384.697793832467,1997.3492620890968,684.1419602740453,147.302540730005,111.90102500261366,111.55187595692496,543.71311300807,176.6108355531415,308.41349676962705,472.7515625593316,634.8833338170955,145.77067927979357,48.5247112920756,717.2688429487181
2025,11,18,1,5616.559533565778,9972.568587915786,140.3759419126264,684.1419602740453,147.302540730005,719.6771077726862,717.4316004113643,126.02622426962336,1190.2498616186836,308.41349676962705,553.9803540509547,544.1856862782121,140.8011961934662,48.5247112920756,665.2090123540645
2025,11,19,1,5045.481756631229,10787.242633453829,140.3759419126264,684.1419602740453,147.302540730005,528.7871450326563,527.1372448011232,126.02622426962336,14.985153295597964,308.41349676962705,492.24646467582767,566.8600882151397,117.6104327653252,53.37717895934122,559.1612061544184
2025,11,20,1,5912.673922295873,10047.6463960093,1398.4118653329017,1047.321780807484,147.302540730005,4.388294235121392,4.374602057195783,480.6999792202173,473.10293876422617,308.41349676962705,411.0176731844828,508.5544946032644,110.98447956941423,58.22964662660684,466.61037268439446
2025,11,21,1,5085.860970270242,12058.773045931966,1205.8962914362328,1350.9638882338652,147.302540730005,4.388294235121392,4.374602057195783,282.6588129597386,473.10293876422617,308.41349676962705,411.0176731844828,568.4796968802825,107.67150297148784,59.84713584902871,572.6582212272923
2025,11,22,1,5660.78440677839,11571.566031921771,1208.5701101411378,1459.7554666738447,147.302540730005,616.5526712403911,614.6289285689064,475.2988942984717,329.67353767585075,308.41349676962705,354.15753874424706,910.2153743907712,110.98447956941423,61.46462507145058,669.0653023749428
2025,11,23,1,4103.299568296073,9669.062578605806,1425.1501360010864,1243.796075231703,147.302540730005,517.8164492775504,516.2007793665468,322.267028889412,81.34802222552564,308.41349676962705,333.0380647187765,531.228896540192,99.38907966599326,59.84713584902871,536.0235083727002
2025,11,24,1,3064.976314391972,9729.76376627067,874.3416431710123,1170.7271158322285,147.302540730005,289.6261448700033,288.72246510401817,516.7074718686598,81.34802222552564,308.41349676962705,412.642284301147,435.672462797312,97.73260955635146,61.46462507145058,482.03553276770754
2025,11,25,1,5055.095863187915,13662.562708578444,874.3416431710123,1612.3884031061202,147.302540730005,118.48342652254728,118.11373933425467,516.7074718686598,595.1249308093418,308.41349676962705,498.7447915196935,459.9664733993823,106.01503286184604,64.69960351629433,258.3710503058803
2025,11,26,1,4618.615535675567,11785.617648201362,1433.17163392493,1870.5653871020352,147.302540730005,318.1499379000091,317.1572593503612,549.1142412358714,802.7764351469534,308.41349676962705,571.8506842581982,438.9116801273387,110.98447956941423,63.08211429387246,350.9218414326526
2025,11,27,1,4385.954233271456,9108.375162713834,1069.5310775812763,1464.6267188686486,147.302540730005,72.40653621751508,72.18061627601874,549.1142412358714,90.98132326034016,308.41349676962705,346.03463999112853,430.8136765933153,114.29745616734064,63.08211429387246,800.1789513666463
2025,11,28,1,3484.151258576704,8188.272732995735,1676.4899722613145,1852.7040555222825,147.302540730005,72.40653621751508,72.18061627601874,363.67564976585743,90.98132326034016,308.41349676962705,484.1236051306772,408.1392746563876,107.67150297148784,56.61215740418496,624.7180518219459
2025,11,29,1,3505.3023014765267,8501.363108601041,684.4998879796867,522.8489856251568,147.302540730005,504.6516462377172,503.0770526119213,444.6924865717748,468.8214486968323,308.41349676962705,359.0312544714487,229.98323669972189,104.3585263735033,58.22964662660684,466.61037268439446
2025,11,30,1,3535.3788645567624,8103.946352153135,748.5597828703061,1424.8412449305756,240.1779983006201,214.1562312975176,213.4880296989704,411.844601969337,439.6446330942289,449.50484177638856,828.3742938280642,805.1834958158871,107.70573537741984,50.34105454672383,643.9873493958771
2025,12,1,1,3935.097874815696,9681.333222295923,854.6391103894072,1333.4288627396636,240.1779983006201,300.92641678596425,299.98747836926174,320.74534156042006,166.2071264536584,449.50484177638856,205.3082891006456,643.8034569644016,109.3627511683321,55.06051434633803,547.5820466673864
2025,12,2,1,2999.832992164516,9370.39042051452,1038.7768109882454,1307.5949152145952,240.1779983006201,227.0794487177372,226.37092461964727,375.7844924927631,166.2071264536584,449.50484177638856,619.4954360144602,487.5737919716109,117.6477937439597,56.63369069249979,618.9219723801856
2025,12,3,1,3461.6443149447537,9642.46535876304,856.6406071347941,1174.4507376995043,240.1779983006201,230.771785171319,230.05174039458385,375.7844924927631,521.8546105076238,449.50484177638856,469.5311187928976,375.981191172608,109.3627511683321,62.92632683825964,462.7454022847735
2025,12,4,1,3742.999903455141,8528.253708579034,704.526854466093,1242.0164364297511,240.1779983006201,376.6195530810436,375.4444400064057,428.9257132959965,60.763876600159854,449.50484177638856,440.9664906751708,573.4142449420322,114.33376216219338,64.49946856498586,586.1441423527918
2025,12,5,1,2656.3851335070053,8479.66891465629,896.6705420477947,1124.7700625944176,240.1779983006201,413.54303711521845,412.25271688127407,408.048828323028,60.763876600159854,449.50484177638856,639.13364235036,346.7954475084421,122.61884111663828,64.49946856498586,582.2879370185166
2025,12,6,1,2722.358149350798,9017.340790235963,896.6705420477947,1206.2463450597245,240.1779983006201,744.008265028194,741.6868405755312,354.90756421373874,60.763876600159854,449.50484177638856,460.6046970110707,463.5384619565371,115.9907779531056,61.35315049209789,724.9677884442146
2025,12,7,1,3335.519359427296,10149.36688970322,898.6720387931815,892.2646231078602,240.1779983006201,282.4646946853105,281.5833597861188,371.9886755403981,448.5804912273978,449.50484177638856,364.1990673117856,326.19375312012534,127.58985211055771,61.35315049209789,456.9610519401589
2025,12,8,1,14859.457395366082,14322.802103825896,2970.221170533512,2170.0511067882853,240.1779983006201,391.38897856086027,390.1677825230723,2045.9377587790511,1710.3248984567483,449.50484177638856,905.1417563991394,569.9806491061894,135.87493106494446,64.49946856498586,715.3272327653249
2025,12,9,1,11003.91527345646,16547.986403735755,2958.212190059875,5564.233626381513,240.1779983006201,457.85123388917896,456.4226650143535,1749.8651191439644,1892.616569550462,449.50484177638856,1276.4819611367204,956.2627073684127,253.5227248089623,113.26738138499958,962.1247975879644
2025,12,10,1,9300.258462986098,19642.83883074704,1961.4668107295784,2708.5894325655054,240.1779983006201,609.2375463120824,607.3366279971016,1199.4736964318402,720.2308675345172,449.50484177638856,783.7420672950252,535.6444520015001,197.18433343391308,127.42579540326162,643.9873493958771
2025,12,11,1,16733.867948740684,32297.56240651742,3148.35438089575,5554.297482536555,240.1779983006201,609.2375463120824,607.3366279971016,1653.0721549594273,1074.0911799619078,449.50484177638856,921.2093548144516,813.7675450919949,182.2712276946947,88.09683680191185,526.3728749858705
2025,12,12,1,20936.73875975355,48665.785012401626,6304.714748774365,9093.54749931553,240.1779983006201,635.0839811526442,633.1024178385777,1381.67226055573,1259.957194309065,449.50484177638856,735.5392720493668,612.9008556958136,183.9282434856069,88.09683680191185,670.9808290786564
2025,12,13,1,19778.32977066686,42599.16171439907,9663.226329771622,11891.56213824625,240.1779983006201,878.7789837444285,876.0370531540832,823.6892472449315,1433.313007269317,449.50484177638856,733.7539484853671,738.2279592109305,195.52731764300088,88.09683680191185,647.8435547300526
2025,12,14,1,20005.354665173218,37311.51485009239,8714.51687233675,10913.846792782277,240.1779983006201,1318.1684955329538,1314.0555995852935,1095.0891416486288,1070.5168367087574,449.50484177638856,744.4656938314721,418.90143755340506,183.9282434856069,91.24315487479984,582.2879370185166
2025,12,15,1,12529.056722505306,23213.822373074403,6953.199736171298,6283.609540714155,240.1779983006201,851.0863806770141,848.4308554250774,969.827658586393,1338.5928284693096,449.50484177638856,1014.0444158005606,633.5025898750447,183.9282434856069,94.38947294768782,777.0266451426854
2025,12,16,1,6442.073451500594,18517.29073219715,3850.8797386164574,4379.846744837051,240.1779983006201,646.1610303461346,644.1449048718476,933.7675058037632,974.0094862818818,449.50484177638856,615.9248673018407,609.4672598599708,207.1263918004529,114.8405231117258,632.4186910498995
2025,12,17,1,9079.054729400315,14617.549938806183,1501.1225592318249,3195.4598632925886,240.1779983006201,738.4697603477599,736.1656169130652,599.7368698688473,618.3619609344994,449.50484177638856,328.4932625608518,535.6444520015001,169.0151377463885,97.53579102055969,424.1832642560168
2025,12,18,1,5370.981749089588,13786.749675236582,1336.9998260890482,2662.883241469873,240.1779983006201,476.3129958227001,474.8268233060789,742.0794642579438,709.5077964813563,449.50484177638856,1040.8237595619776,489.2906097848602,169.0151377463885,83.37737700229765,526.3728749858705
2025,12,19,1,5299.187529951731,11823.9233476915,1587.1869192944253,2454.2244854439805,240.1779983006201,452.3127292088676,450.9014413520098,859.7493567215055,609.4261028010372,449.50484177638856,360.6284593914764,466.97209758329416,154.10203200717007,72.36528105692358,485.8826766333772
2025,12,20,1,10082.2330431185,13913.070196224038,3018.257092428937,4425.552935932331,240.1779983006201,666.4689605063851,664.3894710509801,1334.224700222061,886.4379526950516,449.50484177638856,678.4099766062234,866.9886187712347,173.9861851190089,83.37737700229765,404.9021952416882
2025,12,21,1,7282.259556083451,12466.86233001005,5039.768805528455,5723.21170730232,240.1779983006201,1545.2479442508136,1540.4265242050633,1182.3925851051808,1511.9486414295616,449.50484177638856,1267.5555001469254,789.732215076921,294.9480104447931,124.27947733037364,1087.4516403230705
2025,12,22,1,7536.449797591823,12536.500573674202,3510.625291857268,3573.032888203599,240.1779983006201,295.3879121056529,294.4662547069181,764.8542793602234,1059.7938069487202,449.50484177638856,1024.7561611466654,748.5287865096318,243.58066644242248,133.71843154903758,593.8565953644941
2025,12,23,1,6488.642654111284,12802.097511005357,2970.221170533512,3296.80843344746,240.1779983006201,694.1615635737994,691.9956687799857,774.3438000880072,970.4351017353148,449.50484177638856,698.0481829421232,618.0513091360784,207.1263918004529,100.68210909344766,599.6409033658571
2025,12,24,1,6473.119586574156,12170.49497705374,2317.7332314540567,2734.423380090574,240.1779983006201,577.8525669583414,576.0495747846991,734.4878736590683,69.69977602677436,449.50484177638856,812.306695412752,685.0068457407766,203.81239659744577,89.6700131480736,597.7128006986696
2025,12,25,1,8853.970250117169,30274.814801190874,2671.998155432709,3408.093103327936,240.1779983006201,624.0069319591541,622.0599308053079,1193.77999265622,873.9277513084393,449.50484177638856,858.7242455097906,657.53791988986,212.0974391731316,94.38947294768782,609.2814167012957
2025,12,26,1,17657.490509552797,49331.39692694372,6482.847959136605,6782.403335231247,240.1779983006201,1135.397243589177,1131.8546230987258,2786.119336213941,3847.784187327696,449.50484177638856,1881.6950830924563,1244.6866675485232,347.972370238076,177.76684994998544,896.5691798764285
2025,12,27,1,10012.37923920316,23772.54769839654,3860.887222344707,4014.19712783505,240.1779983006201,755.0853142216841,752.729327608801,681.3466095499805,509.3444091210114,449.50484177638856,589.1455235404236,657.53791988986,328.0882171262372,209.2299960594136,730.752096445478
2025,12,28,1,7831.388123164491,19879.28490592189,3236.420237704177,3020.58397869132,240.1779983006201,672.0074651866964,669.9106947133238,1007.7856548860208,781.8883299480016,449.50484177638856,855.153637589203,1775.1806661097585,228.66756070320403,133.71843154903758,728.8239937783902
2025,12,29,1,7427.78832483401,17652.481088037068,3222.4097604847143,2398.5821505037425,240.1779983006201,456.0050656624495,454.5822571269464,1017.275175614006,781.8883299480016,449.50484177638856,765.8891845234033,678.1396142781767,236.9526032788898,121.13315925748569,611.2095193684834
2025,12,30,1,8056.472602447638,15516.368928064972,2277.703296541056,1768.6313984166095,240.1779983006201,454.1588974355972,452.7418492394169,567.4725340387838,1147.3652992421337,449.50484177638856,728.3980954161598,849.8205600099334,222.0394975396714,114.8405231117258,445.3924359375328
2025,12,31,1,16967.561645383543,40498.96157250003,13094.922216829103,8491.035557319014,1923.042438217912,4986.677406246521,4985.829556180994,5493.582546949099,6323.669106285293,2965.092613446191,5222.986234969918,6263.176223724179,1786.280107507249,1279.4414842261522,1163.942555952553
2026,1,1,1,17207.272900663596,36201.56100288182,14534.98258034949,8394.186729576992,1923.042438217912,3246.582691096048,3246.03069722856,10317.21597404005,15436.652513162337,2965.092613446191,11572.63083723324,10117.586422604492,3340.949347273714,2062.937870339164,1098.0111674957711
2026,1,2,1,13238.054037821785,30488.926237485462,12388.931633592165,7353.061750558056,1923.042438217912,3211.633633086198,3211.087581363893,6278.380053656197,10869.150383724582,2965.092613446191,7543.56608786535,7854.922696096511,2676.392592989919,1728.538382637846,1043.0683181195016
2026,1,3,1,12500.941954096084,27809.24385059559,11680.935384385022,6770.106232071669,1923.042438217912,1913.0005403506216,1912.6752861780824,4213.022688177153,6431.938550509275,2965.092613446191,5665.241691175344,5588.414168483353,1907.383868966417,1200.2841127732618,828.3686843219353
2026,1,4,1,10711.097917590074,25254.498453756827,10236.86368892345,6243.025052819739,1923.042438217912,2260.651614856773,2260.267251990751,3778.512862453891,5428.152429929446,2965.092613446191,4859.7650711117,5371.183049696035,1627.3314766944036,1024.1993679777058,824.9875983352302
2026,1,5,1,11713.8899963427,24401.480595835063,9324.29060740474,6006.490397189867,1923.042438217912,1984.7380804759428,1984.400629268556,3497.1342472776546,5354.749401869247,2965.092613446191,3887.812027344589,4183.14040605435,1544.0726510805428,930.5028976190164,677.0646341144866
2026,1,6,1,10880.89337549142,23688.478300260977,9324.29060740474,5853.767230213687,1923.042438217912,1462.3417566639048,1462.093124868983,3282.7505525119736,4919.8366077068285,2965.092613446191,4039.154200495134,4050.494875669446,1262.5064414271922,856.1919161200154,730.316882756981
2026,1,7,1,9993.961713448443,23645.39657793477,7739.823095427946,5749.468477108368,1923.042438217912,2038.081379543528,2037.734858746126,2744.877128077314,5011.590332332205,2965.092613446191,3490.9592489360016,3764.05740881962,1247.3685003349449,783.4963861130118,668.6118614071823
2026,1,8,1,8399.88187459007,22473.57404991799,7164.200041033858,7272.975204388317,1923.042438217912,2014.1688661684589,2013.82641104934,2924.806289939389,4086.712452812263,2965.092613446191,3381.656566275324,3502.6111491552447,1164.109674721084,723.724468041912,634.8009245523856
2026,1,9,1,8973.191316810278,21377.14457118356,6582.560073088017,2300.1599012500783,1923.042438217912,1712.503394306706,1712.2122292689876,2543.892408968965,4046.340783349162,2965.092613446191,3475.825035314044,3431.48236462198,1086.9060521408226,683.3380743084356,731.1621638771402
2026,1,10,1,11492.157058948187,22645.900892273145,6420.102015257472,6755.2064217413645,1923.042438217912,1591.1014440684037,1590.8309201596535,3326.7757702788263,2932.4501609789486,2965.092613446191,2895.6800813227323,3285.3800303679263,1023.3265865173462,644.5671320669563,576.476989189292
2026,1,11,1,8765.441573905418,19177.823254425144,6333.858842505821,2810.478758533734,1923.042438217912,1392.4436813873326,1392.2069338758477,2660.654941214955,3686.6660748136287,2965.092613446191,3613.714570030375,3198.872077330836,986.995468053316,596.1034099176981,663.5402131801587
2026,1,12,1,11751.844281346212,26514.63846794108,7533.240597146175,5544.595953777372,1923.042438217912,1425.5533152913267,1425.310938379143,2482.6399247501163,3945.411649991465,2965.092613446191,2779.6510979108184,3095.062519318905,921.9021850485632,586.4107009657703,1135.203228831086
2026,1,13,1,12213.288430253242,28959.52554092458,7539.257552877746,6270.962242634966,1923.042438217912,1653.6418229217888,1653.360665707535,2882.695217569579,3235.237561052888,2965.092613446191,2777.969522722815,3221.9408839636985,1014.2437819669472,586.4107009657703,1256.0774281704437
2026,1,14,1,9336.75336689378,25726.24317003331,7314.624187401652,5928.266322261805,1923.042438217912,2247.775646116253,2247.3934724616147,2630.028699105628,3242.577871918891,2965.092613446191,3203.4091531875742,3181.570508274164,1123.2371706047918,597.7188968876117,1255.2321470504028
2026,1,15,1,15842.916333525996,28293.91309765454,8291.378242536115,6496.322030417887,1923.042438217912,1935.073629619952,1934.7446225136125,2821.4427333509234,4701.462661692462,2965.092613446191,3321.119711787491,3633.334278987561,926.4436039466392,617.1043502693838,29446.81648682976
2026,1,16,1,14224.865360386812,29946.09669580375,10156.63747190337,7755.356912252738,1923.042438217912,2470.345922172509,2469.9259064423222,3470.336295962798,6833.820026374226,2965.092613446191,4183.7700728941845,3937.0733508119697,1239.7995131658834,678.491684354546,956.8503752486752
2026,1,17,1,13477.765293101837,27550.753610537675,9374.432003587535,7407.073578154246,1923.042438217912,2749.9383047648166,2749.4707518870287,4057.977332233085,6384.226610480086,2965.092613446191,4503.270171074272,4375.38031765596,1291.2686059680364,744.7254083935977,1019.4006392249393
2026,1,18,1,15589.221927523826,25144.640082952887,8684.486621574715,7241.313072089439,1923.042438217912,2532.8863010260093,2532.455651990319,3989.0683085482256,5112.519505990101,2965.092613446191,4499.907020698524,4400.371524841668,1397.2343598432058,754.4181528234604,1165.6330796990585
2026,1,19,1,13331.940969481884,24328.24168196513,9141.776016409276,5900.329172842871,1923.042438217912,2236.7391014815885,2236.358804293849,3344.003036730629,5301.532248840371,2965.092613446191,4328.38590836227,4088.9428508061337,1312.461750093883,683.3380743084356,1111.5355499365237
2026,1,20,1,10902.866904307337,26062.28050088961,7234.397970381571,6372.017859882855,1923.042438217912,1999.4534733222008,1999.113520158948,3755.543201933313,5503.390515556331,2965.092613446191,3643.982997274291,3885.1685718061335,1262.5064414271922,621.9507402232734,1032.925060159267
2026,1,21,1,11278.41454341501,26191.525620918565,7469.059623530033,7973.266774672059,1923.042438217912,2052.796731646776,2052.4477089004354,3077.9375426091533,4317.93192269232,2965.092613446191,3763.375167993176,4038.960508271055,1217.092551658699,586.4107009657703,1058.283262800335
2026,1,22,1,11332.34958460612,23529.07598868828,8074.767498761795,6170.3884320133,1923.042438217912,1971.862111735539,1971.5268497395352,3185.12938999209,5143.715766720882,2965.092613446191,3453.964520940331,4063.9516795385935,1177.7338316778691,563.7943091220872,1029.5439356788677
2026,1,23,1,11524.118571323384,25362.202736097985,6803.182148803525,5742.018592141361,1923.042438217912,2144.767936935687,2144.4032769651835,3351.65957619664,3609.592891320428,2965.092613446191,3876.041001029342,3962.064522079509,1126.264738875716,547.6397232463561,1000.8046085574005
2026,1,24,1,10085.851039643652,20556.43794631963,6949.594963230132,5157.200602412996,1923.042438217912,1603.9773720657977,1603.7046589525917,3007.114331404512,3732.542957276416,2965.092613446191,3791.962020049089,3887.0909723587215,1117.181967571193,518.5615254347213,1003.3404519176408
2026,1,25,1,10139.786080835347,20192.397512383344,5874.563823880875,3678.3933465205537,1923.042438217912,2071.190972704512,2070.838822513339,3007.114331404512,4088.547510378948,2965.092613446191,3606.98826927888,3708.30786462626,1080.8508491072232,497.5605850830355,974.6011247961736
2026,1,26,1,10139.786080835347,17564.41320167561,6556.486542011712,5328.548522203436,1923.042438217912,1752.9706838908771,1752.6726384814544,2970.7456952262164,3611.4279891870274,2965.092613446191,3813.822534422801,3867.8669668312928,1058.143887599978,483.0214861772181,946.7070787947468
2026,1,27,1,10285.610404454712,19522.476939136417,6550.469586280141,5136.713337961069,1923.042438217912,1947.949598360355,1947.6184020426333,3106.6496393214384,4198.652052469247,2965.092613446191,3141.190686581033,3740.988638104668,1052.088717812254,466.8669003014869,942.4807116878824
2026,1,28,1,10285.610404454712,18146.01628875604,6388.011528449597,4462.496445854282,1923.042438217912,2273.527583597176,2273.141031519772,2955.432574171649,3398.559256172063,2965.092613446191,3457.3276713160785,3646.7910828567096,1033.9231419573318,458.7896428415377,912.0508223262156
2026,1,29,1,9872.108524110476,20336.721251659463,8862.989922809198,7030.853094636822,1923.042438217912,2374.695868672004,2374.292115654947,3889.5330006313,3998.628843319973,2965.092613446191,4096.327904607218,4213.898814898082,1089.9336204117467,541.1779172784042,1079.4151368282323
2026,1,30,1,10767.030520479711,18596.22016734376,7597.421570762317,5200.037562162535,1923.042438217912,1935.073629619952,1934.7446225136125,3277.0081163202667,4046.340783349162,2965.092613446191,3645.664572462296,3829.4189916946048,1024.8403706528084,500.7914880670114,934.8732201006188
2026,1,31,1,9894.953056527942,18024.36120724834,6591.823803423432,4921.646970839651,1933.1044124929483,1774.2501403128808,1773.9484769055302,2449.757921135679,2980.1567814168434,3295.3546364089184,3000.0534844486374,2932.198642395685,999.141513691715,455.5535600816216,2166.277400876156
2026,2,1,1,9073.965439952428,16616.407699958007,5570.974918300738,5422.9454967404445,1933.1044124929483,1548.1380754885938,1547.8748563424938,2541.1241811794994,3958.2500810681954,3295.3546364089184,3045.457897998221,2783.380982911289,938.5874886035624,426.47564609333625,1852.5527701369567
2026,2,2,1,8263.240181167494,17016.85439330207,4514.376460832755,4936.515999192161,1933.1044124929483,1570.0199171278666,1569.7529775644714,2402.171302791399,2277.324212342278,3295.3546364089184,2594.777208324811,2771.933465117406,908.3104760594864,400.6286350890084,1863.068684708355
2026,2,3,1,10231.557980636402,14264.848372387774,4969.190471584615,4834.556999569484,1933.1044124929483,1281.9093960591947,1281.6914419232228,2261.314978203572,3358.1815820185507,3295.3546364089184,2767.9865803438147,2663.999772098222,894.6858204146915,395.7823160909516,1919.153523928904
2026,2,4,1,10048.888204546036,13783.460329630534,5173.757475921801,4815.439654318246,1933.1044124929483,1590.0782244304808,1589.8078744926468,2221.342271026612,3187.5198984326903,3295.3546364089184,2717.537256575916,2686.894807685987,943.1290404852014,382.8588460667132,1799.9731972799652
2026,2,5,1,7906.110585244824,13783.460329630534,5725.889731795554,5628.987694831001,1933.1044124929483,1613.7835189205084,1613.5091385363771,2748.601712477484,2334.2114402043258,3295.3546364089184,2719.218868694884,2904.397538015769,831.1040940721132,379.6279430827373,1799.9731972799652
2026,2,6,1,9131.434564796707,15257.444974824171,5807.319306217546,5019.357693959891,1933.1044124929483,1765.1327130870668,1764.832599852435,2729.567081988868,3873.836788208565,3295.3546364089184,2912.607992379522,2863.513571550557,914.365878568338,381.24339457473457,1670.2769945530852
2026,2,7,1,9129.382119498994,14196.687231097416,5948.331543395098,5223.275773997527,1933.1044124929483,1794.3084476154947,1794.0033738337054,2554.4484309460017,3506.822413605948,3295.3546364089184,3065.637612732891,2518.4528371145625,941.6151898579884,379.6279430827373,2034.8285072272529
2026,2,8,1,8328.919218504054,14130.656140143748,5322.714006268703,5021.481852409104,1933.1044124929483,1542.6676354501938,1542.405346404954,2813.319472987914,3187.5198984326903,3295.3546364089184,3144.674896484345,2989.4362313650995,902.2550735506952,368.31988907256135,1794.715239994266
2026,2,9,1,7668.024173374255,13860.14162531996,5179.7157168891135,5021.481852409104,1933.1044124929483,1652.0766806748657,1651.795789570859,2508.765300924188,3248.07728172774,3295.3546364089184,2922.6978497471164,2760.485947323524,861.3811066161893,355.39638357040667,1650.9978178388549
2026,2,10,1,7670.076662438917,13872.92183344278,4496.501695750607,4450.086501643878,1933.1044124929483,1570.0199171278666,1569.7529775644714,2619.1661914564315,2919.5993981217944,3295.3546364089184,2451.8374453387773,2654.187634513663,855.3257041073986,337.6265590701952,1493.2591762549127
2026,2,11,1,6723.888438384265,14786.707136801728,5801.361065250233,5059.71650251529,1933.1044124929483,1394.9654284712803,1394.7282522046833,1678.855091486577,2750.772772102619,3295.3546364089184,2850.387162194615,2461.21528406306,828.0763928177482,336.01110757821647,1540.5807533326297
2026,2,12,1,7629.027275045303,15429.977878387252,5263.131385693743,3681.145546188958,1933.1044124929483,1367.6131467936077,1367.3806210451658,2059.547827627701,2741.5974036702146,3295.3546364089184,2816.75425506204,2731.049498652194,840.18719783533,334.39569156413563,1537.0754484754968
2026,2,13,1,10369.073391203832,22559.20701255044,4542.181697827701,3409.2547997361044,1933.1044124929483,1433.2585902256376,1433.0149032391648,2267.025401048425,1530.4499795715517,3295.3546364089184,2482.107054372006,2572.41966566507,808.3963346641018,327.93392107410006,1488.0012189692136
2026,2,14,1,26612.313063678623,45067.29314565803,5831.152354447608,4386.362111731096,1933.1044124929483,1298.3207569171734,1298.1000124716938,2107.1344038492416,4000.456767798067,3295.3546364089184,3109.360377232801,2307.491519868344,822.0209903088964,324.7030535680405,1451.195517969319
2026,2,15,1,36538.05314981019,64589.06941095955,11398.15512616367,8432.860810594722,1933.1044124929483,1803.4258748413083,1803.1192508868007,3884.96962442422,4842.754759727428,3295.3546364089184,4168.796287151305,3077.745613297513,1099.0556550870992,468.47706558377627,1533.570143618364
2026,2,16,1,26675.93961195111,53150.77825788821,12029.730904257378,10527.26908431357,1933.1044124929483,1889.1296255758368,1888.8084300088592,4794.82529033849,4306.913759105635,3295.3546364089184,2905.8813961808287,2909.3036427260886,1068.7786425430231,492.70862509610686,1736.8777483450324
2026,2,17,1,20534.95233450425,59630.34654640446,13932.402531708243,9248.533009556691,1933.1044124929483,2487.232468609675,2486.8095817774824,8938.665998927361,12142.670783815682,3295.3546364089184,4252.878518051779,1954.2539921392035,984.0030074196462,420.0139110811986,1509.03304811201
2026,2,18,1,17731.279713840195,49793.8421667084,16836.062226997616,10350.964942928034,1933.1044124929483,3136.39284706832,3135.859588013388,7520.585479927903,14517.253812883562,3295.3546364089184,8117.297213546018,5205.3476448005495,1253.4684523077208,504.0166791062829,1472.227347112116
2026,2,19,1,16249.397095901832,35403.32166952506,11467.668176470826,8141.852759286922,1933.1044124929483,1982.12735068554,1981.790343362376,4429.360250163789,7143.934921934484,3295.3546364089184,4389.091721769824,3291.9776191265582,1127.818850249838,499.170360108226,1480.990609254948
2026,2,20,1,13560.662681160547,32996.38140878825,9145.932110613392,6843.999379675097,1933.1044124929483,1847.18951737696,1846.875452594789,3601.353486925905,5000.570919447599,3295.3546364089184,3706.344127991591,2938.740091397417,1000.6553643188668,442.6300545794669,1423.153117605833
2026,2,21,1,12089.042421012764,29920.61003716896,7106.220434750251,6281.100622311035,1933.1044124929483,1652.0766806748657,1651.795789570859,3115.9702409746524,4119.7364365212825,3295.3546364089184,3514.6366533566274,2628.02187442516,924.9628329587068,403.8595380729844,1363.5629735281514
2026,2,22,1,10818.564119704308,26904.47965244096,7491.521353014352,5161.675502137666,1933.1044124929483,1630.194879778487,1629.917709084848,2533.5103121349184,4328.934611103815,3295.3546364089184,3395.2399032048693,2418.695937388265,873.4919116338322,386.0897135727728,1218.0928604505982
2026,2,23,1,14123.039214051869,29043.0353547914,6289.938553964352,6474.397910102002,1933.1044124929483,1611.9600253267436,1611.6859549785415,2615.359256934237,3418.7389653133164,3295.3546364089184,2917.6529025978366,3319.7787235064743,826.5625421905352,369.9353405645586,990.248160217576
2026,2,24,1,22501.217644908505,36728.20377706456,21012.8038660264,10850.139310379314,1933.1044124929483,2345.000701669162,2344.601997514752,6964.774050621366,7984.3978562974435,3295.3546364089184,5522.520005221208,3973.9223306233134,982.4891567924332,486.2468546060714,1680.7929091244837
2026,2,25,1,13018.810863849802,32338.200408742254,14025.748672425672,7122.2625610796,1933.1044124929483,2073.301541458353,2072.949032421858,3995.370514956463,5697.898275522477,3295.3546364089184,4896.948294478861,4551.20403768371,1547.1555072309588,941.8004146877116,1526.5595723977926
2026,2,26,1,10822.66905406668,24533.7500126865,8405.121521102355,5985.844294500798,1933.1044124929483,1661.1941079007952,1660.9116666240698,3376.744771339031,5178.572913899178,3295.3546364089184,3887.961708328516,2642.74011671978,1076.3478956790268,579.9422606272508,1538.8281009040634
2026,2,27,1,11255.740001348957,22812.68121857801,8295.886751865233,5762.808909608215,1933.1044124929483,1526.2562745922153,1525.996775856483,2739.084397233176,3851.8159362103866,3295.3546364089184,2641.863233993363,3061.3920267112217,1020.3354224725132,518.5556361004348,1461.7114325407176
2026,2,28,1,9439.304554465414,22090.96026626104,7112.473641482644,5057.164668476887,7388.500127515281,1324.803216342326,1324.5779692685169,2941.0427433101413,3545.2639982544138,7431.080288477311,3534.815370956808,3090.792198252562,1033.0308893355786,529.1026178260274,1500.3706777136513
2026,3,1,1,17770.024033816968,53859.43655409147,8494.914490630854,8680.208019689351,7388.500127515281,1704.6165278327696,1704.3267037440864,3573.731234055682,4350.838996288074,7431.080288477311,3842.556186851549,3661.916850219016,1183.2071987649083,562.875111759551,1652.8616398049685
2026,3,2,1,18686.48000877104,65105.23719581466,15068.800047851615,14672.928288975903,7388.500127515281,2878.5848081224417,2878.0953823747213,5684.610020032555,8767.738815673785,7431.080288477311,4345.367701618931,4224.642592285505,1753.5737196061648,757.4690763323429,2120.851095041694
2026,3,3,1,18715.2993694182,48175.47598744663,13532.754627102246,11325.983120062525,7388.500127515281,3471.020829870208,3470.4306763474697,4760.501422436747,6763.893955855795,7431.080288477311,4706.921139380658,3729.107985744512,1421.3655743617448,688.3158389905468,2255.8143395454395
2026,3,4,1,16407.828409939157,44873.93683920188,11654.501634856657,9488.639303725324,7388.500127515281,1302.9957714162788,1302.774232110609,3943.75809189284,5664.715308567681,7431.080288477311,4136.843884210313,3569.52905683048,1319.731092249133,643.2858470791759,2124.356630860398
2026,3,5,1,25145.861665663084,58240.77821537419,14613.819509881492,13506.959848865874,7388.500127515281,2713.211548290339,2712.750239807436,5960.692237607366,6582.226682263447,7431.080288477311,4597.61428352746,3720.709075844805,1339.4512116744972,641.6776330823432,2082.290162541423
2026,3,6,1,27706.94304260581,54433.61725919465,27104.39648111468,17451.786684981063,7388.500127515281,5431.874998555287,5430.951454640516,12024.915343662851,16208.756157902071,7431.080288477311,7093.173754747892,6094.235927505975,2313.321742734106,1360.549538012748,2671.2206805132646
2026,3,7,1,23157.32508072581,49053.88674591893,19517.49873038683,13719.495832382425,7388.500127515281,3896.2662911278608,3895.60383607791,7157.048612051079,8887.01530070232,7431.080288477311,5596.510753793977,4557.238720320316,1835.4880822934128,1146.6570054779454,2629.1542121942894
2026,3,8,1,24775.05239818832,41827.35113381922,15041.57900588692,12382.70409918267,7388.500127515281,3816.305632570619,3815.656772675131,5930.016459056066,8353.023664124024,7431.080288477311,5260.18197791594,4254.878610455587,1635.253003054225,960.1041108893168,2425.8329807306336
2026,3,9,1,26506.135969653504,44087.65206065283,14555.488669516795,11671.602399211366,7388.500127515281,3549.164228512333,3548.5607888111927,5803.478777756131,7213.474516070903,7431.080288477311,4863.314020902669,4404.378890591618,1645.8715340134158,918.2905469716114,2469.6522169590203
2026,3,10,1,27359.1893074163,46525.77765929631,14952.138367123003,11860.302548085205,7388.500127515281,3347.445199974967,3346.876057156827,5713.368578220305,7158.423836872952,7431.080288477311,5240.002226250304,3509.057020490318,1692.8964520831137,897.3837650127679,2445.113427733922
2026,3,11,1,24969.102862003616,44723.96428098756,13359.706484226786,13844.633863266012,7388.500127515281,3807.219170022769,3806.5718550352913,5226.390183022927,8019.049514104563,7431.080288477311,4937.306357504843,4100.339005930683,1614.0159743818406,871.65230558551,2643.1763939630373
2026,3,12,1,26429.284268315976,44274.04655939688,15529.613678294683,8934.45669363273,7388.500127515281,3498.280136027737,3497.685347794825,5216.80399696028,6391.384322337813,7431.080288477311,4942.351267723157,4679.862531878676,1404.67930667648,786.4169282753683,2590.593318187712
2026,3,13,1,32208.5287950957,57679.45227414661,32107.238104931366,24034.443275927835,7388.500127515281,4565.028451602637,4564.252291575325,6951.90417976406,8327.333341791962,7431.080288477311,4666.561672980354,4679.862531878676,1510.864549776272,775.159430297521,2606.3682293722964
2026,3,14,1,63223.93562172318,61420.19677815221,42039.03561300025,31693.68406846125,7388.500127515281,5433.692299213528,5432.76844631577,7628.689117973,6908.860722916764,7431.080288477311,5387.986899454653,4508.525143472528,1588.2281182304027,773.5512163006885,2690.5011660101286
2026,3,15,1,88298.70945817817,116955.04123509486,97048.90544113165,56703.40930933919,7388.500127515281,13591.499869180478,13589.189001017989,24116.93403188659,18939.270031490192,7431.080288477311,8117.294849967653,6000.168359320976,1867.343641924988,820.1894576868084,2969.191494564796
2026,3,16,1,64559.2331173079,90891.95019861836,48686.80690978551,30756.1421413658,7388.500127515281,12261.244750863658,12259.16005672394,12962.444652293692,18785.1281377966,7431.080288477311,7782.647760070253,5429.04370735478,1911.3347082545863,858.7865936108299,3274.17341874743
2026,3,17,1,60831.92781265558,97255.07230806642,35651.80876181789,24165.540245273725,7388.500127515281,7236.442369956229,7235.212008006233,10489.207889932894,12623.121658882368,7431.080288477311,6645.856510897687,4448.053143050277,1636.7699455472427,794.4579982595318,2995.483051699187
2026,3,18,1,52286.02374462593,118829.69849446404,35762.63735007434,22544.70506502588,7388.500127515281,4332.4155155914905,4331.678905123328,9752.988572862168,9966.008677458116,7431.080288477311,6131.273489713296,5039.335128490643,1705.0318922893248,857.1783796139973,3163.7489249749697
2026,3,19,1,52994.980279151765,183110.08647925485,37889.76860297774,24006.63482910892,7388.500127515281,10207.708900500127,10205.973354773963,27167.259346857853,39741.08819027095,7431.080288477311,17563.08838681239,9942.60817521618,2308.77094850105,984.2273208418258,3000.7413554273026
2026,3,20,1,40933.11294290642,108181.64564059982,32085.850155439224,19162.00614414858,7388.500127515281,6860.2636597820365,6859.097256880939,16547.679292775378,24148.8996877434,7431.080288477311,16555.78370822795,11778.6059426739,4004.701252324263,2056.9064824653933,3153.23231751862
2026,3,21,1,35040.51229342429,88961.5889468053,25931.94662353388,16224.2423723746,7388.500127515281,5818.957431192445,5817.968074344706,10249.553154122385,13764.50582420226,7431.080288477311,7967.628564644595,7844.565000760236,2407.371545627626,1228.6759547944216,2820.2061067857585
2026,3,22,1,39728.463273945126,112089.50249753609,27116.06266605939,16716.84915036705,7388.500127515281,4821.266092454831,4820.44636612417,10312.822015833626,14535.215373270656,7431.080288477311,10765.883941541711,8437.526760997063,3501.0797357321308,1978.103961142601,3153.23231751862
2026,3,23,1,46291.59462916751,160117.1483248151,41640.44153717697,21015.24048998349,7388.500127515281,5599.065518302505,5598.113548146858,14436.800464675573,18599.790829670703,7431.080288477311,13010.878479903551,10043.394878504423,3640.6375142023294,2428.404057645818,3062.0883092432605
2026,3,24,1,39820.68522801661,123313.87845455018,38624.73720000528,19136.18402361576,7388.500127515281,5144.743450229196,5143.868725293924,12258.818376260358,18821.82856372843,7431.080288477311,14156.07793739404,12074.24691743513,5002.842697042291,3132.802036604709,3565.1331226677403
2026,3,25,1,44035.99856262031,151699.40193309088,40858.80832691004,22499.01976242284,7388.500127515281,6633.102625745383,6631.974845454473,13108.15470571873,16282.157050065658,7431.080288477311,10426.19186756433,9040.567205929803,3338.767986096529,2224.160809092012,3034.04398419934
2026,3,26,1,36468.03178684746,122979.65388953878,34160.483660450474,19406.32322705655,7388.500127515281,6240.5683318767415,6239.507291460835,10558.22845485733,14951.765542086903,7431.080288477311,8573.020339066743,7728.660288386953,2933.7470666309737,1781.901782572958,2895.575203876771
2026,3,27,1,31937.626673710405,93514.3278040608,26635.80542216181,16557.943734201934,7388.500127515281,5175.637316960083,5174.7573393555895,8663.997507593287,11032.156893047735,7431.080288477311,8127.384744265952,7135.698528150382,2728.9611931587915,1596.957101981162,4175.096932539314
2026,3,28,1,30961.610657574045,74697.05457244706,22865.68887450769,14949.026471275292,7388.500127515281,4639.537248928396,4638.748420688657,7897.102411971453,11597.343944057751,7431.080288477311,7700.247178219713,2146.756751303732,2551.4801183308814,1453.8259853070715,3952.495177085219
2026,3,29,1,32917.485285855175,69145.92686319757,21537.69010928848,14684.846206297108,7388.500127515281,5053.879028465978,5053.019752576167,8510.618488468766,12015.72913014077,7431.080288477311,7910.452681608967,7370.867502489358,2636.4283327582284,1408.7959933957009,4422.237400231356
2026,3,30,1,36756.22548085468,68762.42554683024,24617.55837929741,18216.518952304108,7388.500127515281,5993.417112829387,5992.398093815749,9519.085582387395,13641.55930464075,7431.080288477311,10313.521750542228,8739.886870861535,3088.4741370476063,1592.132459990664,5016.42626042489
2026,3,31,1,40856.992410161045,71323.6082319452,29582.29357289812,19218.02203200528,4203.341917611124,7234.443151814517,7233.213129777671,12219.140528855864,18205.388659149343,6334.801816212249,12650.44936680776,10877.857660429783,3789.4082215527,1956.612645016268,5830.910916534332
2026,4,1,1,46180.12774526995,76594.00846201301,31938.978210116707,21521.24764857941,4203.341917611124,8392.882238626882,8391.455255251725,13698.51089501949,20016.568836254868,6334.801816212249,13587.395747400866,12034.17178729948,4074.030191973544,2074.558733147264,6620.755429751061
2026,4,2,1,49024.91925504718,69414.22226454802,32352.064329806275,20245.9717185836,4203.341917611124,6856.031603151199,6854.865919797247,13104.086862420583,18946.74305004397,6334.801816212249,13542.22156115265,12439.781278818182,3849.966103161609,1911.373049568752,6953.1334081390105
2026,4,3,1,42652.586225878345,63467.495300452814,27499.73057994843,20056.612544531617,4203.341917611124,10586.59816080855,10584.798195177504,12087.258682671236,16241.900517518725,6334.801816212249,12230.496598777743,10904.02600661071,3445.742353133662,1696.4849357151977,6726.187148697649
2026,4,4,1,41769.25434149456,58757.95146999991,27785.27393303245,19210.29304902696,4203.341917611124,7623.564445529894,7622.268263906716,12691.239331109811,17225.479605600663,6334.801816212249,12337.57618829673,11703.79632247979,3600.164924639585,1669.0180384792134,6767.287658437947
2026,4,5,1,38866.60265028399,56324.82462798379,27440.71827713547,18541.73931370094,4203.341917611124,8282.214723697063,8280.806556349522,12492.46087918753,18042.07047012473,6334.801816212249,13267.830096852937,12438.145754936955,3575.9417852943966,1594.6958459583018,7058.565165579175
2026,4,6,1,39539.70925255997,51590.537114199615,25464.75813881597,17575.621167778547,4203.341917611124,7562.875795167391,7561.589932013204,11957.28815965454,16597.89741363349,6334.801816212249,13339.774208178924,11445.383836595882,3592.5951728155724,1565.6132488849055,7239.049987595329
2026,4,7,1,35487.56892990536,51291.55117536899,22120.09341134715,15212.496205797554,4203.341917611124,6470.480251615065,6469.380120875015,9908.341088443762,13142.525323280504,6334.801816212249,11300.24269022154,9427.149522290249,3109.646236538637,1499.3695555510535,6449.205474378602
2026,4,8,1,31703.51402702552,43856.08048490171,19272.27415620742,13218.42837329654,4203.341917611124,5551.225824073235,5550.281987767962,7423.6104815382,11691.012117122917,6334.801816212249,9884.784411276669,9062.428091883505,2697.852767932491,1299.0227402341882,5582.520907859642
2026,4,9,1,25130.599079320906,43482.86358997844,16447.29836087815,11798.23468909556,4203.341917611124,4714.079536998033,4713.278034851667,7958.783201070997,11612.1055686603,6334.801816212249,8872.54768333926,7628.075192555706,2467.7328776612608,1156.841154542031,5085.740852016688
2026,4,10,1,30039.06991212353,42765.29733678419,16561.515702111836,11734.470912793977,4203.341917611124,4310.678556051116,4309.945641366954,7641.502249385495,7830.097100257811,6334.801816212249,8362.246505882109,7752.374863853855,2370.840320280444,1118.0643584441634,4939.208623329801
2026,4,11,1,26480.669629300744,40105.35358536863,16205.538295219516,11948.9491502374,4203.341917611124,4319.603350385002,4318.868918280153,7609.009587039266,10966.173042827466,6334.801816212249,7910.504495677413,7752.374863853855,2387.49370780162,1098.675960395239,4510.333792639076
2026,4,12,1,28147.04246068362,40453.82684391122,16468.238230672894,12006.916219602612,4203.341917611124,4503.454252190572,4502.688561195996,7530.645042293817,10204.63322020058,6334.801816212249,8467.652977392067,7430.177018440032,2399.605310720089,1043.7421659232705,4429.919761884483
2026,4,13,1,23176.85410101861,36284.51963001452,15478.35450822712,10741.301467834484,4203.341917611124,4185.731353889759,4185.019683109084,7496.241056779654,9648.617427029398,6334.801816212249,7503.936708651893,7040.922729815419,2263.3501103459344,979.1141724268304,4449.576522391571
2026,4,14,1,23406.366110271065,39169.21836416803,14267.65058991746,10345.193039317404,4203.341917611124,3964.396324030236,3963.722285304792,7083.393525468688,8822.851395572496,6334.801816212249,7850.272247346634,7055.642444745933,2260.322209616317,945.1844758411984,4304.83124393723
2026,4,15,1,22997.487626108352,34105.01535434021,15088.111890528611,10316.209504634644,4203.341917611124,4335.667988334716,4334.930824871242,7668.260857982249,10709.268046307468,6334.801816212249,9466.50476125594,8576.678037940545,2591.8765083628214,975.8827727520064,4828.415938204847
2026,4,16,1,33988.9906246795,36558.76188551482,21672.742123031603,22265.15861447605,4203.341917611124,5579.785157793186,5578.8364657430975,10047.868227299936,12738.817454334789,6334.801816212249,11454.16958399777,10807.530205374713,3091.478865406747,1069.5933633218428,5923.833791384864
2026,4,17,1,55590.11951189429,40379.59584086893,30041.066612209004,22529.874978702963,4203.341917611124,6980.97880531244,6979.791878055002,12480.992898056991,16618.082805065555,6334.801816212249,13692.80221891056,12655.670215626822,3339.766093563931,1140.6841561679305,6849.488677918663
2026,4,18,1,56452.23599641891,42291.04382882589,32034.159355931784,30436.58582546845,4203.341917611124,7755.651491306964,7754.332851842362,20248.64298200057,16067.572103994316,6334.801816212249,12928.187030194831,11813.376314765335,3192.913307127896,1158.456854379443,8264.77566539069
2026,4,19,1,48295.88114405239,49487.3257682281,30412.272992308688,24715.23422090131,4203.341917611124,8450.000946809909,8448.564251938193,12484.815544392864,18346.68639917549,6334.801816212249,13662.686094745171,11502.627100601669,3135.3833262486046,1109.9858592571222,8128.965292073621
2026,4,20,1,55603.62022089536,59920.90360059899,34541.23017738617,31087.749480381048,4203.341917611124,7605.714856862006,7604.421710080203,13258.90471298903,16440.08435700817,6334.801816212249,13021.881675640285,11411.037871009084,2884.068197361803,1184.3080517780154,8441.686509954483
2026,4,21,1,50999.87963320864,50244.06942613015,28306.866497367937,26906.39017003603,4203.341917611124,7330.830979512681,7329.584569324093,11462.253353016777,16095.097645093005,6334.801816212249,12347.614896351946,9695.375151460994,2828.0521668473502,1108.3701594197105,7998.515846441459
2026,4,22,1,42091.34259727421,49208.95956550657,22929.13296096297,21826.54100175781,4203.341917611124,6109.918291619752,6108.879464721218,9289.069770415848,12169.956419397884,6334.801816212249,12657.1418388444,9943.97452997546,2743.2711791391275,1037.2793665736226,7719.747183396289
2026,4,23,1,44353.67516612146,50963.69765293549,23692.485590957083,21865.18571466796,4203.341917611124,5706.517351415729,5705.5471119724725,8369.719451336769,10968.008060093953,6334.801816212249,9846.302660134388,9499.112501226547,2626.697267015827,985.576971776478,7569.641015750733
2026,4,24,1,46106.83818212101,51794.67231387982,26233.821623217653,22682.52167549016,4203.341917611124,5631.549013821803,5630.591520723411,9413.306281805995,9868.821715517875,6334.801816212249,9687.356412330551,8895.604835592174,2526.776808905331,935.4902768167456,7326.611934760953
2026,4,25,1,43948.65398362084,49693.52294151941,23247.03789265725,20332.922363027563,4203.341917611124,4828.316994107214,4827.4960689608,8144.182348694997,8650.358039615054,6334.801816212249,9665.60587821109,8807.286653762045,2531.318659999788,943.5687760037866,7408.812954241667
2026,4,26,1,39856.011490196055,50460.57651442467,21253.945148934472,17728.26786456604,4203.341917611124,5531.591243944045,5530.650745969828,8046.704445901792,9830.285949919951,6334.801816212249,10055.442485145011,10143.508227972618,2638.8088366884213,930.6431773045095,7421.321798337607
2026,4,27,1,39267.766487356144,43730.30018853636,21882.140567900155,17069.375267071417,4203.341917611124,5688.66772200483,5687.700517409878,10152.991464887811,11175.367066516515,6334.801816212249,10930.483499398048,10817.343312743897,2980.9607879885566,948.4158755160224,7328.398884993499
2026,4,28,1,35929.234850213776,43060.159328392605,21965.899962719504,16630.757654353176,4203.341917611124,5649.398602489692,5648.438074549924,9352.14368769489,11573.569843362293,6334.801816212249,11383.898627611776,11904.965544357658,3014.2675962767225,950.0315753534344,8284.432425897778
2026,4,29,1,32609.98998398241,37641.29713918986,18777.33231607464,15767.048038038803,4203.341917611124,5565.505470561763,5564.5592063875465,8723.315711704561,10573.475398381264,6334.801816212249,11050.948032990573,11200.055505843866,2867.4147765948123,937.1059766541574,7723.321160848651
2026,4,30,1,31097.50293163836,39400.60218900436,18891.14654164717,14390.325091079958,2543.0724520477656,5116.701552576757,5115.831595410248,8085.387394311258,10305.445927044551,8621.69958330617,11053.819706797623,10506.581886477108,2661.3373676187803,873.9702198424834,7128.654633483585
2026,5,1,1,30265.6071777575,37710.26905081341,19436.75319140159,14875.566695138768,2543.0724520477656,5727.917733054154,5726.9438550528985,9704.745680909897,11490.865831970306,8621.69958330617,10776.339045622648,11110.088869670144,2770.334114089372,870.7392813805911,6888.520464221914
2026,5,2,1,32096.52896256003,34969.71611745841,22495.6330422668,16818.474113015243,2543.0724520477656,6076.418176828152,6075.3850457210665,11202.462011502254,13213.945191510888,8621.69958330617,12367.228053975208,12652.38444150491,3092.782834865445,886.8940091679877,6946.362998533569
2026,5,3,1,32798.85180305962,35342.93470256293,25066.94945732194,18105.33485247279,2543.0724520477656,7765.304974150333,7763.984693371206,12749.595365660824,15326.047808571357,8621.69958330617,15577.59499086689,15257.76812960714,3581.754393224769,935.3581570522426,7561.597276113309
2026,5,4,1,36533.93232808999,36753.35390192548,28013.612318225067,20036.59642208373,2543.0724520477656,7865.387173142083,7864.049876082964,15091.202639679368,19164.899819705657,8621.69958330617,18377.62692925614,18240.95700815047,4197.888805843492,1022.593637435094,8080.427317009023
2026,5,5,1,39249.330237171394,37024.58833986624,31519.42528343249,23970.9353697672,2543.0724520477656,9747.2896021158,9745.632338279658,16739.070707063718,22467.927353191702,8621.69958330617,20377.169213199788,20501.245947517684,4626.306605081607,1080.7506007050445,8779.796186451766
2026,5,6,1,42259.55347724547,34583.478257548566,32388.1394063423,23883.59191173789,2543.0724520477656,10469.311090340409,10467.53106621395,16822.69955181807,23501.04098618936,8621.69958330617,21261.743868363807,21716.43746147406,4879.118496219128,1132.4456870512104,9111.076173188383
2026,5,7,1,44390.93425886339,32496.05784812649,30931.253551066104,24011.695677111835,2543.0724520477656,10333.485263402486,10331.728332796403,17514.5380923591,23868.044036510262,8621.69958330617,21567.81341279489,21399.14654688302,4854.897019167344,1138.9075994529114,9677.231948471404
2026,5,8,1,39709.408029542414,34576.96862014591,23671.97642263877,19578.528356254785,2543.0724520477656,8532.005966750192,8530.555329135468,12658.363940778903,19043.78880100989,8621.69958330617,16776.64769422712,14943.748262778554,3863.329313295653,1048.4411806081678,8613.279809128631
2026,5,9,1,34960.27851061943,31454.517553849106,18954.994123384706,16399.225352889098,2543.0724520477656,5579.581605777986,5578.63294833643,9877.705284453,13019.433562750944,8621.69958330617,12868.374907912015,14163.605095514817,3197.238062700273,932.1272185903504,7617.687004021977
2026,5,10,1,33319.02140354746,31430.64891467214,21267.05068920183,16958.223686258727,2543.0724520477656,6056.759150900601,6055.729362280918,10885.05258520156,12599.215051998706,8621.69958330617,12009.02580097354,11940.93313357894,2944.4261383168764,872.3547328725884,7251.350927718959
2026,5,11,1,34154.672920054094,32374.54483570344,24138.257317142656,18724.50314603816,2543.0724520477656,6628.657361008913,6627.53033651544,12396.07349420137,15004.920109315904,8621.69958330617,13228.258883825025,13586.266458502449,3201.7795813360367,854.5845535931945,7331.979945269561
2026,5,12,1,35857.89965090593,31895.00228256782,26436.77042841069,20486.900642930523,2543.0724520477656,8317.544158330978,8316.129984165464,14796.60108012979,19089.66419237499,8621.69958330617,17834.437556494257,17814.086244945793,3979.895312902309,894.9713375837697,7715.844047108992
2026,5,13,1,36066.343054233206,35950.49990552426,27541.52714028921,21092.48216738112,2543.0724520477656,9813.415364744633,9811.74685800513,15961.702739920647,22467.927353191702,8621.69958330617,19753.258211680502,17226.934464646325,3993.5199020553528,933.7426700823476,7936.697384431261
2026,5,14,1,33749.05331374354,37682.06068466744,26626.3784124792,18443.06299790996,2543.0724520477656,8943.057789986866,8941.537264090453,14846.018103696002,22466.092335925223,8621.69958330617,18148.915604690468,17048.66279261257,4001.089121945542,982.2068179666024,7643.979061573324
2026,5,15,1,28911.66396395939,32398.41347488136,19241.340881720906,15766.470290208645,2543.0724520477656,7338.168548895157,7336.920891150696,10613.2588924031,15579.279909262734,8621.69958330617,13858.89670312853,12775.04844525019,3121.5458637988067,894.9713375837697,7324.968719657614
2026,5,16,1,33437.32711658357,38311.32461637208,18103.69297731184,14726.112275271586,2543.0724520477656,6818.098609494293,6816.93937562334,9402.54149911001,12652.430512430314,8621.69958330617,12130.108262575375,11278.547434334976,2926.260030528069,878.8166452742894,6906.048528251902
2026,5,17,1,31103.136509927182,38248.398199726886,19779.20844471903,14629.06397061828,2543.0724520477656,4963.003891294422,4962.160066271938,9121.244517967883,12762.531427526304,8621.69958330617,11575.14697715665,11203.313515390217,2790.014072505392,1012.9007865714822,6722.004086898782
2026,5,18,1,27518.2854833048,38235.378971870254,15809.049388332049,12703.625284743955,2543.0724520477656,4498.336646510173,4497.571825626485,8018.864460150879,11066.977286684814,8621.69958330617,9567.19615251692,9795.13061446905,2484.21764213685,862.6619174868928,6225.960490748441
2026,5,19,1,25967.16611029036,30972.80513722948,17277.543894833398,13025.825699820807,2543.0724520477656,4446.508335059714,4445.7523261832375,8092.990016561565,11116.522712583164,8621.69958330617,10061.616188669506,10027.37446682823,2438.802322795958,820.6596465264226,5978.815095874823
2026,5,20,1,26245.090618882685,30634.30455567357,20061.685638587165,14475.727628260316,2543.0724520477656,5309.717184228292,5308.814409956803,9463.362477113244,13478.187395801757,8621.69958330617,11729.863453818189,10004.477204327668,2573.534430191421,807.7358926788347,5835.085163297063
2026,5,21,1,30179.22520632515,30484.58313015491,22068.04766590604,15945.039209551229,2543.0724520477656,4371.446736744577,4370.703490069434,11012.39649736498,14959.04471795081,8621.69958330617,14005.20471295617,14600.289002006592,2862.678603398369,817.4287080645302,5992.837547098719
2026,5,22,1,28729.51068018069,32851.91747840538,20940.073651578,16731.130614589645,2543.0724520477656,6094.289970429674,6093.253800705862,10949.67485326858,15636.1653639274,8621.69958330617,14832.60152774603,14122.717106238944,2970.1614992417485,815.8132210946167,6334.634333759802
2026,5,23,1,30498.462884970893,28926.61241570832,19413.535888951687,17259.073487238333,2543.0724520477656,8626.726631735892,8625.2598894255,11040.906320273432,16331.636182569991,8621.69958330617,14365.088688869182,14076.922545319649,2785.47255386969,762.5026832564721,6273.286186642173
2026,5,24,1,34761.22444820733,35013.11362189562,21305.746207345343,18212.088003749792,2543.0724520477656,6809.162733064978,6808.005018498926,10847.039473949442,15386.603297769278,8621.69958330617,15044.49580785102,15328.09551282639,3064.0198059320223,747.9634069610728,6045.421662201411
2026,5,25,1,29638.39906457814,35023.96298626728,17828.954870200403,15933.39340168169,2543.0724520477656,4244.55682697898,4243.835154512383,9913.81772961176,15283.842451739516,8621.69958330617,15253.026715994474,17158.24264122647,3622.628160684023,793.1966163834354,6725.509699704874
2026,5,26,1,27324.865042947884,30469.39399186557,16087.657059911944,14072.006598494492,2543.0724520477656,7915.428252266512,7914.08244707086,10290.147467822524,14434.230343902049,8621.69958330617,16850.642542131256,18761.05245299288,3999.575271318329,807.7358926788347,7007.711145651197
2026,5,27,1,26607.519283244303,32962.58112645679,15315.681711270225,12789.027781527724,2543.0724520477656,5937.018007467202,5936.008577601062,9294.20412151099,14905.829297819118,8621.69958330617,18438.168141591577,21199.61310031176,4535.475966399822,854.5845535931945,8313.550260658745
2026,5,28,1,23972.869723538897,29108.881934342902,14733.314304516409,11849.600034131348,2543.0724520477656,4266.003003746543,4265.277684935718,8870.358025827374,13166.234782879306,8621.69958330617,17038.993033852752,18903.34270739444,4122.196606942026,932.1272185903504,8546.673242802042
2026,5,29,1,23796.350061815963,34969.71611745841,13293.84142607754,11476.934505482452,2543.0724520477656,4918.32434617616,4917.488117705884,7870.613347329317,11281.67406507762,8621.69958330617,13549.463749805456,14533.232666549791,3304.720958543713,812.5822826327243,7603.664591291539
2026,5,30,1,22774.78958643759,36278.15112270755,13417.66706726438,10706.37083080436,2543.0724520477656,4501.91098893332,4501.145560329058,8098.691972718708,10395.361692507968,8621.69958330617,11940.07604794228,13309.863533187288,3044.3398475160025,798.0430418152413,6816.655517179822
2026,5,31,1,25796.00692186299,38475.11482506618,14736.080225449216,11620.487511212854,1852.6060794630696,4207.990068255412,4207.2746129803945,8360.190088964602,9663.261778819446,12103.361927553038,12598.890306083693,13669.683564135716,3039.806374380445,743.1286182861741,6413.68161049775
2026,6,1,1,25263.56125192827,37508.95579575583,13411.6417176836,11909.544017445518,1852.6060794630696,4249.77926439179,4249.056703990494,6655.038644758676,10613.806727608751,12103.361927553038,11885.777304488436,12724.352484872064,2871.769287219598,723.7426327356377,5947.42325126965
2026,6,2,1,25772.34263679741,33210.92248818035,12042.471797157312,10697.170331939997,1852.6060794630696,4404.217592624787,4403.468774149017,6719.743052333832,8670.511191098616,12103.361927553038,11049.887783455702,12431.59424890908,2847.547710430249,712.434152990465,5784.408136975021
2026,6,3,1,24707.45129692797,29566.15640255688,13956.197955247597,11248.249294586529,1852.6060794630696,3443.066122232255,3442.4807216539675,7737.8859275631,10668.857608306278,12103.361927553038,11544.357639407492,11991.6391150653,2861.172332829168,681.739723172654,5491.681999914737
2026,6,4,1,26474.38213086668,35045.99031432516,17733.084289889557,13334.031141208336,1852.6060794630696,5414.425913552292,5413.505336384045,9620.022948522434,10800.979657500136,12103.361927553038,13835.064964429172,13362.205649159872,2964.1139760037872,688.2017065301878,5505.704836074742
2026,6,5,1,36742.69557938098,39737.25249209173,28972.335668275708,21932.942341690235,1852.6060794630696,8107.103480045058,8105.725085643971,13039.841214528744,20389.005285090017,12103.361927553038,17853.053099408433,16620.16325810139,3886.0473124312216,815.8259576669687,5633.662936956567
2026,6,6,1,38807.40158460763,34299.70122273346,24409.7324946542,26955.03922771084,1852.6060794630696,8018.074326601853,8016.711069208322,10120.530605274163,15071.091757236,12103.361927553038,13528.964582687213,15895.627471782587,3534.834598591583,744.7441052560877,5644.180044829754
2026,6,7,1,37572.91642060365,30105.26045713805,23063.90068051763,21140.63637042632,1852.6060794630696,7910.875996418692,7909.530965211431,11287.113008719334,14520.58311146126,12103.361927553038,16968.38932995536,18646.573611423268,3939.031984645744,778.6695444916239,5984.23314807271
2026,6,8,1,43114.29547044959,35390.59409175312,25574.693815549083,22284.385150916365,1852.6060794630696,9299.003975801395,9297.422930851437,13504.190512242818,19689.85931382217,12103.361927553038,20054.62131769616,22308.504900658456,4502.183354097536,786.7470148190714,6259.43072068617
2026,6,9,1,36969.477983006094,35769.023973719166,27210.30732825984,23492.59975494179,1852.6060794630696,9927.658770331507,9925.97083958058,15650.854364785491,24005.847087022525,12103.361927553038,22042.591965315056,24634.21558546796,4974.503852146476,820.6724540546076,7123.586257213204
2026,6,10,1,36969.477983006094,32458.290993184222,27943.51338568162,24012.485545893745,1852.6060794630696,10961.487069912426,10959.623364528385,15797.390825907094,27119.891014511955,12103.361927553038,22244.4164046065,25815.06167260672,5107.722474619296,830.3654468298851,7854.525081181577
2026,6,11,1,36509.997082605856,34115.77161791968,27725.690890656177,23322.07721227808,1852.6060794630696,10360.086081235257,10358.324627877184,16134.234375565356,24655.447309992425,12103.361927553038,20702.141364519062,26112.72648021312,5166.762549342609,841.6739265750576,7982.483220556857
2026,6,12,1,36509.997082605856,29249.036373212217,27517.592606626426,23821.16759582953,1852.6060794630696,11720.960254765016,11718.967421439243,16733.701689712467,27044.65482298191,12103.361927553038,32182.58791978966,28044.276628016043,5567.93220089647,873.9838433627824,8359.346143615843
2026,6,13,1,40177.956190786674,28242.70888290995,29711.376252295213,25701.07464661234,1852.6060794630696,11628.297274122511,11626.320195638657,17443.547063820974,28108.97156769953,12103.361927553038,29876.743795982384,31043.821930663467,6184.068242562784,912.7557789859572,9088.532161181109
2026,6,14,1,33790.58010967415,30473.11966676468,31623.15752600592,26335.33531965254,1852.6060794630696,11869.94782182745,11867.929657182203,18737.63521532196,30773.43340357624,12103.361927553038,32345.729371402944,34363.929339336275,6892.549039505038,966.0671682941136,9845.763774079236
2026,6,15,1,34064.69103966288,29955.15695686236,30689.632595530904,26071.233342696763,1852.6060794630696,15425.66307615644,15423.04035798471,18830.88571355736,34115.02092292143,12103.361927553038,32917.56523964254,34926.5485128435,6821.398193009958,1006.4545908872022,11297.124352636252
2026,6,16,1,30883.821120692348,28012.268319801504,28208.01213566711,22825.066389664808,1852.6060794630696,12405.939635714944,12403.830340110642,17717.589272998386,31465.23926547738,12103.361927553038,27688.630542776275,30643.11929813225,6096.265072414358,967.6826907419436,10206.85105457511
2026,6,17,1,30240.942295519788,26238.51034627807,25899.48271588826,20568.762000379284,1852.6060794630696,10532.6936269511,10530.902826332916,16512.945443421257,26760.22537346177,12103.361927553038,25714.114823308028,28855.49500044793,5784.412441636137,886.907845555785,9251.547275475736
2026,6,18,1,30465.75265350571,24371.730503114,26432.369858076992,21088.64779133094,1852.6060794630696,11470.225077947094,11468.274875378997,16821.242944542013,27374.960026566663,12103.361927553038,28701.116443572948,29284.00146712365,5879.784864920566,878.830339750421,9565.307628282517
2026,6,19,1,30544.63351619021,26940.402660992248,26130.91910630774,21059.534180574254,1852.6060794630696,10950.585547571294,10948.72369569725,16035.274676047044,27527.26742689295,12103.361927553038,29200.631911430344,30167.182746656006,6032.683479055281,869.1373469751436,9607.376021281809
2026,6,20,1,31094.82737804049,25849.509791972592,28221.626031061147,22398.76003300491,1852.6060794630696,12454.99652699304,12452.878890586817,17199.954012398106,26549.197057904985,12103.361927553038,29271.270478108305,32388.22011857737,6405.090035184029,840.058404127246,9828.235248125988
2026,6,21,1,29692.720435541152,22411.92879030928,30040.05483703275,23866.917532506315,1852.6060794630696,12709.365531010377,12707.204646012124,19380.87315688394,31437.713845278715,12103.361927553038,30354.39494558268,33096.40066608443,6598.862549761499,819.0569670847124,10010.53177176412
2026,6,22,1,28389.214549513523,22764.98905865953,29129.868012947456,23197.30460629113,1852.6060794630696,14166.536512382168,14164.127874739945,18336.08730021147,32705.718755886774,12103.361927553038,32148.950544016843,32559.94980284022,6327.883786180157,788.3625017889849,10446.991652269224
2026,6,23,1,24573.353900391503,23492.250986989504,26095.911904542754,20901.48888235053,1852.6060794630696,12545.84257366439,12543.709491336896,15825.936874444598,30876.19501530466,12103.361927553038,29807.787099939887,29522.7875227612,5708.720043259417,759.2835589410876,9470.653657423358
2026,6,24,1,23009.54122877987,22585.287722782672,22853.8575964691,16338.9710856226,1852.6060794630696,9248.130150552146,9246.557755324748,14105.560893484231,27426.34083243101,12103.361927553038,25720.84230584884,25360.38685975008,5068.362424803754,694.6636898877401,8643.308017699384
2026,6,25,1,20258.57187576093,22259.71115556608,20809.82692667536,19088.12721604129,1852.6060794630696,8668.53220655712,8667.058356335698,12522.205953928273,23266.3304940902,12103.361927553038,24420.7565633662,25079.077255037504,4733.802067863336,657.5072767123767,7894.840667777881
2026,6,26,1,21126.261146453315,20627.600144445456,20440.3066135755,16507.414067348425,1852.6060794630696,9208.157888387035,9206.592289365277,12189.16858058155,21170.727557253776,12103.361927553038,23436.86246336796,24195.895975505144,4659.623520113891,599.3493555386652,7847.5137015950895
2026,6,27,1,23971.88746466677,27392.827202387576,21840.594051468423,16062.391823830238,1852.6060794630696,10423.678322053778,10421.906056549433,13053.162726311808,23104.847926831084,12103.361927553038,23458.72674469436,24426.504447654745,4633.888125943143,570.2704126907678,7472.403584939209
2026,6,28,1,26478.32617837751,25056.70974208528,31564.81221785121,15394.858458553255,1852.6060794630696,16931.890948806446,16929.01213718882,23845.47732168526,37952.06616704392,12103.361927553038,27740.768495536307,24603.140667643354,4465.85100553642,533.1139995154043,7120.080528926385
2026,6,29,1,20376.8931697868,21416.17192539681,24806.48059854213,15380.301653174762,1852.6060794630696,10174.76007920701,10173.030135539691,14293.964872803655,31542.310514573823,12103.361927553038,22690.11204906892,19289.33331143659,3707.413270879945,534.7294864853179,6431.210136450998
2026,6,30,1,22491.85845933652,22854.40478674233,19467.378719538265,15095.638809715078,542.3186387283922,8083.759453713284,8082.385028334583,11022.290517030136,19499.046735549106,5556.797763732844,18678.045305627573,20044.945057200697,3833.88939847734,492.64660969645297,6539.786706117065
2026,7,1,1,22938.742304388965,21430.25610799733,18020.23609850416,14686.826311553705,542.3186387283922,8939.299778131288,8937.779891183485,11573.869318548615,21435.0051448882,5556.797763732844,19478.50892378045,24879.5450296765,4201.68850941289,465.1876240360631,6741.361482622906
2026,7,2,1,15262.054969273417,21381.97984976944,17611.6311132283,14076.459765011585,542.3186387283922,9811.292858292622,9809.624712428124,11806.015323884869,23811.37116400545,5556.797763732844,22730.81286788346,20782.56499865113,4346.991872142324,447.4200346446393,7090.173498231106
2026,7,3,1,18477.675704197303,20359.40159984491,17753.507832510124,13616.308017822395,542.3186387283922,7866.218208061071,7864.880769706867,11384.438216273224,24106.81128132445,5556.797763732844,22219.592369249192,24269.49569953293,4374.236229797572,439.3438415222187,7361.861223741732
2026,7,4,1,17273.03229389232,19698.89505188476,17859.44246925795,12973.616758928993,542.3186387283922,9463.958071675666,9462.348980728422,11328.72319858136,24204.06796215316,5556.797763732844,22466.79437331783,23798.46568378246,4177.471287832308,426.4219680042733,7214.623984639253
2026,7,5,1,16653.223794192025,18941.83603441749,16024.50346812656,12148.385988331986,542.3186387283922,8067.306738712848,8065.935110674813,11276.722487320316,22446.10759787201,5556.797763732844,22651.775473339367,24706.179821532427,4241.041511104306,392.5020633238411,7949.057296761153
2026,7,6,1,17362.40905414954,16596.05027051748,15704.80790484872,12519.169413139089,542.3186387283922,9078.23368462942,9076.690175716103,11811.586825654033,23782.010686240385,5556.797763732844,23689.35123819329,22843.3214253138,4041.249399818561,395.73250509490407,7885.955611861892
2026,7,7,1,13845.627477590991,15874.101237694264,15400.245861106505,10372.42846467288,542.3186387283922,7921.060523490798,7919.713760679257,10472.568868727069,19895.413568229786,5556.797763732844,22011.068256393373,20260.83381441978,3549.337011659494,368.27351943449565,7743.976868955644
2026,7,8,1,14006.894225440805,16613.605239364682,13512.3395205111,10081.506093909746,542.3186387283922,7028.958614709965,7027.763529779345,9200.40897515304,19930.279178394707,5556.797763732844,17912.89624365694,18448.67658668203,3236.0266825261297,334.35357927616565,6760.642545523877
2026,7,9,1,12800.30783066899,15779.743139292696,12439.751455252825,8790.419215120257,542.3186387283922,5688.977694729359,5688.010437431901,8394.398161221448,18423.718154334816,5556.797763732844,16002.546062305011,16214.554915957387,2874.281876985724,316.58602536265823,5957.849129293874
2026,7,10,1,11533.48926757048,14008.883356324986,11586.599402167516,8448.157595329008,542.3186387283922,5237.442529167625,5236.552043252898,7787.104342011103,14401.328670497698,5556.797763732844,14556.330243126158,14260.107361982,2577.620879377587,295.5879587222922,5498.609193982266
2026,7,11,1,11533.48926757048,15834.602463889494,9882.186991211476,8018.429147219228,542.3186387283922,4336.20021411039,4335.462960156271,6851.09179204974,13155.342193891804,5556.797763732844,13103.387864679318,13744.918273275289,2397.50526893755,274.58989208190764,4974.514805861988
2026,7,12,1,11121.5789240815,14561.865579248406,9447.098357293917,5881.195467091738,542.3186387283922,4502.555298694951,4501.789760543183,5580.789051691319,12711.264509280196,5556.797763732844,13227.829709703954,12230.425817226029,2224.9575485528685,260.0527799394632,5021.841040666252
2026,7,13,1,11121.5789240815,14535.533125977114,8001.847431473991,7322.497185630148,542.3186387283922,4082.09742483836,4081.403374213629,6069.224180533353,11678.14164759726,5556.797763732844,12284.426106979514,12173.182589138412,2114.466433534039,245.5156677970188,4778.198487058801
2026,7,14,1,9666.291961903124,13596.341071974892,7653.776524339864,6508.675096643128,542.3186387283922,3996.177776960364,3995.498334655592,5905.793391765647,10896.418166435207,5556.797763732844,11124.090183081596,11036.49553903772,1994.8939102913344,250.3613836704786,4415.363904745859
2026,7,15,1,9666.291961903124,13249.62996775122,7364.348000132885,5837.462032734175,542.3186387283922,3250.322083401814,3249.769453751469,5439.644312123213,11573.544857402125,5556.797763732844,10530.46902873512,10177.847009969237,1825.3733259813184,240.669987401494,4040.259562131046
2026,7,16,1,9780.927388924156,13122.356255813063,7207.337761315831,5443.86116391481,542.3186387283922,3175.370898609694,3174.8310123878405,4800.778593390343,10200.94114160263,5556.797763732844,9835.949116059955,9765.695746187606,1799.6425197404649,235.8242715280342,3884.258214026363
2026,7,17,1,9448.67897089274,12545.235950724857,6530.112857011968,5504.707681281343,542.3186387283922,3133.3251030754323,3132.792365607668,5003.20989454222,10467.02074085609,5556.797763732844,9571.930658425032,9345.366827081936,1728.5044396589262,224.51763663455063,3700.2116940186247
2026,7,18,1,9448.67897089274,13769.696577137089,5860.454691385813,5284.139096223463,542.3186387283922,3085.7950963697385,3085.270440098333,4304.914809563729,9925.686415715973,5556.797763732844,8800.055037186414,8720.597817925503,1684.6107172326356,205.13480861866492,3454.816295514612
2026,7,19,1,9044.540521502364,12558.40217736002,6789.274342148083,4930.468754425933,542.3186387283922,2844.488867736184,2844.0052390839915,5253.927516278838,9263.23994348163,5556.797763732844,8488.950443090564,8285.54925572514,1587.7417976643678,198.6738895986412,3523.176438116409
2026,7,20,1,8354.7850186763,12290.688526846614,6505.520861404236,4698.491447361469,542.3186387283922,2511.7786985671805,2511.3516383102847,4763.63523422139,8470.506278120263,5556.797763732844,8502.40363548821,8496.531441300549,1592.282518399304,187.3672192272597,3381.19769521016
2026,7,21,1,8407.245292903806,11948.366211784623,6157.449996450318,4457.006831562599,542.3186387283922,2232.082828761324,2231.70332324724,4130.341059380427,9200.848872817847,5556.797763732844,7969.321736138899,8519.42873971928,1607.4182985100756,177.67582295825656,3305.8262500092646
2026,7,22,1,8407.245292903806,11586.294509820247,5516.1671746804495,4358.131281237784,542.3186387283922,2243.0512918472,2242.669921441649,3939.052761766692,7358.477069474284,5556.797763732844,8456.999185007662,8468.72760715631,1515.0901329226194,169.59966531375235,3491.625614913566
2026,7,23,1,8199.347180459437,11158.39158077981,5762.086835495516,4301.087671206677,542.3186387283922,1590.4275548905632,1590.1571455585015,4750.635077467452,8899.9037036991,5556.797763732844,8275.381383085469,8804.009392194303,1486.3321906071008,171.2148684603349,3456.569140411174
2026,7,24,1,6470.100940343735,11377.82897306436,4661.123426380955,3867.556275365178,542.3186387283922,2243.0512918472,2242.669921441649,3194.3285094190646,8382.424764224388,5556.797763732844,7654.853880874407,8640.457291419414,1459.0877997060377,163.1387108158307,3183.128570003987
2026,7,25,1,6470.100940343735,11397.578359966748,4857.859138160767,3783.892313986082,542.3186387283922,1860.983059163028,1860.6666491609133,3428.331625847988,7259.385371379091,5556.797763732844,7779.295725898784,7940.45432740031,1300.162274771918,143.75588279992652,3239.21895230403
2026,7,26,1,7319.18025031973,11333.941503997185,4451.145848099492,3521.491748238503,542.3186387283922,1473.430615307307,1473.180098150899,3550.9047068931786,5954.677818342757,5556.797763732844,6835.892160105569,5858.436126200142,1230.537746104774,145.37112142440694,3042.9026335008443
2026,7,27,1,6508.960410839688,12213.885444241889,4451.145848099492,3285.711533838612,542.3186387283922,1327.1844000851413,1326.9587481552269,3363.330757833199,6644.649751075959,5556.797763732844,6958.652319149308,6910.07611406898,1229.0241614445038,124.37309026195727,2976.2953357956094
2026,7,28,1,7051.049969548666,12213.885444241889,4203.33453425045,3266.696997161476,542.3186387283922,1272.3420439124045,1272.125716446755,5131.354477356578,5967.52306010876,5556.797763732844,7278.165121563079,7018.020510637478,1212.374829919276,132.4492479064615,3030.6328731989715
2026,7,29,1,6229.172267035776,11603.849478666492,3815.538111973355,3228.6679238075058,542.3186387283922,1042.0042783648416,1041.8271136269373,5131.354477356578,6061.109666104293,5556.797763732844,7876.8312230588335,7816.154727937983,1403.085466489395,122.75785163745832,4460.937333147018
2026,7,30,1,6229.172267035776,11301.025890459636,5308.081291613956,3289.5144411740384,542.3186387283922,1339.9809199804918,1339.753092347329,2720.7507326693126,6347.374616490467,5556.797763732844,7592.63297682757,7816.154727937983,1689.151437967511,122.75785163745832,4459.184526744031
2026,7,31,1,6948.78930616669,11745.308173710386,2163.903904703925,2969.3975862688526,145.8027861687805,1509.7642018563422,1509.507507152997,1901.7675209253127,6778.832416575694,1366.450686825933,9721.594321653489,7777.167660280247,1270.1055161073552,145.37367583446067,4201.457855154004
2026,8,1,1,4878.518436568019,11760.687363440127,2413.7176788327106,2951.827176789062,145.8027861687805,1195.0465885332444,1194.8434030761046,2043.739721260577,5294.182668989164,1366.450686825933,7019.189542946268,6753.08119435808,1106.6116098756768,121.14474168803504,3538.900037322537
2026,8,2,1,5632.23871769666,11760.687363440127,2375.814894364364,2664.8439700684967,145.8027861687805,1467.9485635147,1467.6989784334176,1830.7813786349425,4318.657402132708,1366.450686825933,6486.10782825126,6162.5137965451295,1055.1412869763767,113.06840665393035,3284.744263696225
2026,8,3,1,6350.536099494483,12208.880912830004,2415.4405269202266,2692.175700194834,145.8027861687805,825.308409166672,825.1680877197873,2180.7594568575646,4311.53680651543,1366.450686825933,5761.318491197689,5643.926869710433,935.5485169996842,90.45474660990156,2904.387006458252
2026,8,4,1,5270.138129461379,11220.218628722154,2389.597721245491,2452.0469052890844,145.8027861687805,669.0500097516916,668.9362558333213,2180.7594568575646,3407.217777930871,1366.450686825933,5258.506385535649,5148.242880412668,893.1611981260357,108.22261982463785,2639.714432907594
2026,8,5,1,4282.233205219755,10561.1104236664,2377.5377424518806,2362.242666473121,145.8027861687805,702.0623493777761,701.9429826009763,1607.9180222868908,3679.5815476387343,1366.450686825933,4582.484797061973,4747.4422637119205,853.8015472609377,96.91580754159088,2474.951400897979
2026,8,6,1,4282.233205219755,10137.084159009495,1951.992957223304,2290.0087967409586,145.8027861687805,702.0623493777761,701.9429826009763,1563.3453341681852,2629.289785001515,1366.450686825933,4424.410081835726,4628.020034599209,806.8727429974012,90.45474660990156,2373.2890914475256
2026,8,7,1,4280.265273662177,10369.969052181998,1951.992957223304,2325.1495753045497,145.8027861687805,620.6319279305225,620.5264062017446,1460.99327296768,3642.1982795983954,1366.450686825933,4086.399287598887,4402.262964121013,788.7067681920347,82.37841157579687,2252.3459885512484
2026,8,8,1,4982.819159235939,12002.360351615858,1431.6911897341488,2325.1495753045497,145.8027861687805,622.8327424236595,622.7268465057052,1462.6441085880183,1931.468795015824,1366.450686825933,4118.350545681789,4333.554295182114,759.9439387338647,88.8394725074862,2103.358137181483
2026,8,9,1,4982.819159235939,11589.319229186603,1603.9765468387252,2151.397833505501,145.8027861687805,682.2549374535234,682.1389383931668,926.1211419112336,2111.2644993000417,1366.450686825933,3830.7891121438142,4101.25351287122,728.1534412671442,90.45474660990156,2031.493382607386
2026,8,10,1,4280.265273662177,11883.72088127904,1435.1369280893916,2323.197303096163,145.8027861687805,862.7223777790306,862.5756950953632,1566.6470054088622,2914.114657489557,1366.450686825933,3639.081489784991,3996.55459048424,678.1969689950572,77.53262474652287,2036.751763322772
2026,8,11,1,4648.26970033597,10475.426333064815,1352.439966802241,2063.5458668982264,145.8027861687805,596.4228870199958,596.3214813860142,1566.6470054088622,1927.9084972070432,1366.450686825933,3417.104258393199,3765.889763070276,685.766155639371,69.45632519033458,2019.2237762800528
2026,8,12,1,5620.431084586583,11945.237640198016,1350.7170765345152,2047.9277296265204,145.8027861687805,506.1891668573001,506.10310303497386,1277.7500557543872,1673.3462165422327,1366.450686825933,3482.6884236086767,3765.889763070276,673.6554836051693,87.22419840508941,1998.190214924937
2026,8,13,1,4542.001046110472,10793.995316838902,1268.0201152477566,1913.2213108081385,145.8027861687805,495.1850536486052,495.10086077908886,1135.7778132961914,2376.5076733909104,1366.450686825933,3163.1757319878,3706.996608003172,617.643675316042,69.45632519033458,1765.068002653742
2026,8,14,1,5951.0446803719815,9836.09141219054,1526.4481298145167,1872.2237156190856,145.8027861687805,424.7587454100464,424.6865266357423,1117.6185793491509,1429.4649099030264,1366.450686825933,3561.7257812215403,3564.6715131893484,616.1298579347045,66.22577698554099,1773.831996175101
2026,8,15,1,5559.425031244985,11400.374857977946,1466.1482780270696,1803.894390303998,145.8027861687805,424.7587454100464,424.6865266357423,1127.523635194306,2342.684743459268,1366.450686825933,3195.1270270014065,3597.3899286801648,604.0191859005636,74.30211201962713,1847.4495571521843
2026,8,16,1,5573.200595912054,1979.521615442047,1552.2909354892531,1848.7965299101256,145.8027861687805,198.0740377566229,198.04036060604545,1487.406727139345,1441.9260126832055,1366.450686825933,2187.821166627916,3144.239832827101,579.7978750780961,80.76317295131646,1768.5736154597157
2026,8,17,1,3554.096121868847,9985.489261986844,1118.131867642491,1850.748802118512,145.8027861687805,264.0986762657821,264.0537734052728,1015.2665181486454,2419.231408294236,1366.450686825933,2860.4794939329504,3145.875751805863,563.1457176541281,90.45474660990156,1652.8889317725182
2026,8,18,1,4471.155291216376,11718.94384175203,1118.131867642491,1700.4242460287255,145.8027861687805,292.70938690559257,292.6596195650067,1015.2665181486454,1525.5933134353668,1366.450686825933,2914.29215273142,3150.783544659542,569.2010536711681,77.53262474652287,1761.5624283413438
2026,8,19,1,4654.173495007533,10387.545242187489,1106.0718888488814,1881.9850362653303,145.8027861687805,292.70938690559257,292.6596195650067,832.0233009355454,1292.39294052185,1366.450686825933,2283.6749778073267,3006.822494949304,541.9520415943356,79.14789884891967,1735.2704477772666
2026,8,20,1,4290.104975215261,9811.92408050793,1212.8888077228594,1963.980267039727,145.8027861687805,297.1110158918666,297.06050017292773,860.08754860481,1669.7859187337356,1366.450686825933,3117.7713184379563,3015.002089842595,526.8137347975196,75.91738612202391,1598.5521642412582
2026,8,21,1,4860.807008785793,11051.047541694012,1176.7089135222398,1971.789315477284,145.8027861687805,420.3570756807626,420.2856052917387,822.1182450903899,1495.3306813122206,1366.450686825933,2239.9522133074165,2725.444107361269,526.8137347975196,82.37841157579687,1507.406654715032
2026,8,22,1,4707.307822119989,11391.586762975685,1176.7089135222398,1747.2786578432394,145.8027861687805,323.52091203854013,323.4659060287012,820.4674094700514,1413.4435093143504,1366.450686825933,2068.4243426142275,2728.7159453187915,499.5647559665626,79.14789884891967,1535.4514416822149
2026,8,23,1,4477.059085887939,11417.951094933076,1311.0914861588624,1577.4314604612662,145.8027861687805,275.10278947447694,275.0560156611578,1112.6660724881351,1500.671148175207,1366.450686825933,2404.753487801393,2753.2547659163174,481.3987479153207,79.14789884891967,1479.361867747968
2026,8,24,1,4233.034784988234,10855.512075757875,1309.3685958911358,1612.5722390248573,145.8027861687805,488.5825694261844,488.4994991311248,1243.082423480644,1333.3365063709696,1366.450686825933,2892.4307520158527,2926.662357242197,461.7189224827411,82.37841157579687,1474.103487032583
2026,8,25,1,4144.477558544962,10431.485811100973,1323.151422772262,1534.481593063525,145.8027861687805,85.8320911764783,85.81749774317596,1243.082423480644,760.1264232861901,1366.450686825933,2216.409163542176,2663.2791143371574,439.01142904167216,77.53262474652287,1596.799357838153
2026,8,26,1,4144.477558544962,9456.00566949748,1324.8743130399887,1698.4719738200372,145.8027861687805,286.10690268317177,286.05825791704274,1243.082423480644,1648.424051282073,1366.450686825933,1994.431895219419,2864.4973642178275,437.4976116603346,77.53262474652287,1500.3954675966602
2026,8,27,1,4260.585914323544,8537.648239310869,1073.337690823687,1608.667735004376,145.8027861687805,250.89374856395025,250.8510908454273,1046.6324791815189,1808.6380571691177,1366.450686825933,2646.91047085882,2807.2401640473954,439.01142904167216,67.84105108793779,1486.3730548663402
2026,8,28,1,4553.808679221134,10763.236937379415,1073.337690823687,1554.0042747520038,145.8027861687805,316.91842781611933,316.86454438073724,947.5820892218832,890.0777970500886,1366.450686825933,2396.345242552766,2808.876083025899,414.7901182192046,67.84105108793779,1465.3394935112235
2026,8,29,1,4555.776610778127,9743.816273811117,1075.0605389112034,1511.054407354263,145.8027861687805,123.24605978878026,123.22510511869532,731.3220753553787,1831.780093674986,1366.450686825933,2609.9142656268973,2514.4103076908937,399.6517781765131,56.53420332695591,1407.4971516675655
2026,8,30,1,2902.7086318505485,9970.1100722571,1166.3717828165384,1514.958911375046,145.8027861687805,13.204927701843406,13.202682559857026,699.9561143225054,685.3598872055125,1366.450686825933,2246.678772575145,2457.1531075204616,390.5688073967981,54.91896470247551,1444.3058936624134
2026,8,31,1,3285.154229078983,11162.757083005792,1036.4718630792245,1047.5632599336814,89.49755321566099,384.0392974146727,383.9740018848134,606.2473197550819,1064.3767916211616,512.8491165556475,1440.9945269278162,2096.7539714546515,375.424217130807,62.995477126162086,1248.005434225371
2026,9,1,1,3986.85680612256,9645.57658133404,1038.1654381450312,866.5358219973738,89.49755321566099,170.97639981294057,170.94732988521608,580.3042932889718,513.8370745962995,512.8491165556475,1531.7923116846343,2127.8291047867187,378.4518186476067,77.53287309193756,1184.90405727507
2026,9,2,1,3880.1189715244473,10016.993152021729,1112.6830363051415,998.313145765767,89.49755321566099,431.38657177692943,431.31322611942,583.0351581329264,1312.1196380875892,512.8491165556475,1533.4737760797436,2055.865658917062,360.286143055058,66.2259898530393,1148.0948918504175
2026,9,3,1,4233.935199896573,8832.962072583177,1016.1488779283374,1010.292909816902,89.49755321566099,260.410212706883,260.3659369701708,461.51257821150085,823.9744172206792,512.8491165556475,1477.9862265885354,1933.2006135513343,360.286143055058,66.2259898530393,1132.3195572362658
2026,9,4,1,3980.926926423056,10473.948129118537,1016.1488779283374,1070.191689675682,89.49755321566099,49.97772376339567,49.96922639873466,432.83872902417534,713.8664899358429,512.8491165556475,1326.65657301685,1843.2462972347207,334.55141380169704,71.07181216024821,1076.2294058979126
2026,9,5,1,3820.820130758935,10307.373394527116,640.173779175207,986.3333817149336,89.49755321566099,323.5399390184495,323.4849297735856,615.8052835251034,262.4239114975514,512.8491165556475,1503.207823206828,1954.4625676786527,343.6342515979714,66.2259898530393,1240.9941701197292
2026,9,6,1,3476.887020630919,10818.352606061684,640.173779175207,923.7724455322084,89.49755321566099,255.14939539040785,255.1060141138628,615.8052835251034,1080.892954519113,512.8491165556475,1479.6676540529395,1803.9934726607048,331.523779039022,71.07181216024821,1102.5216559172552
2026,9,7,1,3476.887020630919,9492.50789361489,640.173779175207,851.8939016225952,89.49755321566099,144.6723132306805,144.6477156037919,460.1471668509895,506.49652193080846,512.8491165556475,754.9668034627979,1890.6767412148663,330.0099949035599,66.2259898530393,1148.0948918504175
2026,9,8,1,3820.820130758935,9944.960839436444,829.8549036177751,985.002323751258,89.49755321566099,126.25949336602729,126.23802634279656,581.6697046494832,1970.9321442310568,512.8491165556475,1466.2161235461087,1656.7954613231184,302.76144826892244,66.2259898530393,976.3188635229592
2026,9,9,1,3945.347648223684,9661.333620368636,829.8549036177751,1147.3945866291758,89.49755321566099,86.80340423563526,86.7886456567312,608.9781424762974,256.9185372982661,512.8491165556475,1604.0942466109632,1892.3123010140032,304.27526565025994,69.45653805785142,1298.837127861188
2026,9,10,1,2992.613395094538,9827.908354960056,831.5484786835821,756.055829610712,89.49755321566099,273.56221525506106,273.51570337485816,764.6362591506041,834.9852462191996,512.8491165556475,1605.7757110060725,1650.2533298805631,292.16479309131057,74.30236036506034,1002.6111135424206
2026,9,11,1,2992.613395094538,11142.498012696906,831.5484786835821,986.3333817149336,89.49755321566099,39.45608913047081,39.44938068614417,800.1372072639965,143.1403336804533,512.8491165556475,1671.3518991445983,1800.7224248982536,311.84428606519674,72.68708626264501,1211.1963072944125
2026,9,12,1,4119.290844442885,10057.511339589142,679.1261744111739,756.055829610712,89.49755321566099,389.3001147311478,389.2339247411213,608.9781424762974,2079.204973649577,512.8491165556475,1671.3518991445983,1869.4148230054589,305.7890830315975,88.83975633083581,1139.3308213419075
2026,9,13,1,4500.779873925171,9823.406323685766,670.6582569015374,1074.184944359293,89.49755321566099,426.1257952034641,426.05334399919457,771.4633580764782,1209.3522231680458,512.8491165556475,1671.3518991445983,1856.33056012009,336.0651979371592,79.14814719433434,1002.6111135424206
2026,9,14,1,4010.576368689288,10548.231433866144,1011.0681527305246,902.4750737538836,89.49755321566099,386.66970607291023,386.6039633129674,771.4633580764782,1475.44641099857,512.8491165556475,1637.7230544124284,1704.2259412211745,325.4685760054227,82.37869539914648,1158.6118072556087
2026,9,15,1,3221.9021497688664,8423.2783064904,696.0619672502371,901.1440157902076,89.49755321566099,249.88857807393265,249.84609125755483,651.306231638496,1701.1677203677011,512.8491165556475,1679.759073396806,1596.2807185399522,317.8995223446714,85.60920812602369,965.8019866113436
2026,9,16,1,4046.1556468886574,9271.908971533425,1066.9563408055549,854.5560579462386,89.49755321566099,494.5163388313901,494.4322596588017,761.9053943064567,656.9773679769528,512.8491165556475,1308.16072318662,1478.5223166534652,283.0819552950362,82.37869539914648,1130.566750833279
2026,9,17,1,4186.496162297021,9105.334236942002,826.4677534857693,987.6644800749012,89.49755321566099,268.30139793858586,268.2557805185502,726.4044461930642,963.4444745685016,512.8491165556475,1462.8532686175597,1542.308107199083,278.54053639689903,82.37869539914648,944.7681558009616
2026,9,18,1,3725.9420555604174,9456.491737321769,767.1924152787334,919.7791908485974,89.49755321566099,105.21622410025633,105.19833491769435,924.3906099066376,899.2148402437514,512.8491165556475,936.5623729764344,1488.335495858472,258.86104342301286,85.60920812602369,957.0378776091396
2026,9,19,1,4237.888482207543,11014.19047350961,296.3767753950098,561.7175292633018,89.49755321566099,241.9973520992199,241.9562069730929,460.1471668509895,249.5779846326381,512.8491165556475,1082.8477072242017,1537.4014996377532,254.31962452487568,80.76342129674968,1134.072363639253
2026,9,20,1,3302.943868178669,10647.275887145612,1012.7617277963316,909.1305251577317,89.49755321566099,113.10745007494998,113.08821920213724,619.901517607023,253.2482609654521,512.8491165556475,1082.8477072242017,1494.8776273012852,246.75057086406343,71.07181216024821,1095.5103918117322
2026,9,21,1,3322.710104666889,11871.825154151576,797.6768508252459,857.2182142698823,89.49755321566099,131.5203106825024,131.49794919910454,568.015506797542,1214.857637667306,512.8491165556475,1504.8892876019374,1517.7751053095712,252.8058071435381,69.45653805785142,1088.4991277060906
2026,9,22,1,2901.688558440626,10368.150652402452,1007.6809604187008,697.488107715608,89.49755321566099,99.95544752679136,99.93845279746932,651.306231638496,345.00488718605857,512.8491165556475,702.8421458311032,1434.3629204357717,242.20915196592628,67.84126395543609,993.847043033792
2026,9,23,1,2903.6651995961106,8974.775658642744,740.0950876840169,865.2047236374063,89.49755321566099,105.21622410025633,105.19833491769435,518.8603187092765,75.24042302307284,512.8491165556475,946.6510116237516,1352.5862235252866,234.64013155098945,69.45653805785142,1046.431543072477
2026,9,24,1,3085.5148729045222,8238.695493752417,697.7555423164359,818.6167657931354,89.49755321566099,105.21622410025633,105.19833491769435,439.6658279500495,339.4994726867984,512.8491165556475,1072.7590685768844,1244.6410008438063,228.5848952715148,61.380203023746745,962.2963353117945
2026,9,25,1,2290.910774284012,9944.960839436444,740.0950876840169,961.0427956489876,89.49755321566099,94.69463021032892,94.67852994117406,838.3690202215365,339.4994726867984,512.8491165556475,1007.1828804386184,1113.7983360719509,202.85016601821485,75.91759898954076,1011.3751840509306
2026,9,26,1,3123.070792259378,11383.356052035935,657.1096141944801,871.8601346446609,89.49755321566099,123.62908470778969,123.60806491464258,797.4063845427811,851.5014091171506,512.8491165556475,1005.5014160432496,1278.9872178564935,186.1983078070037,80.76342129674968,1006.1167648419698
2026,9,27,1,3123.070792259378,10527.972363557255,670.6582569015374,826.6032751606596,89.49755321566099,202.54126296878167,202.5068262869813,797.4063845427811,5.505414499220948,512.8491165556475,1079.4848153649475,1223.379082634657,217.98824009390287,72.68708626264501,1109.532920022897
2026,9,28,1,2290.910774284012,10570.741543286036,657.1096141944801,736.0895561923547,89.49755321566099,310.38789572726165,310.3351226328157,797.4063845427811,394.5534564794576,512.8491165556475,1049.2188994229962,1185.7618178595185,207.39158491635203,80.76342129674968,990.341391734124
2026,9,29,1,2243.471736685045,9544.281135891288,716.3849524015159,709.467871766743,89.49755321566099,163.08517383834356,163.0574456008698,309.95077986497745,269.7644641631793,512.8491165556475,1474.6233347292812,1092.5363819448903,192.25351084060296,69.45653805785142,925.4871698872608
2026,9,30,1,3079.410276035866,11097.025576597076,827.4171864056007,1041.7853776709903,108.98387470049344,200.46825925864195,200.4341750352399,338.35618029082906,693.6647770295301,597.3295674763589,1126.6999145687205,3998.847233271989,170.48049227441948,78.36209845589448,995.5939599148678
2026,10,1,1,3079.410276035866,10330.608732353066,1583.818528241084,1215.9538072667176,108.98387470049344,9.731464940421091,9.729810367142084,478.8432561978535,891.8547421094161,597.3295674763589,541.4885934997577,688.554081343059,199.9271227581662,71.39657701634543,1039.4141199897776
2026,10,2,1,7275.507741985831,11109.347370131449,376.5491283679434,640.2303165212775,108.98387470049344,217.9848961514145,217.94783369611017,449.16288211580246,37.61938536285707,597.3295674763589,1044.299480441519,1064.7237479026787,173.5801375885109,66.17245367564183,860.6279053777398
2026,10,3,1,2293.519102037297,16217.971429711071,1666.3951073897342,1409.4743249914268,108.98387470049344,451.54017695043547,451.4634047156532,1131.8112753914015,37.61938536285707,597.3295674763589,1093.0670812978149,1663.324195370206,173.5801375885109,64.43105557681491,815.054938899843
2026,10,4,1,7816.810329399279,17280.11178827063,3468.2157759005704,3173.7362321477603,108.98387470049344,377.5810026602154,377.5168051892809,3500.304495305623,2069.983824490239,597.3295674763589,3196.8007728360576,3104.21760983302,1436.6855033387562,454.5002207132931,1621.345807291057
2026,10,5,1,4935.877662912498,13677.213405673529,2265.90098258699,2286.7672363389,108.98387470049344,648.1158502329572,648.0056556040845,1929.223767743686,2941.652530368389,597.3295674763589,1405.8524381017437,2260.2891189567654,883.3988480211999,421.4140116144304,1849.21063968066
2026,10,6,1,4853.6798437980815,11087.16811360018,1213.8755278921135,1478.8191727996607,108.98387470049344,297.7829494058149,297.7323194426955,1203.044173188671,1449.7227203195434,597.3295674763589,1594.196282259198,3640.668293487424,542.4378967182364,245.5346130049234,1489.8853270663278
2026,10,7,1,4308.367602401688,12045.805228063538,1061.934625633077,1554.6147031856597,108.98387470049344,309.4607073342914,309.4080918832372,1300.000047816087,491.8046565166429,597.3295674763589,1538.702122134914,1779.446139508752,533.1389607759621,200.25872364789163,1351.413659723226
2026,10,8,1,2818.783117285918,10924.52018542092,1331.1342685961529,1394.960258894539,108.98387470049344,527.4456034857059,527.3559255793474,1005.1750688046736,2069.983824490239,597.3295674763589,1494.9794314966734,296.02917597118324,530.0393154618707,179.36215932926302,1346.1552405142654
2026,10,9,1,5834.038973363375,15845.852635855184,3919.083833938461,2538.3438972622857,108.98387470049344,601.4047777759259,601.3025251057196,850.8371657000919,1130.4166990520043,597.3295674763589,1612.6943479441943,2068.9332558734595,530.0393154618707,158.46559501063442,1277.7957907973014
2026,10,10,1,7469.975697552556,13297.701526306895,5459.962551145685,3001.1804227011103,108.98387470049344,1677.7052483594716,1677.419999808407,3268.797619587669,3851.858210842755,597.3295674763589,1380.6278131487588,2247.204963825129,588.9325764294251,141.05179141178033,1360.1776917381603
2026,10,11,1,6154.810898088787,11725.43807973057,2594.555735541649,1833.606754964568,108.98387470049344,1352.674197120468,1352.444211337704,1707.6104062168638,3673.854281994136,597.3295674763589,1962.4757991871504,2515.430305652331,711.3685663356101,135.82766807107674,1496.8965526782754
2026,10,12,1,5042.133362157632,12945.2976584448,2292.325494663125,1151.446981490578,108.98387470049344,797.9804510584477,797.844775994151,1394.9772027561812,2609.500904635331,597.3295674763589,2120.550108173306,2433.654291182927,709.8187436785644,127.12074853270074,1426.7843350520186
2026,10,13,1,3492.4041110658127,12945.2976584448,1917.4278877551449,1394.960258894539,108.98387470049344,398.99022552922384,398.9223879970755,1391.0198055042767,1556.1580338754466,597.3295674763589,1881.7570141098824,791.5918344320582,626.1283201984005,118.41386447222264,1432.0427542610985
2026,10,14,1,4047.740443652325,11666.293395646544,1289.8459790216318,1217.5664678120856,108.98387470049344,321.13846526288347,321.08386432389443,1272.298351298426,1884.6395444754176,597.3295674763589,1883.4386631595555,2937.394533131503,537.7884287470993,104.48282159314309,1370.6945301562007
2026,10,15,1,2690.474321136051,11074.846320065808,934.7667139904452,1065.9754070400882,108.98387470049344,369.7958307079749,369.7329568956636,1151.5981774052534,1218.5011145431563,597.3295674763589,1624.4658174304973,1931.5495371974075,500.592684978124,109.70694493382814,1272.5373715883409
2026,10,16,1,4011.653601573359,12568.250156564318,673.8247626868338,1204.665102656858,108.98387470049344,288.05148446539863,288.0025090755582,1094.2161489282803,1181.799278113455,597.3295674763589,1782.5401633473575,1673.1373027393906,454.0980052669353,102.74142349429762,1297.0766612302762
2026,10,17,1,3452.307615004487,11005.844126035248,812.5534089076067,1019.2079684512714,108.98387470049344,159.5961065088009,159.56897149317066,1056.6210224651593,1515.7860420130276,597.3295674763589,1182.1940746930045,1640.4268969517325,406.0535028986399,97.51730015359402,1307.5934996483163
2026,10,18,1,4276.290414306252,11530.753432023144,812.5534089076067,1053.0740418848602,108.98387470049344,282.21260550110253,282.16462285522954,1379.147655871302,425.7413348234421,597.3295674763589,1252.823039333903,1485.0524874185362,368.8577591297256,101.00006087336854,1127.054440139597
2026,10,19,1,3845.2531801202967,11927.515812947777,675.4763263263822,1298.2000202301792,108.98387470049344,239.39411902030724,239.3534165037891,1404.8706748243803,1280.8942405034409,597.3295674763589,960.217397264904,1463.79071288103,345.61041927410065,97.51730015359402,1169.1217938115203
2026,10,20,1,3845.2531801202967,11005.844126035248,867.0539545199991,1275.0953585507928,108.98387470049344,200.46825925864195,200.4341750352399,1305.9360805096426,231.2216057765566,597.3295674763589,960.217397264904,1400.005425186681,320.8132567614301,99.25866277452307,1156.852148990612
2026,10,21,1,2504.0256735346297,11409.999639420266,1157.7234608199906,1278.8479724974884,108.98387470049344,268.588554584566,268.54288834128363,801.3698896041889,1227.67656357539,597.3295674763589,1180.5124256433312,1288.7900167739008,296.01609424882054,99.25866277452307,1137.5712785576377
2026,10,22,1,3175.6418403233456,12309.492069800564,796.0381099498821,1156.2850035226727,108.98387470049344,247.17933171567324,247.13730553360463,682.6484353983382,1068.0235730917198,597.3295674763589,1118.291706251059,1197.2008949350538,280.5178676784243,95.77590205474856,1153.3465361845194
2026,10,23,1,3175.6418403233456,11523.360346512398,764.6589913139541,1153.0596420359466,108.98387470049344,5.838878964252657,5.837886220285251,490.7153637078963,350.5025640977239,597.3295674763589,847.5473910356978,1195.5653710538284,272.76875439319576,99.25866277452307,967.5490574669586
2026,10,24,1,3225.76242757479,10155.639010640394,822.4625798461993,1112.7428860248947,108.98387470049344,198.52196627058183,198.4882129618356,459.0563120612625,350.5025640977239,597.3295674763589,829.0493253504419,1045.0974972463982,238.67268918418728,83.58625727451445,855.369486168779
2026,10,25,1,3017.260726835588,12087.699410589565,822.4625798461993,1156.2850035226727,108.98387470049344,56.4425373974398,56.432940865494295,868.6453901495538,851.482709946799,597.3295674763589,302.69549943633393,1157.948393622493,230.92357589895863,94.03453943381948,1125.3016337366105
2026,10,26,1,1341.2275065850808,12553.463938594154,787.78046047102,1122.4188896930943,108.98387470049344,223.82377511559488,223.7857199163232,876.5601425304311,98.17741345673554,597.3295674763589,602.0277007733213,1110.5183088219733,234.02322121305008,94.03453943381948,935.9985422129572
2026,10,27,1,2672.430921980043,12610.144292140702,1014.0402502196342,1082.1021336820422,108.98387470049344,198.52196627058183,198.4882129618356,688.5845102148255,98.17741345673554,597.3295674763589,820.6411170327804,1112.1538327031988,226.27410792788243,94.03453943381948,955.2794126459316
2026,10,28,1,3921.436518260589,11047.738308561273,1113.1321283260088,1185.3130549238651,108.98387470049344,91.47581118295572,91.4602581872058,1068.4931720979412,1517.621139879344,597.3295674763589,1047.6627416101603,1082.7144746777335,215.4253493285624,99.25866277452307,955.2794126459316
2026,10,29,1,3051.3427419227887,11565.254482088783,787.78046047102,1078.876772195316,108.98387470049344,194.6293802943459,194.59628881491125,1026.9406483829157,253.2426995743424,597.3295674763589,1067.8424563448302,1067.99479566513,207.6762360433948,88.81038061519952,944.7625742280104
2026,10,30,1,3901.3882483458647,12506.641094995104,576.3844482203996,1056.2994033715863,108.98387470049344,73.95917429019775,73.94659952635003,912.1765914289696,1073.5288263910377,597.3295674763589,892.9517307233521,896.2651473201939,156.53208836106896,88.81038061519952,778.2460044368808
2026,10,31,1,3419.1334551854893,11165.118922857757,239.436825364531,978.360122332552,135.63866631440317,152.9994077920368,152.97339436719412,739.7034222648443,70.33354316705359,274.1734484960244,636.3054954802408,987.807719494927,181.65472792739067,77.54493558385995,846.652878277856
2026,11,1,1,3296.314069399853,12458.764188927222,433.46326414832566,860.0468033343875,135.63866631440317,43.34981591056778,43.34244544296658,453.841969722109,70.33354316705359,274.1734484960244,754.9678744592164,987.807719494927,183.1685120628528,77.54493558385995,687.1385650882339
2026,11,2,1,3296.314069399853,12031.358407785649,551.1175702669412,1089.089238678565,135.63866631440317,336.59868084541586,336.54145131353283,307.9641832092558,70.33354316705359,274.1734484960244,957.8977297901956,621.4684368384642,178.62715965646646,84.00698989724508,629.2927203263607
2026,11,3,1,3090.294429120441,11139.977389750124,452.040244311394,1004.1463709542386,135.63866631440317,28.04988327995548,28.04511415345309,259.3382684125511,409.1577098333829,274.1734484960244,866.7512433680779,1061.4026664351454,231.60977062713923,95.31564703199956,590.7288238184057
2026,11,4,1,3882.677623930397,12931.881848446315,460.2966705661314,1184.650030512557,135.63866631440317,43.34981591056778,43.34244544296658,453.841969722109,1056.8378826728024,274.1734484960244,411.0189589813484,977.9950790590998,249.77524674443532,117.9329258236292,797.5715659477543
2026,11,5,1,6232.093746427553,11898.794054387236,458.232585092356,1518.3542604768954,135.63866631440317,734.397092213285,734.2722277851236,439.1068159443644,67.88713557780231,274.1734484960244,856.4327836592237,1061.4026664351454,245.23389433804903,135.7036372717688,969.3562168432362
2026,11,6,1,5314.910191761289,11583.38232832383,363.2834722641616,911.6193005774592,135.63866631440317,209.0991743520133,209.06362267416583,586.4581009859544,291.2725800808546,274.1734484960244,803.1207233647477,1184.0609233082323,260.3717689385456,142.1656915851354,769.5250852619458
2026,11,7,1,3621.191147321803,10033.750684184371,551.1175702669412,1035.9999413011735,135.63866631440317,170.8493224038884,170.82027408225164,552.5672978442552,291.2725800808546,274.1734484960244,665.5411497875633,1089.2052075330448,246.7476784735112,121.16393524135432,899.240034375503
2026,11,8,1,3621.191147321803,8790.38839043186,815.3237165755713,966.22543848516,135.63866631440317,132.5994704558792,132.57692549045314,552.5672978442552,291.2725800808546,274.1734484960244,839.2353508112199,1025.4229369465645,252.8028150153596,121.16393524135432,776.5366958100041
2026,11,9,1,3839.096544495436,9798.334651383302,544.9252294859792,1120.9428494220936,135.63866631440317,209.0991743520133,209.06362267416583,434.68627823560814,291.2725800808546,274.1734484960244,887.388199716751,1058.131798262507,263.39937045534515,119.54841279352428,744.9844483436827
2026,11,10,1,3975.782617480186,9958.326131809185,939.1703634751492,1095.1566008004067,135.63866631440317,356.9985774385637,356.9378794541913,434.68627823560814,1293.5255299113585,274.1734484960244,634.5857337300359,1133.362197248129,275.5096767849784,124.3949801369958,809.8419036537327
2026,11,11,1,3839.096544495436,10212.026869011625,939.1703634751492,1271.1097387671928,135.63866631440317,331.4986761398137,331.44231372624847,386.0603634389034,1095.3684092789774,274.1734484960244,1019.808524974026,1184.0609233082323,375.4197621844146,187.4002491683761,1130.62345191669
2026,11,12,1,4255.097685662871,10413.15899302763,999.0295592711486,1122.4596899524029,135.63866631440317,232.04909366935132,232.0096399763921,447.94789136187705,754.0978350233206,274.1734484960244,1418.789262496575,1224.947008932767,361.7956717193192,171.24506016804804,1018.4375291732192
2026,11,13,1,3090.294429120441,9688.626190224975,590.3356582466711,860.0468033343875,135.63866631440317,137.69943441847155,137.67602234165494,387.53386196744736,721.0716751177724,274.1734484960244,1021.528249793266,1100.653335932187,336.0612416788372,153.47434871990842,960.591684411346
2026,11,14,1,3090.294429120441,12483.905722034857,524.2841216697095,972.29276021071,135.63866631440317,28.04988327995548,28.04511415345309,275.5468785962933,563.2798968587635,274.1734484960244,736.0506798610079,1205.3216921432015,320.9233670782797,143.7812140329654,872.9464755734078
2026,11,15,1,3268.580651235261,12895.31234574334,610.9767660633327,972.29276021071,135.63866631440317,25.49990129868633,25.49556572787921,409.6365505114216,713.7325329498633,274.1734484960244,591.5921331444141,1133.362197248129,313.35441315509377,143.7812140329654,918.5219826294212
2026,11,16,1,3268.580651235261,11709.089899965613,613.0408515367161,1092.1229197394855,135.63866631440317,119.84951980661997,119.8291426265974,447.94789136187705,1526.5435859162858,274.1734484960244,1088.5982932972656,1046.6837057815335,302.7578909609836,134.08811482393878,764.2663965977196
2026,11,17,1,3268.580651235261,12008.502515545568,613.0408515367161,1439.4787144781194,135.63866631440317,239.6990396132399,239.6582852531948,337.4344486421988,500.8971279816643,274.1734484960244,588.1526465747095,876.5975910207237,284.5924148436265,130.8570699282973,741.4786045761374
2026,11,18,1,5629.882530627224,13978.68315906997,1079.5299050640194,1089.089238678565,135.63866631440317,91.7996365266713,91.78402847315112,327.11983257321043,192.65275393148627,274.1734484960244,662.1016632178587,930.5672211713768,281.5648133268268,137.3191242416639,1007.9201133511912
2026,11,19,1,3230.942450247704,12191.349888210569,1267.3639608869653,1418.2429874479649,135.63866631440317,706.3472089333546,706.2271136316956,474.4711176146076,678.8715572776854,274.1734484960244,1143.6301153419463,1167.7065106092168,273.9958926495163,145.39673648079545,879.9580861214661
2026,11,20,1,6000.321662055392,10986.842691080868,970.1320252001414,1551.724671354442,135.63866631440317,178.49930909078674,178.46896009513694,341.854986350955,7.339142167882708,274.1734484960244,608.7895659924179,906.0355841640272,310.3268116382941,151.8588262720784,908.0045668073932
2026,11,21,1,3589.49582478165,15000.342983534669,668.7718763855568,1553.2415118850531,135.63866631440317,99.4496232134762,99.43271448594298,592.3521372232545,682.541108211399,274.1734484960244,794.5219884751336,987.807719494927,267.9407228617925,132.47259237612732,904.4987615333048
2026,11,22,1,4369.993262696798,16824.245710146442,1178.607188839749,981.3938033934728,135.63866631440317,764.9969574745116,764.8668903641526,474.4711176146076,1788.9182508924807,274.1734484960244,909.7448808846644,956.7343102241306,283.0786307081644,130.8570699282973,823.8651247498493
2026,11,23,1,5100.966742730168,18611.578981005845,1001.0936869251336,967.7422790157711,135.63866631440317,196.3492237026384,196.3158398101945,325.64633404447375,869.6894954422424,274.1734484960244,801.4009616145429,852.0659540131157,275.5096767849784,126.0105025848258,883.4638913955546
2026,11,24,1,4003.516035644778,15110.051397744315,1226.081745254034,988.9780060459258,135.63866631440317,277.9488915612491,277.90163384499334,477.4181567948199,807.3066862652284,274.1734484960244,964.7767029293452,863.5140464943469,260.3717689385456,122.77945768918433,783.5483448516377
2026,11,25,1,3906.4490939518905,15041.483627125755,1001.0936869251336,996.5621683017856,135.63866631440317,451.3481959465494,451.2714563529616,474.4711176146076,280.7225405459498,274.1734484960244,1090.3180550474706,850.43050196797,273.9958926495163,129.2415474804673,837.8883843395413
2026,11,26,1,4308.583547920798,12557.04468049117,1122.8762061707262,1079.988235892094,135.63866631440317,328.9486941586333,328.8927653007633,200.39773754685808,422.0012187022025,274.1734484960244,827.1971293519011,879.8684951112733,257.3442006676213,121.16393524135432,853.6645273194897
2026,11,27,1,2218.672927959809,11976.504200681304,1182.7354019671177,920.72030336393,135.63866631440317,283.04889626673554,283.000771432162,253.4441900523191,295.40086518137434,274.1734484960244,868.4710051182828,819.3570926971736,207.38915796793373,121.16393524135432,825.6180466336813
2026,11,28,1,4445.269664671913,12554.759086572294,1098.1068852270878,973.8096007413214,135.63866631440317,280.4988735425453,280.45118227059424,378.69278654993474,1456.8216345716464,274.1734484960244,791.0825019056887,852.0659540131157,240.6925086857873,116.3174033757992,781.7954229678057
2026,11,29,1,4369.993262696798,11521.671339461896,916.4651280048942,925.2708249554624,135.63866631440317,420.7483306853228,420.6767937739326,316.8052586269612,255.0355228083926,274.1734484960244,231.5922680315813,641.0937536280294,240.6925086857873,113.0863584801577,830.8767737914831
2026,11,30,1,2621.563235011085,12482.775836178733,501.0840708993528,902.6133502762052,116.0656437972358,164.91221207280427,164.8841731967308,259.6134568259638,25.67283216023388,184.75857728044463,218.2924127778917,767.04227436705,237.6842230186467,113.072841393608,725.6663545926197
2026,12,1,1,2352.0994228229565,15604.548482687143,498.04722688499663,632.6425185985732,116.0656437972358,361.8223038784482,361.76078574942943,259.6134568259638,25.67283216023388,184.75857728044463,218.2924127778917,698.3519235830875,222.545085075128,108.22684169681716,683.5987699590066
2026,12,2,1,2787.504236093316,13432.036344079672,501.0840708993528,806.6598660460438,116.0656437972358,273.21276256594894,273.16631010075554,273.07490063238,25.67283216023388,184.75857728044463,549.5133850954079,637.8389766972716,202.8642290205932,100.15022283938144,690.6100340646483
2026,12,3,1,2516.518038635637,11162.44073750198,668.112094532601,754.617277102508,116.0656437972358,78.76403672222119,78.75064502104307,273.07490063238,223.72037726777995,184.75857728044463,731.0634926571819,614.9422170479772,201.3503119016904,106.61153211650398,681.8459250624442
2026,12,4,1,2518.040423905772,11669.43215526746,722.775835132563,857.0761000995602,116.0656437972358,187.06458721526343,187.0327819249654,419.22766494456494,324.5779379398694,184.75857728044463,813.7336701608666,677.090615978939,187.7250910770744,119.53415067073055,744.9473405064393
2026,12,5,1,2652.011115481001,11246.579768116551,780.476419746489,588.7315829153544,116.0656437972358,98.45504590277648,98.43830627630383,419.22766494456494,66.01584836918204,184.75857728044463,685.6759565340622,562.6067099782189,190.75292531494105,111.45749633537844,634.519882726295
2026,12,6,1,2018.695035387776,9975.865090887915,616.4852823078068,730.2223173224627,116.0656437972358,561.1937616457902,561.0983457748962,434.61214206428207,357.585841974695,184.75857728044463,748.8943275663831,608.4002651949763,190.75292531494105,113.072841393608,694.1156468706221
2026,12,7,1,2683.981424988002,11015.73684808173,699.9992730341299,699.3220591721199,116.0656437972358,305.2106422985572,305.15874945649205,434.61214206428207,357.585841974695,184.75857728044463,684.0549849716402,642.7454405869578,187.7250910770744,121.14946025104372,692.3628404676352
2026,12,8,1,2889.504661928493,11188.32965916387,672.6674238244499,824.5494870595,116.0656437972358,236.29211016658763,236.25193506305328,398.07396151692063,240.2243292850916,184.75857728044463,684.0549849716402,557.7002460885327,192.26684243390488,116.30349603216926,801.037530338368
2026,12,9,1,2606.339294775835,11386.811391908865,672.6674238244499,709.0800269258629,116.0656437972358,194.44872584371453,194.41566507969924,280.7671602536081,179.70982512163715,184.75857728044463,630.5625541059657,570.7841138763656,189.23900819603816,116.30349603216926,652.0480237434335
2026,12,10,1,2606.339294775835,10558.365851765326,672.6674238244499,709.0800269258629,116.0656437972358,246.13761475685249,246.09576569067085,398.07396151692063,658.3247157231241,184.75857728044463,883.4359643733205,590.4099335171993,187.7250910770744,117.91880561248244,634.519882726295
2026,12,11,1,4005.419805034916,12075.025308260088,870.0641828619441,782.2649062659985,116.0656437972358,145.2212028922746,145.19651194149563,294.22856193728524,139.36680891268895,184.75857728044463,624.0785939948679,415.4130806306633,172.58598637943103,109.84218675506528,720.4078968900834
2026,12,12,1,2743.354800658284,11037.310972941936,909.5435346692864,832.6811403195151,116.0656437972358,209.2169623576069,209.1813906530843,336.5359687925739,139.36680891268895,184.75857728044463,607.8687675790533,587.1389575908279,160.47468267377891,93.6889135622774,792.2734213361639
2026,12,13,1,3035.654523199289,9749.337014605377,657.483035032222,806.6598660460438,116.0656437972358,162.4508053679807,162.4231849877645,336.5359687925739,10.544196044386371,184.75857728044463,361.4792804918312,502.093763092403,181.6694558471556,93.6889135622774,627.5085801270777
2026,12,14,1,3037.176908469424,10564.838117392308,745.5523972306039,707.453712432135,116.0656437972358,44.30475028475069,44.29721745630162,342.3051529779548,10.544196044386371,184.75857728044463,497.64188886119047,580.5970416557379,181.6694558471556,96.91956820083868,618.7445096184491
2026,12,15,1,2198.3375914351213,9505.54965721491,736.441738647298,881.4710598796055,116.0656437972358,391.3588176492427,391.29227763228215,294.22856193728524,10.544196044386371,184.75857728044463,358.237337367247,511.9066549538644,190.75292531494105,95.30425862050696,636.2726891292818
2026,12,16,1,2743.354800658284,9175.465894282892,924.7278812813043,949.776914946578,116.0656437972358,182.1418145486261,182.1108462431153,476.91950679663887,10.544196044386371,184.75857728044463,497.64188886119047,596.9518853702002,186.211207203986,100.15022283938144,827.3297803577109
2026,12,17,1,2945.833267058505,10174.34682363291,736.441738647298,936.7662778099934,116.0656437972358,100.91641186459655,100.8992537491939,476.91950679663887,326.411705908433,184.75857728044463,440.907477939967,508.6357149454039,184.6972900850832,98.53491325906823,588.9466082995572
2026,12,18,1,3111.7742243743714,10191.606104740837,810.8451551507351,1075.004383229948,116.0656437972358,182.1418145486261,182.1108462431153,240.38282883435943,157.7045288985979,184.75857728044463,483.053034007538,492.2808712309415,172.58598637943103,96.91956820083868,685.3515763621122
2026,12,19,1,3111.7742243743714,10191.606104740837,611.9299530159578,808.2861805394698,116.0656437972358,4.9227319236401,4.921894945780092,315.3822653649296,74.26782437783783,184.75857728044463,491.15796568105753,595.3163974068855,186.211207203986,95.30425862050696,685.3515763621122
2026,12,20,1,3228.998634211751,10968.273801559631,443.3834862854266,772.5069385122557,116.0656437972358,251.06034668048,251.0176606364384,476.91950679663887,74.26782437783783,184.75857728044463,424.69765152415226,449.75825602264456,242.2259411296017,90.45825892371612,632.7670378297325
2026,12,21,1,2448.0102638106446,10968.273801559631,569.4137150140498,736.7276560890517,116.0656437972358,221.5238329096855,221.48616875358564,199.998497414918,74.26782437783783,184.75857728044463,293.39799477250403,588.7744455541426,190.75292531494105,92.07360398196424,588.9466082995572
2026,12,22,1,3018.908197693904,9419.25325167336,570.9321581113328,549.6996715049966,116.0656437972358,236.29211016658763,236.25193506305328,442.3044016855102,74.26782437783783,184.75857728044463,424.69765152415226,426.8614604554394,175.6138206172977,88.84294934340296,583.6881505969023
2026,12,23,1,2409.950413223104,9419.25325167336,611.9299530159578,741.6066399659233,116.0656437972358,201.8328237291558,201.7985074983505,488.45791728994703,293.40376157397634,184.75857728044463,453.8753612311976,505.3647390187744,172.58598637943103,85.61229470484167,581.9353441939154
2026,12,24,1,2409.950413223104,10170.032026830266,833.6217172487761,940.018947193137,116.0656437972358,93.53227323613896,93.51637059445356,532.6883574585365,331.9130098144076,184.75857728044463,348.51143413130563,523.3550706965515,171.07206926046723,88.84294934340296,687.104382765099
2026,12,25,1,2411.4727984932388,10223.967292030668,815.4004422623741,751.3646481156559,116.0656437972358,19.69100918055529,19.687661255260767,567.303462569858,333.74681808288585,184.75857728044463,405.245845052529,471.01956362679306,175.6138206172977,88.84294934340296,631.0142314267457
2026,12,26,1,2492.159699245676,13453.610468939878,693.9255428255999,735.1013415956257,116.0656437972358,398.742915534684,398.6751200509335,515.3807627800404,31.632588133159107,184.75857728044463,337.1645593334616,500.4582751290882,175.6138206172977,83.99694964661212,683.5987699590066
2026,12,27,1,2371.8905626355627,12370.590508975292,856.3982371669991,661.91646225549,116.0656437972358,125.5301937117449,125.50885068626046,434.61214206428207,31.632588133159107,184.75857728044463,424.69765152415226,495.55181123940207,171.07206926046723,85.61229470484167,634.519882726295
2026,12,28,1,2575.891414305919,7852.97337372952,854.879836249926,809.9125354291874,116.0656437972358,231.3693374999503,231.3299993812032,436.5352175001293,31.632588133159107,184.75857728044463,504.1258489722881,526.6260466229229,175.6138206172977,88.84294934340296,687.104382765099
2026,12,29,1,3232.0434047520203,11026.523910512313,952.0597726711942,865.2077533595753,116.0656437972358,120.60742104510756,120.5869150044104,413.4584807593768,31.632588133159107,184.75857728044463,390.65699019913615,546.2518303458456,177.1277044903861,90.45825892371612,631.0142314267457
2026,12,30,1,3548.7014666818154,7380.500518180853,815.4004422623741,951.4032698362956,116.0656437972358,22.152375142375345,22.14860872815081,415.381514072485,352.08453806872046,184.75857728044463,609.4897391412154,449.75825602264456,175.6138206172977,88.84294934340296,683.5987699590066
2026,12,31,1,50810.200481381486,60571.12597509484,26459.66656939748,34929.95756000055,6375.637867013802,19794.377588814048,19771.97430627053,18543.12269998677,46039.24617841029,7613.986194859451,15441.033516148786,12975.862274091043,4472.013999288142,2025.096416296072,1618.6737224155015
2027,1,1,1,34459.18936471565,35258.0040192016,26459.66656939748,16494.59008556347,6375.637867013802,6472.691961581594,6465.366166861259,7382.527859513208,13031.251755530364,7613.986194859451,7202.986110956383,4637.621025365948,1466.1069311385968,733.4868750440222,1022.2132910816272
2027,1,2,1,26848.26463188177,29340.49035766008,26459.66656939748,11783.867523419014,6375.637867013802,4823.916104177257,4818.456394471144,5155.531687474191,8009.582933666218,7613.986194859451,5117.803089328781,3680.4823885375695,1043.340640322096,482.0514186462436,790.538710518851
2027,1,3,1,28337.177778453675,42275.01389375843,26459.66656939748,9399.25332793137,6375.637867013802,2709.674684706553,2706.60787407863,4291.770260679266,5526.231677760758,7613.986194859451,4505.802572681236,2811.002484064664,867.8344549002578,369.94643797469774,671.6530564012927
2027,1,4,1,73283.22318430999,153126.47496257388,42896.93090757029,30370.54296813048,6375.637867013802,5392.146828458571,5386.043995046808,14312.541494610234,18892.91910276048,7613.986194859451,11926.480128655528,5629.112413228255,1546.5876590150726,632.5924047501624,778.3452997986484
2027,1,5,1,48924.105229683424,107247.21344624228,35080.79285513613,19700.302373287253,6375.637867013802,5050.603900477568,5044.887625455022,7332.722823219044,13084.808729366869,7613.986194859451,7569.912606914632,4206.434808686206,1391.4440823163843,788.7386284564475,971.4074651423148
2027,1,6,1,35883.638361094534,130494.14724538747,21700.09884776786,12136.9195126899,6375.637867013802,3397.2943087410986,3393.449250014665,4593.446389459832,7903.878415065934,7613.986194859451,5008.27278664262,2954.3363547800977,819.3520938554583,450.02143170569815,665.5563733533107
2027,1,7,1,41934.94733972904,243606.3703633952,23553.360720277007,15245.794702956116,6375.637867013802,3241.635365628547,3237.96648174102,5824.342054334372,7278.107723142263,7613.986194859451,5343.709316068348,2699.6521813307704,646.7548372830735,376.3524388800932,679.7819894440746
2027,1,8,1,82875.8995611902,278453.6074873418,58553.05849471596,39285.61067685378,6375.637867013802,8494.747022253601,8485.132665003855,16350.278553727869,32287.79436637173,7613.986194859451,40423.52496729343,27425.33900302307,10790.236717185488,4174.309069357905,3843.969059202339
2027,1,9,1,74857.39533919017,201643.29215774595,55705.1888488422,33610.55174436024,6375.637867013802,10651.303486686587,10639.248338177962,25945.572561519508,39364.35883916018,7613.986194859451,32082.79291084968,22072.23312455516,8683.192827818082,5527.576347341322,7998.869779400354
2027,1,10,1,59282.033060474016,194098.15338879032,46639.23197838484,29930.741029583496,6375.637867013802,9383.36313516446,9372.743041929283,7541.903938159959,17616.008645591886,7613.986194859451,10476.572838553604,6434.625155723586,3403.462514138429,1879.3599396644213,3165.203161287396
2027,1,11,1,67258.94756624351,256117.77305247268,44588.00257773241,33543.9762233683,6375.637867013802,6117.547763123266,6110.62392071419,8516.659456551604,12388.568348059194,7613.986194859451,10032.975136728555,9166.26093105039,2172.010265980621,1100.2303125660558,1959.0727740582536
2027,1,12,1,66221.28324593385,187711.19200198565,40924.411500815215,29815.746959862765,6375.637867013802,4524.688221158534,4519.56717766095,7732.586037834638,11296.288425696635,7613.986194859451,8463.953631931667,5144.620215226707,1719.1849155874572,827.975362018941,1585.1418764030634
2027,1,13,1,87421.65950676074,292651.3163851418,80770.73497886468,45646.59924755221,6375.637867013802,11653.263497747714,11640.074330595442,15635.932173324423,18626.54372455468,7613.986194859451,11215.902321550198,6349.335554390991,2320.36632067525,1088.2190740582716,1974.3145263023875
2027,1,14,1,70548.6969562052,218216.0364463742,70512.20288880315,36654.86882568154,6375.637867013802,9471.01575963114,9460.296461129075,14234.276442040156,22678.549889156053,7613.986194859451,12810.937271731636,7532.728506229766,2996.210595940611,1374.8875178492822,2291.342914970284
2027,1,15,1,54465.93973431546,141282.18227740694,51605.1152162413,24830.65248966818,6375.637867013802,9383.36313516446,9372.743041929283,19197.70304308637,22950.562797941868,7613.986194859451,12307.097897415835,8871.301139987418,2846.884876940765,1135.4633175457195,1763.9784033439062
2027,1,16,1,41119.78818132411,98466.68567313836,1307.062457394482,17475.065972155375,6375.637867013802,5857.612424265344,5850.982776751427,8523.774452809273,12604.205548670496,7613.986194859451,8433.83279568629,5823.383134242355,2187.524617243884,1033.768083948853,1700.9791666843914
2027,1,17,1,34866.76889890013,76340.86746867961,1307.062457394482,13692.36583583334,6375.637867013802,4146.875249818326,4142.1818151560055,5716.193998735253,7858.77782995518,7613.986194859451,5020.594959225106,4359.245307552956,1688.1561917055774,757.5093696460449,1123.824942960132
2027,1,18,1,30583.024435689586,65784.4678452628,1307.062457394482,12637.24464814111,6375.637867013802,3859.737403746392,3855.368951785125,4868.085551208788,7527.570385800841,7613.986194859451,5902.313841727227,3684.0361240941497,1522.3464784926728,648.607389427208,1212.227092589183
2027,1,19,1,24883.148829309863,52809.79420332698,1307.062457394482,9835.02039841098,6375.637867013802,3031.571340607156,3028.1402072467,4054.1291294626094,6387.37108208552,7613.986194859451,5191.736034621593,3242.188700744406,1288.6614384616803,590.1526531485281,1022.2132910816272
2027,1,20,1,21495.66351617102,44004.55859452298,16292.962757772471,8703.236497571383,6375.637867013802,2561.5720104681354,2558.6728224917224,3769.5289667038,5763.009788282573,7613.986194859451,6159.710034999009,2820.47911221598,1141.2750480723332,490.8596742877732,903.3276369641886
2027,1,21,1,20447.60176680372,46845.95346006434,14308.517589402594,7751.004775398066,6375.637867013802,2454.2731139211705,2451.4953668683306,3231.634693459874,4221.133351028912,7613.986194859451,4414.070933657964,2581.1944334979494,1130.6089115581171,450.82217742227294,895.1987039214066
2027,1,22,1,18064.50895597205,41156.986820925245,13414.086164461394,7799.423368100159,6375.637867013802,2336.395447698476,2333.751114623929,3100.718631089211,4791.937701947075,7613.986194859451,4100.540458755954,2414.1690184188506,890.1363495230001,405.179442954384,842.3606502994736
2027,1,23,1,16348.931675872229,38355.7421290486,11827.96109822605,7186.121574975257,6375.637867013802,1869.418618361051,1867.302809803225,2696.586424968133,4288.7842441711855,7613.986194859451,4464.728694140215,2305.18787272259,897.8935358323416,369.94643797469774,801.715985085564
2027,1,24,1,16471.621428787854,33392.566527302646,11486.884594510537,6532.470969256004,6375.637867013802,2017.5212925993528,2015.237861390017,2848.8474761116267,3522.074204431229,7613.986194859451,3922.553731924652,2165.407737563998,757.2946460916331,355.53294473077943,769.200252914556
2027,1,25,1,16003.736716033542,29423.879159018423,10077.260660940552,6389.232735116693,6375.637867013802,1825.5923061277108,1823.5261002033296,2309.530216114577,3437.510595741177,7613.986194859451,3472.110378664789,2075.379822155875,798.9894851323082,345.12319765612256,764.1196837078845
2027,1,26,1,13371.105382729113,29541.241090334937,10554.29075697243,6316.604890036705,6375.637867013802,1745.495950535165,1743.5203976902758,2480.290282524132,4177.442164038881,7613.986194859451,3713.077038561134,1891.7703078120385,773.7786616601123,368.3449465415704,737.7006345848586
2027,1,27,1,15494.262242030372,24991.9208378744,9333.09371768261,6128.982975235992,6375.637867013802,1740.962216203034,1738.991794640033,2534.364310323778,3220.464027960871,7613.986194859451,3595.331984220582,1932.0459514404413,793.1716060780452,367.5441832385637,704.1687885724205
2027,1,28,1,15047.17243240966,29019.289239642683,9693.2514481725,6425.546635670032,6375.637867013802,1620.0620491787436,1618.2284624613576,2222.7271492879418,3216.2358335981376,7613.986194859451,3566.580278262048,1862.1558708538987,789.2930129233744,359.5366909000408,753.9585006703026
2027,1,29,1,12154.605147574826,31286.228129064104,9373.64129898346,5352.268519687948,6375.637867013802,1570.1907353423285,1568.41359299303,2460.368280504773,3252.880060935144,7613.986194859451,3283.170639605718,1933.230529959389,760.2035962965077,342.7209429199885,708.2332662498411
2027,1,30,1,11713.753750370222,19528.412699283,8641.400076388465,5489.454473712848,6375.637867013802,1420.576793832967,1418.9689845879327,1896.8599957371168,4036.5028162225967,7613.986194859451,3299.6001729814616,1872.817077524162,699.1158128378997,316.2961935818541,674.701420237403
2027,1,31,1,12608.4586432623,20605.545208796382,6613.215566959619,5165.431090499378,1416.3643664499218,1451.8443809085152,1450.201182998969,1788.0160070660309,2622.869010522807,1972.873996395017,2939.475098950056,1763.7077314778617,558.653704577102,285.31187868650653,645.0043491730836
2027,2,1,1,11804.107931092753,22932.67934573875,6250.137056250811,4889.183100937952,1416.3643664499218,1550.1703494556346,1548.4158661851395,1958.168221727945,2631.3253373445555,1972.873996395017,3047.634647696249,1763.7077314778617,677.5750468215721,273.9297598422056,628.4906975520032
2027,2,2,1,11593.09643913107,27071.187530867617,6224.20287691438,4919.651616265017,1416.3643664499218,1454.9170537186114,1453.2703781570492,2033.3187761732747,2620.050245233079,1972.873996395017,2884.7107594335384,1683.4822260765593,591.8410559011144,270.8945164261085,606.1486654879884
2027,2,3,1,13985.256387937012,25449.33970108918,7089.292996069346,5529.022186647158,1416.3643664499218,1335.0822742800551,1333.5712277581158,2272.9497829199954,3282.4620692962726,1972.873996395017,3263.953715121368,1719.834413495735,605.6691189528242,262.5476234114949,624.60511802744
2027,2,4,1,20990.41986301465,32713.477920363413,10936.81365699996,10269.925150344305,1416.3643664499218,2329.096382066189,2326.4603100763334,3513.6428781299983,6015.26326659894,1972.873996395017,5406.6078860813805,3003.442603975857,927.4020312665818,376.3688470271903,756.7144425568595
2027,2,5,1,15153.131805398658,35407.23661208948,11338.793395761562,7793.849430726322,1416.3643664499218,2244.5974749048546,2242.057038803688,2726.688959527077,4137.959919284372,1972.873996395017,3975.8899183640046,2197.426919644338,746.715362079991,344.4989142632055,768.3711588184898
2027,2,6,1,13765.888011890582,30296.2411638919,8486.033750667662,6642.139067655215,1416.3643664499218,1872.802411608276,1870.6827732722293,2759.301483741252,4533.997634172652,1972.873996395017,3603.492523907972,1989.341986556128,514.4039028117087,304.282070898153,680.9458761049206
2027,2,7,1,13218.511631640346,27518.59379365361,7674.664454967381,6274.485488138958,1416.3643664499218,1445.6990015480296,1444.062758980703,2360.861755808419,3096.423003024394,1972.873996395017,2955.904391784617,1896.581228863566,572.4817676288118,283.03545491763293,659.5752445000314
2027,2,8,1,12481.01608218612,26244.728695609523,7717.270612584639,5921.050578424744,1416.3643664499218,1608.5513690293988,1606.730810103288,2151.007360849933,5389.49548416075,1972.873996395017,3169.485258771197,1841.4262020297656,621.3409237447534,279.241409440722,689.6883909890537
2027,2,9,1,12775.596460014283,29016.16205700505,7467.19102027675,5975.893949986774,1416.3643664499218,1673.0778017042871,1671.1842117421536,2426.0867417454115,2814.5456383267065,1972.873996395017,3191.3909825507144,1774.9894403295357,607.5128606930435,283.03545491763293,648.8899286976467
2027,2,10,1,13272.83144571938,24663.271685921507,8287.822517032228,6000.268762248426,1416.3643664499218,1780.621822421873,1778.6065141045551,2380.7128303339086,3447.360349465639,1972.873996395017,3328.301786240955,2080.849200809104,556.8099628368827,288.34710451614944,709.116243987631
2027,2,11,1,13045.106185588207,22162.14625093777,7180.062623746854,5533.084670015312,1416.3643664499218,1683.832190279859,1681.9264284974824,2321.159575511847,2655.2849196890784,1972.873996395017,3414.5556112076306,1950.482764287554,609.3566024332628,282.2766352703872,735.3438332641497
2027,2,12,1,12326.41361407042,26052.09543886573,7113.374710623546,5628.552699364662,1416.3643664499218,1531.7342113740626,1530.0005941302263,2292.8008574454857,3188.0331689914697,1972.873996395017,3046.265517409407,1554.369280964822,529.1538367335281,269.3768947180711,624.60511802744
2027,2,13,1,11981.691841696427,24159.93961485113,6811.426800595054,5492.4599682546805,1416.3643664499218,1540.952263544645,1539.2082133065726,2070.185075289498,3376.8910005533585,1972.873996395017,2676.606353459486,1677.2146129384384,548.5131250058959,272.4121381341682,689.6883909890537
2027,2,14,1,11348.657365812072,23330.373809086017,7041.129526009504,4990.744877326026,1416.3643664499218,1430.3355700169625,1428.7167157860906,1934.063309809224,2490.386639519712,1972.873996395017,2814.886257368996,1791.285244894762,388.1076149617824,251.92430662800788,661.5180231063433
2027,2,15,1,11281.802248114393,21752.023837730827,6440.938512661023,4939.963989132149,1416.3643664499218,1445.6990015480296,1444.062758980703,1951.0785343999569,2349.447941694868,1972.873996395017,2795.7187340280184,1736.1302180609616,585.3879598103468,243.57743119982612,614.8912026841812
2027,2,16,1,10930.812846440936,23243.37816006533,6226.055341697019,4661.684779873463,1416.3643664499218,909.5152006246838,908.4858110454564,1756.8214390649127,2729.982401060656,1972.873996395017,2758.752817633209,1899.0882897277204,466.4666389212978,233.71291647715304,645.9757496322093
2027,2,17,1,12084.063750517682,16783.94984683685,5429.505559495334,4503.248412225779,1416.3643664499218,1050.8587909549085,1049.6694286573838,1756.8214390649127,1999.919993374628,1972.873996395017,2669.760792227689,1811.341627748711,503.3414523703929,225.36602346253952,569.2357827211446
2027,2,18,1,10084.677713846972,16802.591737714916,5442.472649163549,4454.498787702474,1416.3643664499218,1033.9590230188503,1032.788787883789,1721.373064915981,2617.2314489910686,1972.873996395017,2587.61432805427,1677.2146129384384,467.3885097914074,223.848419340934,616.833981290373
2027,2,19,1,9244.81021055247,18809.70608097804,5068.2795135687575,4551.998080722395,1416.3643664499218,1006.3048327666972,1005.1658966525292,2019.1394015172984,2085.8925978096827,1972.873996395017,2676.606353459486,1548.1016678267008,460.9354137006399,220.054373864023,594.4919715384176
2027,2,20,1,11062.433872068656,24054.302074953823,6189.006496522754,4675.90340570155,1416.3643664499218,1173.7662432036766,1172.4377742145132,2114.141061733883,2900.518242761761,1972.873996395017,1852.4032707449696,1223.439041918013,457.2479302202013,223.08959969368823,472.096562352257
2027,2,21,1,11029.006335728984,18592.21692451488,5183.130855800056,4623.091297810091,1416.3643664499218,1310.5007905784062,1309.017565387157,2070.185075289498,2937.162284387048,1972.873996395017,4125.122714230997,1969.2856037021788,526.3882241231992,236.7481598932724,828.5974741083542
2027,2,22,1,13126.585861688429,28677.50037244919,6526.1508278951305,4807.933697416688,1416.3643664499218,1378.0998960631605,1376.5401621838723,1761.0752452125528,694.1230496449627,1972.873996395017,3016.145162246395,1954.243316561521,386.2638732215631,234.4717185379669,707.1734430692599
2027,2,23,1,14618.290818803038,38554.61557544575,7409.765349161304,5331.992380909736,1416.3643664499218,1505.6163912673078,1503.91233418017,3098.187925606432,694.1230496449627,1972.873996395017,4067.620174275636,3660.288986356445,625.0284072251919,250.40670250640235,828.5974741083542
2027,2,24,1,10556.84200227881,29398.321599982726,6520.5935154521385,4525.592004790172,1416.3643664499218,1603.9423598144274,1602.1270173663404,2506.909058551611,3282.4620692962726,1972.873996395017,6815.420130019239,4941.390115972413,1138.510439166791,447.6968210954362,757.6858430159853
2027,2,25,1,16038.962238687447,36876.84200521164,7739.499903308459,5941.362951291878,1416.3643664499218,1235.2199693279451,1233.8219469929625,2515.4166396013,3040.0475424656,1972.873996395017,4260.664417701663,3093.696300804265,645.3095663676693,331.59917371086715,688.7170128419874
2027,2,26,1,14741.554960346008,50445.05913054962,10827.5195862598,6357.766155331117,1416.3643664499218,1929.647128517573,1927.463153313731,5022.32569815291,5768.620576357252,1972.873996395017,5565.42444361871,3567.5282286638835,935.6988690975684,314.9053876816401,836.3686108454211
2027,2,27,1,17131.62565436736,59834.37725067121,16127.354249073796,8565.718808150668,1416.3643664499218,1865.1206958428,1863.0097516749809,5376.809439641533,1360.058353534669,1972.873996395017,5004.090106394459,2112.2520690717,888.6834547218464,415.0680686842055,839.2827899108587
2027,2,28,1,17131.62565436736,59834.37725067121,16127.354249073796,8565.718808150668,1416.3643664499218,1865.1206958428,1863.0097516749809,5376.809439641533,1360.058353534669,1972.873996395017,5004.090106394459,2112.2520690717,888.6834547218464,415.0680686842055,839.2827899108587
2027,3,1,1,12481.174771731192,44508.18272407603,13623.836941178037,6419.351090189658,5418.153487191376,2127.8720441156115,2125.463717892326,4212.328530358104,6869.386291820659,9736.779342408729,6382.871506552996,5027.588097951144,1647.2818920561594,813.5014593588794,904.2149209308856
2027,3,2,1,10327.022445311866,27926.460723161665,9655.76548109958,4988.798922068406,5418.153487191376,1233.549008636505,1232.1528774953383,2762.695723651525,5197.845041726751,9736.779342408729,1835.999715815901,3316.2767964880754,959.7799480189032,474.3597963291372,832.0809232501477
2027,3,3,1,10581.164000025145,23245.289291483263,7469.200617973257,4896.115244988117,5418.153487191376,1483.3426849942707,1481.663837294631,2554.995618528464,1571.4742930253624,9736.779342408729,9379.89121009606,2967.9027249842275,951.0281542711296,420.27254652666113,971.2690633909727
2027,3,4,1,12557.820651729871,25400.60432383449,8611.240057749146,5373.637617540564,5418.153487191376,1501.8459327765042,1500.1461430954266,2550.7278143554604,7290.795091908509,9736.779342408729,5722.952151485587,2994.7947515454825,911.1588621508176,385.188920755386,944.8538073193672
2027,3,5,1,14478.001382379522,33219.02525435181,10972.205050928023,5772.580344138005,5418.153487191376,1639.0782526065566,1637.2231433443778,3308.9754076802533,6247.843546644001,9736.779342408729,4104.6436702139845,3763.6624593529255,958.8075288641828,385.9198307247757,898.1190857414011
2027,3,6,1,14227.89382845891,37356.736145594994,9061.304884397192,5139.913585237679,5418.153487191376,1503.3878700916323,1501.6863352454352,3610.5672983446,5620.663239935606,9736.779342408729,4529.073127074205,3043.68937130788,972.421418385558,378.61074861733306,836.1448208137838
2027,3,7,1,12225.016216621932,42896.32816433566,8264.315113655446,5963.992239092696,5418.153487191376,1390.8265135640347,1389.2523756952091,5048.819304338541,3734.8940635434014,9736.779342408729,3585.744434026791,2745.4322453881427,935.4694050848929,331.83258092229954,867.6399321060397
2027,3,8,1,14213.77487070396,47345.91132643508,7863.007315695441,4730.896550693883,5418.153487191376,1409.3297613462682,1407.734681496005,2304.617440430472,4631.268637555603,9736.779342408729,2489.073449516065,2805.328135736485,628.1842474673126,319.40712902915146,856.4642416960252
2027,3,9,1,16894.363310115776,61420.30405741481,11215.990153418008,7450.960575687425,5418.153487191376,1603.6137280977414,1601.7987575951308,5210.996081628858,5276.771088884502,9736.779342408729,6273.341324137426,3615.756274244021,793.4958881657802,303.32714487548685,906.2468808686732
2027,3,10,1,39922.41316517495,164226.98055803825,54317.19700263759,35560.303754173925,5418.153487191376,11896.03835642369,11882.574416612924,22701.904284437835,41715.24329290512,9736.779342408729,42343.00028759986,39432.27918627324,24555.5857059347,17014.09432254985,21895.20884843627
2027,3,11,1,35821.85914797373,78227.43864071778,42191.70086157715,22379.074927723057,5418.153487191376,12486.5999432541,12472.46760566069,21918.049834829777,44948.39308012992,9736.779342408729,39133.76587066047,25774.79274241481,12514.091252125309,7768.098386895263,21905.36855887733
2027,3,12,1,48065.02832314327,75145.7703944034,52351.91398224045,37871.350744624,5418.153487191376,13256.026157424529,13241.02298300914,21563.82158854746,38576.52287026513,9736.779342408729,22556.37240726113,15928.640999820733,9370.252800035296,4523.594379061746,12145.9432033888
2027,3,13,1,85232.22416930509,197597.3101485161,62054.56125792159,50631.47332302194,5418.153487191376,9344.133820555797,9333.55812707076,14611.559029699709,26778.48577306924,9736.779342408729,13109.393993509788,11514.680235505826,6291.566580798841,3522.249356539752,8185.685012237188
2027,3,14,1,143097.8388247691,381759.4112579165,87743.8856611151,75639.94350422136,5418.153487191376,12796.52914116354,12782.046025610174,19233.597323079488,28860.16070018752,9736.779342408729,24256.82852534448,18611.73262517336,8908.352633776527,4387.64533579296,9429.234520720329
2027,3,15,1,134640.57228027642,337495.16831344605,90978.72649771096,63240.48123825094,5418.153487191376,17029.144203407555,17009.870612846225,20486.910856621063,39351.689577298544,9736.779342408729,29803.163260691646,29185.19167088928,16611.87511595061,9716.701164550344,18646.130945962435
2027,3,16,1,88830.54607826771,153086.03958084492,49914.06291638591,37857.24671349904,5418.153487191376,10525.25699421661,10513.344505166297,12789.20411696718,22648.961411832235,9736.779342408729,17375.59467677329,14191.660049647377,6809.867207518812,4653.6961249890255,9931.124609202509
2027,3,17,1,70110.80087604788,121062.01000099308,36398.991682941305,28167.774164575487,5418.153487191376,7458.345766221844,7449.904408227223,9828.766570835807,15146.75718986716,9736.779342408729,13618.709347755748,10528.23153349192,5238.434201728845,3127.558623768776,7669.57131575019
2027,3,18,1,56116.87864335866,110041.49492397836,29404.23438548419,23461.05595295292,5418.153487191376,6520.8484859176415,6513.468187628495,8673.612627008175,12656.358014797795,9736.779342408729,11328.159368901515,8722.798100042459,4169.743052117257,2344.7553303648338,6981.758387861398
2027,3,19,1,56445.64907767463,134108.15067939338,28204.061541723288,24855.34065644067,5418.153487191376,5378.273711396014,5372.18657958234,8649.428382531109,12514.00923790879,9736.779342408729,12215.35384045446,9044.280170999808,4186.274220458149,2173.722678911206,4068.967177657193
2027,3,20,1,52869.51417306922,169649.2345880184,29284.217109298752,28089.194562593795,5418.153487191376,6346.60970426353,6339.426609480172,9006.501821180233,7917.975429568905,9736.779342408729,13138.145669400445,9443.993591953224,4636.505335504983,2395.1880303203843,6657.663388282796
2027,3,21,1,25180.185226100843,121228.75355508922,28783.520019854142,23245.46571892659,5418.153487191376,5624.983513123292,5618.617155081384,8071.851426240089,6247.843546644001,9736.779342408729,12723.300094481148,8757.024341680511,4390.482712766722,2139.369963109298,4336.167767528828
2027,3,22,1,42637.29056630295,96078.26456239755,23943.447991418256,19189.54802050759,5418.153487191376,4818.550870869328,4813.097233535897,7330.675080852727,11785.352545058844,9736.779342408729,10046.656186530712,8524.774943334949,4451.745269001463,2228.540838683049,4791.323134432924
2027,3,23,1,39230.58333482751,88145.59341888761,22497.61481105926,18095.47782574256,5418.153487191376,4494.744237123152,4489.657084235758,7307.913416936268,9410.523675436518,9736.779342408729,9509.958286680934,7515.101296283435,3736.04310541138,1947.8718676856893,4228.47473868014
2027,3,24,1,36723.45661435665,83405.75295891675,21261.81182307373,16465.454272335766,5418.153487191376,4141.6408281290205,4136.953317786752,6017.612163907608,9094.819424900952,9736.779342408729,8061.421600180511,6616.662863015336,3166.204135359161,1640.1592805802966,3730.6485477617134
2027,3,25,1,32606.76659398616,73339.38168821605,18116.98394361693,13991.203405207616,5418.153487191376,4494.744237123152,4489.657084235758,5427.231795097925,8185.760298751987,9736.779342408729,6634.790938135928,6038.484122853362,2891.008873913353,1445.0066353097395,3173.8959871984152
2027,3,26,1,28371.0737753352,65678.44084883807,15562.86615169567,12463.937836827146,5418.153487191376,3062.2854497895573,3058.819554191037,4956.350068112444,6896.164794214911,9736.779342408729,7768.428350191702,5542.203840226377,2723.75239490551,1275.435803794869,3162.7202967884
2027,3,27,1,26654.609724550028,61482.06092930243,14591.47625090137,11208.678670946483,5418.153487191376,3142.466122698305,3138.9094785899283,5007.563811924218,5397.978986815561,9736.779342408729,5870.817891733047,5291.618982232568,2328.9492998097385,1169.4540340980852,3287.684828924409
2027,3,28,1,37651.27504087044,95395.85106021551,17353.749042040257,13991.203405207616,5418.153487191376,2729.22719215238,2726.138251990615,5898.113490837814,7069.520236909469,9736.779342408729,7632.884752459156,4929.7988844408455,2347.4253064600707,1115.3667842956092,2762.427401965424
2027,3,29,1,32923.43507094317,97958.76151484888,17858.19668160316,13890.460325743426,5418.153487191376,3615.8405747959055,3611.748165339434,6013.344359734779,10271.663389280717,9736.779342408729,9047.19327198852,7663.007481392338,3273.1704986424697,1636.5047307333482,4247.778201905487
2027,3,30,1,29081.05660924788,86521.38755259523,16866.17883705988,11412.179735436994,5418.153487191376,3406.1372348925725,3402.2821677396446,5694.681221133174,9395.020327058024,9736.779342408729,8264.052431635602,6557.989324503465,2795.7115831974643,1671.5883565046456,2006.5443516474704
2027,3,31,1,27193.147794900106,78289.19558043123,14910.272151007452,11498.81882774921,5418.153487191376,3147.091934643805,3143.5300550400693,4755.7629907746095,6601.601453589577,9736.779342408729,6986.656670193503,5591.098459988774,2261.8522286467414,1267.395811718059,2566.3448298054527
2027,4,1,1,24740.066952086992,73669.37548936556,12353.743636319885,10135.493954484462,2456.5879937989043,2625.9078434953726,2622.9358402036755,4380.1209529258185,6512.800303040905,6145.737752023399,6155.60071980873,4957.500982167178,2270.588795978437,1299.678867508209,2466.8085348350546
2027,4,2,1,29317.56908349658,68960.04456006712,13087.795798345103,10094.9519667059,2456.5879937989043,2314.3594427028547,2311.740049985429,4284.6220503574295,6762.262656179764,6145.737752023399,6110.419510542024,4854.441818551814,2165.5679757335256,1237.2174129521688,2720.8044641758097
2027,4,3,1,26962.727918758665,62153.90342011882,12467.68047891456,9928.72984319718,2456.5879937989043,2888.3451359141814,2885.076106015528,3825.6572047073855,6793.269291033032,6145.737752023399,6722.419846783836,5062.929328835194,2179.181779833217,1221.2016368854,2702.5167577987017
2027,4,4,1,24742.10051922177,55823.32749797007,11821.415695360414,8959.77666068917,2456.5879937989043,2909.8312395013963,2906.5378916242025,3596.1747975051608,5750.319231463124,6145.737752023399,6083.036934870635,4398.375420699311,1833.002076991128,1091.4739896773267,2750.267994835288
2027,4,5,1,23157.9716195284,55841.8559838817,11191.961266974437,8586.7904698668,2456.5879937989043,2831.5604432168834,2828.355682250604,3634.6594308162025,6594.545022632947,6145.737752023399,5685.989722937603,4123.550993062908,1803.8296304823707,1004.9888974007704,2664.925365075773
2027,4,6,1,22706.525387973008,53528.87969731412,10343.972221402282,8264.481741780895,2456.5879937989043,2670.414733793996,2667.3923575903937,3274.044210571057,4656.631056202727,6145.737752023399,6057.02348948609,4246.748147588126,1817.4434559374176,968.1526423441244,2888.441783787976
2027,4,7,1,25671.428994933984,86614.6312590792,11875.582404447006,10405.098089663352,2456.5879937989043,2526.1509436237607,2523.291845221518,3466.467345880497,5311.998334867219,6145.737752023399,6093.989947098709,4315.454274008293,1757.1537246104613,944.9298030995004,3474.6644124464424
2027,4,8,1,30216.39445735612,96965.894931709,11944.691605959077,10798.35523040185,2456.5879937989043,2641.2550458831915,2638.2656726231885,3423.706659560283,5691.124757998601,6145.737752023399,6254.177980199245,4193.441698002022,1814.5261984733213,951.3361029743488,3614.870161337039
2027,4,9,1,30379.077802293355,83440.07905504828,13190.52575114536,11382.15970490566,2456.5879937989043,2888.3451359141814,2885.076106015528,4013.804287007653,5227.434819033167,6145.737752023399,6978.446819565758,4648.323491320822,1704.6433251657163,961.746342469276,3611.8221991182377
2027,4,10,1,39865.54932133568,81182.68829403998,18347.56930799325,14256.58578533173,2456.5879937989043,3717.094537220613,3712.8875284988335,5513.279468490824,8421.117032738866,6145.737752023399,9236.13935532102,5702.60685394169,2220.9956326423667,1106.6889672682255,3616.902121274946
2027,4,11,1,52030.19508283659,86055.68768511638,25734.786759688424,19200.67971304104,2456.5879937989043,5667.725070768329,5661.310337818547,6957.165742135076,10898.828096194542,6145.737752023399,11851.174354755442,7076.728992123185,2680.947885410942,1218.7992766306302,3587.438590615468
2027,4,12,1,60603.60643815126,76266.455633522,28400.16202616375,20526.40230884945,2456.5879937989043,7133.383725442487,7125.310159583933,9157.916397989393,12943.855855538051,6145.737752023399,12434.423015105987,7997.153915504566,2599.265018101953,1273.2528695329445,4863.514184068901
2027,4,13,1,56076.94285484847,82998.4827619994,24526.30896842057,17984.420431467188,2456.5879937989043,6402.85650714295,6395.609752211078,8678.99658622038,12743.722189017246,6145.737752023399,11237.804888226789,7866.849237836675,2456.320043022129,1173.9551599202366,5378.617947156967
2027,4,14,1,49040.88894037163,75985.43982300429,21261.36429936085,15712.042689263815,2456.5879937989043,5397.614160285406,5391.505138945827,7608.553723094559,10904.46565772656,6145.737752023399,11439.066739733506,7273.370613158593,2213.216322115576,1045.8290744910628,5264.827766706928
2027,4,15,1,45868.56405173363,73406.88816475803,20209.78316997984,14678.222308720657,2456.5879937989043,5234.933733997916,5229.008834414026,7277.870998896516,9955.94486988518,6145.737752023399,9738.609418944245,7159.650164828959,2246.2784238877944,1009.79361791031,5489.360165388084
2027,4,16,1,45911.26846635696,63364.43306542558,22096.27863334733,15241.755789335024,2456.5879937989043,5267.1628556381565,5261.201479124644,7946.36325438405,10607.08395418694,6145.737752023399,11296.677400363124,7532.795389975688,2487.4373064849724,1061.0440520819614,5353.218336373184
2027,4,17,1,47165.96358692531,58824.94689552776,22707.054884773894,15643.121362808142,2456.5879937989043,5790.50275735158,5783.949064578978,8210.054241887969,11375.20258729646,6145.737752023399,13008.087763448031,8155.888711758684,2465.0717727037054,1098.681088028068,5732.180270446468
2027,4,18,1,42096.34442149012,60356.63743807104,18937.79960162181,14167.393421013305,2456.5879937989043,5196.565711158165,5190.684236514132,7121.081774061434,10530.97679612692,6145.737752023399,11063.92561239176,7808.804422145533,2376.582014022647,1027.410955755956,5469.0404990731895
2027,4,19,1,38281.42042164161,53229.335400886215,15749.435462190597,12136.240431338392,2456.5879937989043,4473.712043441926,4468.648694797703,6056.340356608633,8650.847905040217,6145.737752023399,10911.952361012578,6972.485249988872,2118.8920698616166,939.3242841140902,5452.78475263411
2027,4,20,1,34989.11655767206,53448.58945604927,14417.681719372224,11096.3387922048,2456.5879937989043,3945.767991134463,3941.302169728364,5672.919416162416,7878.501108519681,6145.737752023399,9846.770561275687,6766.366922757881,2029.4298920258373,899.2848879132363,5166.277330414956
2027,4,21,1,36044.52466510183,48242.07677596994,15824.148170027447,11771.362673250322,2456.5879937989043,4062.406776518204,4057.80894329952,9293.325295287075,7548.703402957786,6145.737752023399,11789.563582045115,7344.445896616655,2199.602496660464,977.7621009496132,5412.14539769214
2027,4,22,1,41112.110308420575,49202.47148843559,20996.134260252664,14479.566630167994,2456.5879937989043,5552.621002249305,5546.336544119096,8371.119550977817,11857.214639930397,6145.737752023399,13670.74583010422,9211.356652898236,2657.609911119534,1087.470050057248,6118.254108926308
2027,4,23,1,48154.264789246095,55539.22357255538,24182.63057789304,17453.320549870394,2456.5879937989043,6407.460657737104,6400.208691826196,10714.405848730084,13509.022025885037,6145.737752023399,17005.942308111593,10797.520062934447,2964.8930186165685,1197.177999164883,6822.330837910508
2027,4,24,1,51379.46179312498,54226.787085173695,26343.695189324146,19541.23230484616,2456.5879937989043,7297.598902335219,7289.339477689776,11357.241692425629,14697.139441921958,6145.737752023399,16869.029489889184,11513.011237604049,3050.465541188953,1208.389037135703,7425.825192977008
2027,4,25,1,52160.34175878639,55882.00113842776,27938.81114945945,20289.231772688134,2456.5879937989043,7392.751617872268,7384.384499354594,11659.417313240589,15696.398345453834,6145.737752023399,19533.353119518408,12419.221114699822,3241.058862650826,1265.2449902927644,7964.296562286829
2027,4,26,1,50531.47492235321,52766.12250702728,25856.19484849584,20283.15047012407,2456.5879937989043,7532.411223707941,7523.88603840613,11438.487043302475,15177.742127386891,6145.737752023399,18603.71500771708,13328.984727352175,3565.845429510948,1330.108805103574,8260.9638288194
2027,4,27,1,56516.18781865084,90836.04457881166,29074.44409563315,21075.746098138443,2456.5879937989043,8187.737146933216,8178.470263553239,12731.285506539074,16687.20092216396,6145.737752023399,20311.01797994085,14335.884558996171,3796.3077654725953,1370.148201304428,8223.372413784293
2027,4,28,1,61256.37324997933,53306.537527254106,32186.227705436264,24071.798097927527,2456.5879937989043,9255.903053947048,9245.427220070354,8901.352217576748,17345.38696611846,6145.737752023399,21704.790567465945,15563.11779017152,4062.749460670557,1423.0002148414333,8741.524139091278
2027,4,29,1,65233.9806397834,58685.983013805206,35921.86227825201,27698.27786256273,2456.5879937989043,10334.811979013904,10323.115035689412,20626.33593733897,20415.04267136309,6145.737752023399,23449.05999730264,17261.817044003663,4480.887860629852,1521.4971259782485,9601.04638343632
2027,4,30,1,68263.95758471929,61218.2134233602,37679.47836564751,29232.791611882025,2456.5879937989043,11234.15855854085,11221.443734485569,15074.571835536934,21569.334687257026,6145.737752023399,24410.18804556892,19563.47162870947,4690.929479764252,1546.3215621746356,8693.772902054692
2027,5,1,1,64413.14021557661,64860.55772153911,35570.20536879724,28424.61853573526,1653.747223387397,11365.680682981816,11352.8170021463,15106.25474089626,21569.38699609254,11031.297880734584,23506.55114161977,17162.39436864664,4422.575961739785,1483.9200597873548,11035.625472587555
2027,5,2,1,58246.73643320141,55727.2268952069,29342.802869335475,23372.398876939,1653.747223387397,9538.751615048965,9527.955653085246,11992.870146647718,17366.569970712884,11031.297880734584,19318.389952616068,14649.785769681852,3630.051894776873,1303.73549609797,9862.163186634636
2027,5,3,1,50053.05007249668,52676.601630558645,21524.90834366229,18471.6025746418,1653.747223387397,6584.012682768218,6576.560895221966,9176.736305485923,13803.618423218111,11031.297880734584,14742.765614026,11574.08785629845,2967.8324216536644,1113.1402532527052,8150.229018194408
2027,5,4,1,45654.07372478896,46343.54076956574,18011.247866580718,15870.80424026934,1653.747223387397,5453.129740725215,5446.957886834899,7755.28605419792,10350.59971249408,11031.297880734584,12434.416550561964,9794.91489098923,2656.657331152151,1049.8754501871952,7289.689990646033
2027,5,5,1,42311.01671244744,52457.15447495423,16932.85311315926,14636.908543644802,1653.747223387397,4898.443974155713,4892.899913783812,6662.07952743778,8698.788333735076,11031.297880734584,9930.28221687433,9812.659297074986,2327.0062126449493,960.9843924359784,6258.465569706033
2027,5,6,1,40982.86818538921,59646.36850194472,17136.570673968108,15541.356121457671,1653.747223387397,4881.542181794258,4876.017250876065,6514.158520276005,9616.30471526495,11031.297880734584,9650.98020962001,8318.579898808559,2233.653696172173,878.4998983561992,5765.712986629463
2027,5,7,1,34874.210020507155,53625.47902419092,15615.230439372552,13460.308175855218,1653.747223387397,4419.047936308287,4414.046456517056,5805.5465496451925,7981.406083005448,11031.297880734584,10261.611084830474,7814.638630691165,1903.0301585102509,832.8531365938992,5549.308249203103
2027,5,8,1,34814.4020691792,51223.92294602637,13723.834493066975,12752.301687783363,1653.747223387397,4011.868616968413,4007.3279828539976,5749.195718043902,7278.11778253359,11031.297880734584,10451.9198339061,8097.366240501624,2053.7555973097283,800.0195021744526,5839.879881354844
2027,5,9,1,31599.210249815897,54450.72411430977,13415.45469918215,12312.355472482304,1653.747223387397,4124.035008108508,4119.367424038665,6092.935912669873,9093.419033804394,11031.297880734584,11723.839344809285,8952.646863585742,2132.5217837509226,793.6129385030148,5905.918891704595
2027,5,10,1,31310.482342425606,44736.32177346859,14544.311600694027,12531.305450831274,1653.747223387397,4294.589369349397,4289.728751801904,6357.784924306545,8112.4798606389795,11031.297880734584,11703.302420572712,8668.736288166492,2154.887488375557,792.8121224406901,5997.35749052595
2027,5,11,1,33583.18363753545,48754.36919588565,15910.527454123185,13222.941826104536,1653.747223387397,4735.572239671775,4730.212517578238,7545.379135399164,9733.284542640711,11031.297880734584,13388.698466311063,9778.35345051174,2282.27480339568,808.027715556949,6104.03590044179
2027,5,12,1,37681.05802982425,47329.50775929546,19412.97412051772,15966.978526536566,1653.747223387397,5852.626433308021,5846.002428940178,9412.001115690276,12205.364049247615,11031.297880734584,16877.235491858028,12171.483017280312,2855.031436664993,896.9187733081658,6694.322984465497
2027,5,13,1,45338.535342486924,52370.61190319134,25453.47977520078,19664.573055229983,1653.747223387397,6284.3901717661865,6277.277497068533,11578.69138908607,15790.865904773907,11031.297880734584,19056.88657895676,14784.643276746769,3417.091459232514,1012.2369018073914,7402.464302687415
2027,5,14,1,47367.88025465197,52908.41209790524,28901.72635660935,23705.93951295691,1653.747223387397,11016.88933374297,11004.420415062044,13350.925685044527,19080.39474298642,11031.297880734584,22047.061172282512,17481.793756237927,3889.688620590719,1089.1156482780573,8320.914433897971
2027,5,15,1,53703.39613179891,53384.39614086316,30267.94221003851,26345.616848735604,1653.747223387397,10185.62893644229,10174.100838530514,14617.411079126448,21948.514378735086,11031.297880734584,23713.28942407144,18814.99050810743,3858.571100862825,1085.1115503800474,8828.906761132728
2027,5,16,1,52257.69408093792,50092.68806071295,32714.421744385243,28011.2737262484,1653.747223387397,11247.368203932325,11234.63842919639,15440.13354545999,24809.58699292729,11031.297880734584,24025.450498077545,19640.697121048182,4230.0363711552,1108.3353392923484,9135.73413972355
2027,5,17,1,49184.80392645363,55575.77741157865,32243.44173649438,28037.875132062592,1653.747223387397,11118.3000541713,11105.71635880631,16365.696284933696,24297.976465482207,11031.297880734584,25825.853247379444,21754.647948817383,4558.7150705077465,1161.1894807883884,9563.463692419442
2027,5,18,1,48580.53759174295,52531.33380280077,29514.747966532013,27737.074677668235,1653.747223387397,11053.76596242058,11041.25530676016,16641.815456641576,24899.78831790879,11031.297880734584,27620.77947553367,22986.11007457643,4750.282220582191,1181.2099878649817,9928.202196984386
2027,5,19,1,50240.723216802166,54731.98742167018,35241.26692198633,29191.96661124454,1653.747223387397,11152.103605153805,11139.481650919586,17141.9292784826,24018.916194667923,11031.297880734584,25687.57135900534,25030.26621759586,5223.851822450472,1230.060031463012,10594.688135671382
2027,5,20,1,48993.00606945948,49990.69148492288,36065.48196650892,32349.348121163435,1653.747223387397,10718.80336158849,10706.671816701031,19197.32662743901,26741.86807157385,11031.297880734584,33346.47097002856,26318.510458438806,5676.028117493483,1221.251002018191,10896.435569793435
2027,5,21,1,48498.04392321092,59485.64660233384,38713.810093216525,33796.054976353946,1653.747223387397,15383.695421600152,15366.284150467876,21766.92546707965,29841.12853488032,11031.297880734584,29707.329883525003,27439.95725085616,5523.357840384565,1181.2099878649817,11413.571761372776
2027,5,22,1,46557.37972610137,53288.581153119085,37734.47070847979,33020.52186643186,1653.747223387397,14392.636333770231,14376.346743613394,19639.680816424192,32392.134181500965,11031.297880734584,29881.209099224885,28400.521370861825,5771.325493631056,1159.5878310773298,11739.702848621717
2027,5,23,1,41368.52623321301,47864.21712607418,35321.63256524148,30247.83754555615,1653.747223387397,13911.703790815543,13895.95852025632,19407.2335462376,32132.80542247591,11031.297880734584,31303.73264101709,28601.62469186542,5977.4789737370165,1166.79521081107,11910.38826432516
2027,5,24,1,34729.84602179333,53971.64924341668,31774.330697051897,28017.41250205776,1653.747223387397,12554.95159512573,12540.741897112051,18264.720006675063,29607.168911080786,11031.297880734584,29786.739289830344,26980.96846775056,5534.054472441844,1103.5304077455598,11651.312189707103
2027,5,25,1,39679.467799407226,38236.3574248217,27578.496777479533,24514.21280450223,1653.747223387397,10515.981988212536,10504.079996616823,17880.125450545733,26989.921676582864,11031.297880734584,27252.48418003277,24346.51490537198,5001.167152648198,1017.8426318300508,11020.38570611731
2027,5,26,1,35282.55378553502,42798.386629997214,25425.44524848401,23366.26010112964,1653.747223387397,8988.675397541308,8978.502012006982,13882.032478326666,24010.45980594218,11031.297880734584,24006.28270412781,22939.974597941346,4610.253435195349,956.1794784756214,10473.78596156643
2027,5,27,1,37332.522126087664,40415.37538379503,24685.33378411172,22942.683954653865,1653.747223387397,8516.962020191242,8507.322520000109,13756.6518225529,20832.273233573687,11031.297880734584,23280.645095286232,22021.99708375941,4504.259427000562,902.524503330825,10038.94450446386
2027,5,28,1,35063.94549864746,36990.76265197748,23500.40787011816,22785.12182234577,1653.747223387397,9375.879880565028,9365.268256879672,13738.337812437208,21904.823098889334,11031.297880734584,23521.611544708667,23310.24132460236,4647.2054698515,892.9146578236794,9999.321107178786
2027,5,29,1,35033.01035606607,41636.24366880652,22339.77850499397,20963.94911510131,1653.747223387397,9053.20948929214,9042.963064053249,13553.788753798628,21125.42745464573,11031.297880734584,24029.557888938376,23426.17145997272,4330.19586442173,836.8572344919315,10024.72074027463
2027,5,30,1,31570.33748608766,43379.45807668038,22954.6690833642,20986.45795973595,1653.747223387397,9508.02110802116,9497.259926854593,14145.472719954543,22392.473920182176,11031.297880734584,25598.57807075907,26018.038442542067,4139.6011121465845,775.1940811375024,9790.02827415922
2027,5,31,1,29753.4138142867,40820.27092684159,22621.992740610003,20366.44076749248,1653.747223387397,8699.808590991452,8689.962144996169,13374.874806441332,21462.27295556353,11031.297880734584,22696.027635392744,21402.12565425689,4162.93923592594,767.1858677550058,9084.934918156105
2027,6,1,1,29274.69494984152,39116.97513488562,22209.58727190176,18247.853426407943,630.5052217269714,9709.891271401631,9698.901613523076,13615.85115464495,21641.262400312906,10217.589308420464,22831.57123312529,21559.442052035225,4154.204248895463,761.4323061305186,8766.772897990246
2027,6,2,1,26922.56973979316,37150.47577643048,21226.84567495774,17400.018754099085,630.5052217269714,9670.452226325717,9659.507205570311,13141.809342215947,21680.72545484364,10217.589308420464,23377.85313518689,22375.62094399032,4365.220721702707,749.4223338462962,8829.762808205687
2027,6,3,1,27711.98162073221,32899.50309957178,20887.454838432943,17639.046858966467,630.5052217269714,8346.878101663375,8337.431102502687,13014.731863320165,20261.46454937916,10217.589308420464,23460.000802066217,23391.994646229352,4678.341931838921,740.6150102860117,9106.105633641087
2027,6,4,1,24743.631907099487,33211.30286450347,22698.160924313783,18926.12118184436,630.5052217269714,9618.392711118631,9607.506611338284,13253.180599354568,22276.89959097849,10217.589308420464,25259.03442108128,24391.784145144884,4627.775772751764,727.8043802174184,9287.96359375309
2027,6,5,1,26316.41421167061,36477.48227946679,22539.654192671514,27381.995030546088,630.5052217269714,9646.788785784029,9635.870547317783,13527.325268363777,22974.55020611061,10217.589308420464,24281.47732052131,23673.92579055335,4368.138000522224,698.9804361834298,8950.662795728216
2027,6,6,1,25736.438136797664,33933.690328567485,24040.80598063349,19880.19050879632,630.5052217269714,10818.917032689224,10806.672179118526,14970.868215442477,24967.434908726707,10217.589308420464,26848.591497070967,21589.0566710964,3957.774191541419,668.5551765807218,8514.813279440546
2027,6,7,1,23448.75474786041,30954.61362715844,20969.50537078997,21551.34415035042,630.5052217269714,9198.761320097134,9188.3501592521,12319.37536643391,23376.22780392896,10217.589308420464,20183.67851998345,19835.871279918923,3631.0390278175673,673.3591584598335,7857.48309742976
2027,6,8,1,24699.32817196701,30392.75672573644,18595.634306458,17412.27660563057,630.5052217269714,8703.407007067266,8693.556488383581,11445.539298411088,20457.370454864955,10217.589308420464,19804.43018218661,17677.557902068784,3184.69545384732,611.7079638835474,7305.813404215972
2027,6,9,1,22429.76901989497,33927.516065723496,18000.76791615479,15906.604003727272,630.5052217269714,8689.208935994102,8679.374486691553,11070.018243494877,18392.606602839853,10217.589308420464,20000.21545241021,18282.880699025656,3618.397493384585,587.688019315125,7059.949576231636
2027,6,10,1,20764.3516368667,33164.9959270857,17210.099172142225,16065.956029665547,630.5052217269714,8452.574699279017,8443.008072677172,12123.76174372002,18427.84146300785,10217.589308420464,20071.41007699389,19969.72935495288,3686.467304033682,568.4720742122458,7267.206700886111
2027,6,11,1,22302.8992718052,25919.51092562015,16484.69787936598,17071.09976731505,630.5052217269714,9646.788785784029,9635.870547317783,11182.817330453485,19769.58562657959,10217.589308420464,19857.826173175283,20049.09653195503,3656.322096683403,574.0767138757286,7356.611733300801
2027,6,12,1,24222.05619603068,26398.015516037853,16930.38145378154,16368.316352788648,630.5052217269714,7857.834023698979,7848.940524773686,11655.431313062329,18711.12989723315,10217.589308420464,18299.75900358265,16564.048266999638,3265.406820284756,542.0501211178022,6792.750458956401
2027,6,13,1,22022.98023233936,27055.57332197794,17827.34293568568,16182.405619216448,630.5052217269714,8197.009757367176,8187.732379243905,11335.59587109263,18818.24390681016,10217.589308420464,18537.987192431403,16535.61822645768,3040.7763938898743,516.4288433941834,6356.900920356551
2027,6,14,1,19056.64432280308,23088.61626116513,17368.605862832243,16401.00394221549,630.5052217269714,6259.764184447106,6252.67938144935,12233.70517103848,21879.450156571445,10217.589308420464,22878.12157267884,20313.25892045134,3298.469306454552,502.0168801704163,6642.387453951999
2027,6,15,1,17417.406393023728,34319.58111197547,16784.928220577553,15301.88335748107,630.5052217269714,10025.40356452814,10014.05680974077,12447.880675149854,23573.543138487472,10217.589308420464,24568.994109497587,22094.87435217051,3872.200686619604,502.0168801704163,7127.003339386592
2027,6,16,1,16378.282579078988,28095.934881643447,15492.63232571467,13898.359489025912,630.5052217269714,8604.020610776686,8594.28257764639,11615.451859381965,21983.745400858443,10217.589308420464,24679.89345226788,23349.34958541628,4065.713486509552,502.0168801704163,8008.862060090935
2027,6,17,1,14718.906608339348,21819.80745105112,14459.54152636158,13013.751262121945,630.5052217269714,8503.056681025042,8493.432918900986,11504.080602243344,21040.86006981504,10217.589308420464,24458.09479679518,23760.40049069844,4078.35502094247,490.0069078861938,8317.71582060289
2027,6,18,1,14702.79617557057,25965.817795212108,14260.009589968971,13142.45870320433,630.5052217269714,9175.097913295853,9164.713534701792,11502.652772423357,22027.436649752475,10217.589308420464,24077.4773287115,24543.41100202128,4251.4468690954745,477.99693560199375,8474.174616172657
2027,6,19,1,14640.368158555912,17741.713794696618,13586.822249991576,12004.52160327749,630.5052217269714,6125.671444685133,6118.738407890808,11474.096019794426,23470.6572923212,10217.589308420464,24929.0746533444,23735.52421172781,4140.590295307825,469.189612041687,8698.703154866336
2027,6,20,1,14153.027162138746,22591.588950041267,11283.812969968112,10568.31010142218,630.5052217269714,6259.764184447106,6252.67938144935,8608.427697920077,18949.31768444369,10217.589308420464,20751.86647656877,20978.99553404898,3725.364347842577,453.176315662746,7855.451159803912
2027,6,21,1,12556.07916339612,23471.41994706475,8652.601601468365,8911.457315970512,630.5052217269714,5429.966805613043,5423.821167539695,7486.148022631232,13382.206868404504,10217.589308420464,17823.302625885466,17294.937037328586,3390.849788170186,415.5450656549049,6890.283219562184
2027,6,22,1,11782.77776024419,23591.817835133003,9504.808254987076,7924.700355618729,630.5052217269714,5270.633091848321,5264.667787720415,6505.224186929928,13172.206981709222,10217.589308420464,16873.128070929626,16796.226853382384,3249.847985676836,402.73443558631146,6334.549673408998
2027,6,23,1,11529.038219046295,22962.044110252897,7996.197342611275,7781.692102406894,630.5052217269714,5444.164876686208,5438.003169231724,7280.539528685724,13134.153325299209,10217.589308420464,16124.215307344752,16630.385002249895,2967.844423400977,382.71781511262975,6281.71940669844
2027,6,24,1,11814.99862578106,17686.145564750852,8503.41882653339,7603.953255197914,630.5052217269714,5390.527760537128,5384.426759586928,7006.394890922106,14047.44135770635,10217.589308420464,16250.175053203942,16203.934498177676,2952.285610148478,376.3125000783219,5987.089209567062
2027,6,25,1,10542.273356617734,18248.002533998657,9240.008826405892,7710.187953814642,630.5052217269714,6125.671444685133,6118.738407890808,7239.132276430791,15218.648720065818,10217.589308420464,15469.77232308685,15008.688503053983,2820.0356654692296,367.50517651803744,5717.858132353921
2027,6,26,1,11212.87070585139,19436.5460627924,9652.126279532687,7373.097080667064,630.5052217269714,6963.356625786251,6955.475496650526,7814.550474766967,14597.10547965744,10217.589308420464,16651.32941545662,16905.208649445714,2946.451052509379,357.897195173382,5881.428698458007
2027,6,27,1,9956.255869456156,16232.109140617384,8449.34004144107,7195.358233458083,630.5052217269714,5101.834008615072,5096.059751340637,7531.838795591892,17344.016598436167,10217.589308420464,16733.47708233595,17203.724023107967,2967.844423400977,349.0898891995294,5418.148080002133
2027,6,28,1,10282.492403131204,18001.032427192353,8281.509394043755,6653.969849440912,630.5052217269714,5426.811671210105,5420.669604118828,6953.564906370149,15812.004090910656,10217.589308420464,15961.28913394082,18192.852263323988,2972.706561885356,333.07659282056613,5889.556426649101
2027,6,29,1,9352.11414543004,16111.711252549134,7845.149776335085,6762.2475086549575,630.5052217269714,5392.105327738713,5386.0025412974765,7087.781565611808,16140.393141198709,10217.589308420464,16752.644876285984,17623.06700403725,3212.8958015327376,325.8706024154778,6010.45643648369
2027,6,30,1,9871.676052402414,15151.615042031171,8253.537646779043,6858.267360310828,630.5052217269714,6188.77389656233,6181.769440393879,7420.467538453273,17091.734860968143,10217.589308420464,18086.175099764045,19245.948081752107,3416.132857036021,337.07991691530697,6473.737054939564
2027,7,1,1,9399.581227223938,15018.847602233162,8604.966043942855,6994.437484620216,185.12650863400023,6103.894532395128,6096.986142716721,7916.737840015775,17773.893177576254,4395.318852087041,20452.00529501891,21396.80206187846,3685.387189484264,323.4673276658948,6884.248921053443
2027,7,2,1,9557.989588351502,17688.176883729288,8129.922776282417,6842.116015221005,185.12650863400023,6520.354897274632,6512.975157629261,7991.61062114785,18845.03417095462,4395.318852087041,22687.78816813304,22730.62254174995,4037.395150115868,324.2680030367199,7413.5720751656545
2027,7,3,1,8117.913655861863,17666.500189141152,8039.610377947295,6325.458012448551,185.12650863400023,6196.615879335467,6189.6025476085415,7764.166863844624,20629.329530219315,4395.318852087041,23492.83428125068,23662.875378234254,3863.335965398665,309.85609257224826,7654.358234512122
2027,7,4,1,7622.116104820603,15839.465064343098,7468.835981156156,5331.251648838958,185.12650863400023,5417.127798764346,5410.996691882834,7095.96256773354,18973.28921425014,4395.318852087041,22205.855780437803,22285.225987441816,3475.349286193376,291.4408580130582,7604.575439154939
2027,7,5,1,8191.974719511003,20657.88302502704,6786.074180944279,4981.323926287004,185.12650863400023,4711.502530700851,4706.170050711208,11531.822094884425,18550.470397001565,4395.318852087041,22209.96317129864,20823.47248434957,3469.514899397645,289.03888465994527,7113.859345365777
2027,7,6,1,6688.1240022212205,17654.11347745095,5761.931480626055,4695.206544864134,185.12650863400023,4856.084999163166,4850.5888806919775,6321.806187478068,17986.711984321264,4395.318852087041,20090.55601176461,20616.17355884604,3303.2348970747057,272.2249832559289,7217.488833643781
2027,7,7,1,7786.696206245461,17901.84703300127,5740.256516492291,4304.110873059537,185.12650863400023,4269.897385763577,4265.064714610577,5916.362978805733,13979.799100164804,4395.318852087041,18606.42335098247,19188.772442582187,3205.9951385013023,255.41108185191257,6883.232941084489
2027,7,8,1,7210.665851257077,13981.463329884782,5353.719417218792,3978.8839376482974,185.12650863400023,2695.205745520332,2692.1553108421576,5181.762018301048,13175.033980224236,4395.318852087041,18057.40378969984,18258.88871110627,2930.806582658011,259.4143883602215,6390.484909669479
2027,7,9,1,6949.394926738803,16272.998820471605,5301.338216356026,3719.525738630096,185.12650863400023,3589.4168640174425,3585.354360924823,5085.698820340165,13262.416539915735,4395.318852087041,17123.65979041991,17352.696315876492,2909.4138310736867,239.39785581872133,6136.491077663029
2027,7,10,1,6243.757755384136,13752.309740131774,6657.830585136801,3466.342769377379,185.12650863400023,3344.255275323936,3340.47024619157,5451.586609261888,12079.93328069335,4395.318852087041,16206.345324515734,16474.93346690962,2694.513960141788,240.9991713874633,5882.49722334464
2027,7,11,1,6258.158482746099,20044.74239025616,3852.727219292356,3513.6859044215503,185.12650863400023,3498.2670447430164,3494.307705043428,4612.446302812083,11919.262142519836,4395.318852087041,15054.910301164817,15193.233869547445,2551.571505001772,229.78990964692963,5375.525539300694
2027,7,12,1,6212.8989638575495,17496.18336122108,5091.813453856815,3213.159756151028,185.12650863400023,2967.0836419375214,2963.7254957739297,4149.0826089761495,10777.65136690119,4395.318852087041,13906.213538388189,13761.094491237318,2184.005179581574,212.97600824291328,5565.512923321025
2027,7,13,1,6184.097464115291,12203.974984024631,2913.4782274655245,3297.554093893252,185.12650863400023,2695.205745520332,2692.1553108421576,4054.4321179687695,9888.32248351085,4395.318852087041,12341.302431216587,12728.153573261729,2290.968916147841,197.763439994093,4756.796549539413
2027,7,14,1,5614.23884942489,15727.984998258864,3041.721823273001,3421.057985623524,185.12650863400023,2347.89350892972,2345.236162345993,3829.813743326956,8208.32239948515,4395.318852087041,12397.43659257592,12995.86532684818,2162.612427997185,204.9693952263177,4384.949576626024
2027,7,15,1,4696.704765971798,18883.491340133347,4242.8768194132535,3264.6197256964115,185.12650863400023,1964.435663658544,1962.2123147801044,3959.78162696139,8753.75866754523,4395.318852087041,13025.865469961178,13224.48643155996,2242.349026183461,191.3581425462393,4542.425757824848
2027,7,16,1,5200.731304077727,20004.48572987071,3691.971156808104,3233.743752763844,185.12650863400023,1797.8515379511025,1795.816729036536,3838.289922556785,9757.248643973318,4395.318852087041,13268.200779062005,13783.601222949756,2380.4295136824016,187.3548360379303,4644.023286165064
2027,7,17,1,5392.055703497182,14820.660757792031,4250.101821108458,3186.400573746361,185.12650863400023,2186.0239999600794,2183.549857335576,4086.924096688646,8023.691524207397,4395.318852087041,13969.193321114764,14535.800153704256,2449.4697360764508,180.1488808057057,4710.061694088971
2027,7,18,1,5690.357114821693,14616.280591419432,2949.603194990106,2782.9545303580608,185.12650863400023,2101.1603925703,2098.7822986023134,3541.624149444311,8336.577442780672,4395.318852087041,14051.34089779107,14193.460785896052,2255.962595373456,166.53764571205917,4598.304410683576
2027,7,19,1,4702.876506269783,16071.715315064015,3025.4655899344098,2352.749260591782,185.12650863400023,1873.285844384117,1871.165658898709,4062.9082971984258,9303.42312996804,4395.318852087041,14726.32005459443,14374.699270144803,2322.085645725094,157.73035732463842,4912.240770800329
2027,7,20,1,5606.009817342579,14876.400858661407,3227.765391690268,2509.1875644925285,185.12650863400023,1797.8515379511025,1795.816729036536,3576.941510825773,9674.094278644834,4395.318852087041,13243.556494031867,13813.21534773187,2113.020140233505,156.92969954026748,4773.052162106136
2027,7,21,1,4776.937524900591,15827.0784204787,2933.346961651923,2408.326020665389,185.12650863400023,1362.532571158067,1360.9904563818163,3179.9744501376754,5567.114282660107,4395.318852087041,12079.799358233608,12345.539004074404,1945.7677401112664,154.52770860072275,4320.943128639906
2027,7,22,1,4702.876506269783,14247.77691905968,2532.359858987605,2303.34773028366,185.12650863400023,1419.1083431583668,1417.50219590625,2691.1822811034376,7500.80562608284,4395.318852087041,11941.517620197968,11846.837040767525,1943.822944512668,151.32505987678474,4315.863251107316
2027,7,23,1,5289.193140106473,13770.88977375345,2929.734460804116,2136.6174500634843,185.12650863400023,1164.5174535079789,1163.199452301791,2473.627409983543,7142.819029542528,4395.318852087041,10577.868033788887,10851.802219162411,1738.647030218212,145.72043779973384,3908.457135465679
2027,7,24,1,4935.345886027464,15975.718553809187,1678.0044937488724,2054.2815075852104,185.12650863400023,598.7600034283578,598.0823266753316,2466.563937707389,6206.980070064428,4395.318852087041,9456.553786548204,9333.189571514584,1493.6028275083602,138.5144825675092,3640.239650830413
2027,7,25,1,3783.285176050695,13467.41618516101,1300.498626118352,2120.150243978569,185.12650863400023,669.4796931234557,668.7219758042376,1929.74016969271,5306.3760017063305,4395.318852087041,9263.507017440075,9741.864581956432,1444.982937543915,134.51117605922252,3585.37697794064
2027,7,26,1,5073.181734476749,11045.820527041016,2331.8663281317804,1961.6535887875068,185.12650863400023,752.7717391070303,751.9197518249691,2176.961636871242,4539.664569127493,4395.318852087041,8587.158730349574,8515.839550630892,1258.2825814359508,80.86684070968963,3220.6418424977483
2027,7,27,1,4281.13997385864,11513.417621622057,1820.698092946352,2134.559054799534,185.12650863400023,834.4922574246915,833.547778835275,1661.328285685544,4512.886066733241,4395.318852087041,7810.864263055017,7858.405860802197,1246.6138078444892,119.29859022394812,3053.005906233625
2027,7,28,1,4165.93388485363,15666.051575458014,986.2114618936088,2019.2887441247408,185.12650863400023,598.7600034283578,598.0823266753316,1525.7096367282854,4192.953157555222,4395.318852087041,7390.542557867398,6883.50866590114,1114.3677284967005,174.5442587286548,2851.8427871791614
2027,7,29,1,4659.674234147919,16483.572376602937,1856.8230604709336,1916.368849007286,185.12650863400023,507.6101841538157,507.0356707938205,1710.7725916193135,2997.78534619607,4395.318852087041,6173.389461148344,6446.404083181631,1102.698954905239,115.29528371563912,2721.797953581194
2027,7,30,1,4647.330708533617,13746.116418198852,1470.2859611974343,1871.0840652534307,185.12650863400023,465.1783635887216,464.651874576079,1337.8213304214364,4043.5571733971874,4395.318852087041,6230.892752794822,6253.319943816927,986.983638145278,113.69396814689722,2679.1269733824483
2027,7,31,1,4379.888043717359,11764.24783813884,982.5989610458024,1986.354375928224,185.12650863400023,572.0436619642674,571.3962227745928,2052.644549805225,3228.9262666095847,4395.318852087041,5809.201917320055,5920.45710010102,1042.410312704753,116.0959415000101,2522.6667721525787
2027,8,1,1,3872.1238153409968,13294.828070099253,1107.1848040195205,1316.430618777083,113.32924160096424,357.0861284839331,356.681978295684,702.8179130226906,2073.221850253451,856.78911509443,5495.672524853362,5837.783431074446,940.2380922412856,96.85688781697758,2445.3776160253506
2027,8,2,1,4789.30873677563,13087.243806475211,2080.5130459892034,1237.2468221587112,113.32924160096424,479.6453458303598,479.10248308283946,1173.2874169122017,801.9464475065571,856.78911509443,5635.323393176146,5340.245078453168,860.507452217856,105.662065831773,2361.0542461086043
2027,8,3,1,3099.654665700558,11712.784433883671,1438.00167919558,1074.6372460998955,113.32924160096424,320.77229005609274,320.4092398811624,333.3695014130646,2030.939968528424,856.78911509443,5179.4043606627465,5001.445138126875,752.5794115573011,110.4648870059587,2171.0726855377
2027,8,4,1,4392.318229579792,15342.363687296687,40.15698090062479,1180.68699255914,113.32924160096424,323.79843482335895,323.4319596568655,1376.7726791409852,3417.785831482075,856.78911509443,5011.001846516573,4708.845216860362,838.1439899125555,110.4648870059587,2089.7971439673984
2027,8,5,1,4625.036785687568,18792.66569611848,873.8919785144473,1100.089187008866,113.32924160096424,263.2753707770352,262.9773956327398,933.7232132414388,1540.470072426138,856.78911509443,3500.855650147178,4311.999134094039,684.5166695530075,111.26535133949004,1986.170846314971
2027,8,6,1,5072.873359047599,15694.627931283569,873.8919785144473,1153.821042717945,113.32924160096424,255.7099919887236,255.42057934242948,1179.060040043997,2631.342763306011,856.78911509443,5002.787094862487,4084.55303449824,725.3543019423702,115.2677081801221,1827.6835491777056
2027,8,7,1,3344.106929384792,13933.306914825149,1258.2514539390866,1186.3429403404475,113.32924160096424,320.77229005609274,320.4092398811624,1117.0042632632594,2448.12125519698,856.78911509443,3748.667510463242,3801.430001529816,705.9078194806926,101.65970899116328,1728.1210152165577
2027,8,8,1,3451.665938010575,7215.125569588158,1195.147661911259,1163.7190172952817,113.32924160096424,183.0822813927504,182.8750688112812,1088.1410851130986,1540.470072426138,856.78911509443,3956.774682660576,3736.276179859101,636.8727437434277,106.46253016532668,1799.2371140906318
2027,8,9,1,3416.464815281199,11489.474116402958,984.8016884850311,1121.2991011221302,113.32924160096424,320.77229005609274,320.4092398811624,811.0547685945677,2496.0406984537453,856.78911509443,3933.4995279175887,3649.7992684660367,653.4022677168383,99.25829840407044,1730.1529082182872
2027,8,10,1,3406.6867481437766,15342.363687296687,1598.629520893986,930.4096102635292,113.32924160096424,255.7099919887236,255.42057934242948,769.2032040206192,1247.3156656423705,856.78911509443,3567.942853802154,3332.322417861832,513.3874914870777,99.25829840407044,1595.0323471321014
2027,8,11,1,3748.919908298039,15043.568189210238,1248.6902621598383,913.4416349993476,113.32924160096424,237.5530559046572,237.28419328411616,953.9273942026364,1720.8727842931585,856.78911509443,3363.943042398077,3408.137784393852,648.5406417625636,109.66442267240502,1712.8818734842157
2027,8,12,1,4380.584522003333,14688.158788711224,1372.985632431244,1046.3573313001102,113.32924160096424,228.4745878625662,228.2160002549018,1109.7884687258493,814.6310305953216,856.78911509443,4267.5663257032165,3994.5222834898336,661.1808735147357,107.26301208531218,1892.7039913587712
2027,8,13,1,4216.312615933604,11929.804370517204,1011.5729681335996,1026.5613821454365,113.32924160096424,393.3999669117736,392.9547167102056,1001.551613153972,1874.496962813927,856.78911509443,3881.472757418782,4194.72221866604,767.164268064639,110.4648870059587,1914.0388120961816
2027,8,14,1,4220.223851792654,14156.617300133115,1227.6556648175017,1118.4711272316376,113.32924160096424,349.52074969573704,349.1251620054891,1091.0274279246744,2076.04064649518,856.78911509443,4348.3447720926815,4130.753001528768,578.5332536476833,113.66676192658292,1716.9456371754948
2027,8,15,1,4959.447474124421,11184.388169642069,982.8894337485228,1241.4888049814288,113.32924160096424,143.74229819775925,143.57961062117195,1060.7211096143171,1526.3761221686505,856.78911509443,3654.1977912717175,3629.6608092921474,665.0701657359741,97.6573697369631,1700.6905377862583
2027,8,16,1,6261.8891501601,15012.116013666731,1988.7257195762995,1262.6987630680044,113.32924160096424,237.5530559046572,237.28419328411616,1216.582152891765,1830.8056829681768,856.78911509443,3489.9026679866765,3152.2608898302647,525.0553895062136,114.46724384656842,1716.9456371754948
2027,8,17,1,1603.60683716317,13669.108816617249,1596.7172661574775,1200.4829417138135,113.32924160096424,220.90920907437004,220.6591839647069,972.6884662494028,1489.731801975644,856.78911509443,3739.083628522011,3546.7377375146866,738.9668674275136,96.05642348342391,1840.890820220498
2027,8,18,1,4177.200257345869,13631.3661924022,1732.4860419919726,1124.127118986257,113.32924160096424,290.5107411627847,290.1819410180469,912.0758296288612,2109.866139494457,856.78911509443,3317.392762979673,3344.1685672565786,611.5923015945043,96.85688781697758,1630.5903965691982
2027,8,19,1,4386.451398300728,15531.07667272466,1114.8337410618522,1093.0191863223445,113.32924160096424,187.62151541379583,187.4091653258884,821.1568746979625,1794.161393727171,856.78911509443,3024.399753532046,3040.9070751142654,531.8616615710748,86.45078113509715,1667.1643813508906
2027,8,20,1,4996.604237292142,11954.966097386265,1921.797418075455,1083.1212117450077,113.32924160096424,337.41613688637983,337.0342492005716,736.0105428988592,2238.121213741697,856.78911509443,3098.3325785542665,3247.030111002471,727.2989694083777,180.10579403145053,3275.403999525904
2027,8,21,1,9038.866835000264,15203.974223432651,2721.112198998577,1531.358085586387,113.32924160096424,745.9468613746612,745.1025984912824,1629.3253317267192,1396.7116498001233,856.78911509443,5794.142025381088,12811.612807623433,2463.8710640845293,284.96739552969217,6562.999312437706
2027,8,22,1,5460.085709069349,12552.557093560612,1432.264955937498,1409.7543727951863,113.32924160096424,689.9630313493831,689.1821309817637,1144.4242700076322,3754.631549063593,856.78911509443,4535.915050121015,7158.629322714844,1396.258427365655,238.5401124550541,4446.787604072663
2027,8,23,1,3748.919908298039,17433.932377385063,2334.840468837021,1111.4011705184278,113.32924160096424,523.5245967868043,522.9320714897765,1033.301102869944,1940.738612594913,856.78911509443,3956.774682660576,4990.783619280587,739.939179805129,160.09404500119868,2961.4772335979383
2027,8,24,1,4267.158682098488,18352.33544200424,1623.4885867578969,1254.2147974225695,113.32924160096424,394.9130561655529,394.4660934491097,786.521073416006,2238.121213741697,856.78911509443,3248.936459105428,3361.9377913485687,756.4687037785394,125.67381486200252,2372.2296241496665
2027,8,25,1,5835.564396532282,15326.637633438566,1711.4514446492274,1302.290661377029,113.32924160096424,183.0822813927504,182.8750688112812,777.8621387183993,1513.6915390798856,856.78911509443,3151.728479339915,3224.5224167466813,446.2970832158204,118.46958310074628,1993.2824606647544
2027,8,26,1,2647.90690149981,12637.47794717584,1409.3181038586524,1160.8910434047891,113.32924160096424,287.4845963955185,287.1592212423439,809.6116284343713,1462.9532686293917,856.78911509443,2669.796061577113,2965.091708582245,480.32846489567766,109.66442267240502,1838.858949530948
2027,8,27,1,4445.119936183021,14596.94755424736,1269.7248595025835,1040.7013395454908,113.32924160096424,311.6938220141173,311.3410468520634,539.7410752076593,1343.1546140596192,856.78911509443,2820.3999421279696,2721.06098942816,568.810023094555,100.05878032405596,1700.6905377862583
2027,8,28,1,4552.678944808804,8284.498995418806,1189.4109386535847,1057.6692708360372,113.32924160096424,46.40101014544924,46.34849346812869,658.080036882931,1393.892853558113,856.78911509443,2223.460941072518,2551.661032272392,423.9336209105199,104.0611195782338,1578.7772254308052
2027,8,29,1,3833.011456753262,11209.54989650968,1336.653120051577,1225.9348386494723,113.32924160096424,46.40101014544924,46.34849346812869,828.372669235546,917.5169386653145,856.78911509443,2130.3603521681384,2325.399537210296,485.1900908498872,96.05642348342391,1432.4812639916172
2027,8,30,1,4611.347482691096,14512.026700630686,413.0430507615669,1105.7451787638083,113.32924160096424,46.40101014544924,46.34849346812869,497.8895106338841,1075.3693115490985,856.78911509443,2053.6892966395026,2100.322646681642,371.4280691466655,103.26065524468017,1467.023378083759
2027,8,31,1,2941.2496359282245,13448.943655647225,736.2109479430359,1032.2173299267442,113.32924160096424,407.01766897479456,406.5570062539117,603.2400233941851,1130.3357763626077,856.78911509443,1859.2733671763528,2007.9226605913352,300.4483686541699,89.65265605572135,1324.79120264791
2027,9,1,1,2828.135862953041,27437.644826891505,1161.0015371137056,981.8774070755092,109.11712434823424,333.16427004513326,332.7871946235024,777.2033566554837,1368.5226350137043,511.33650729811785,978.9259903053166,1898.7025440314808,552.436649969066,86.49274237728993,1212.058569547553
2027,9,2,1,4914.1133148770205,16237.433205345102,2916.130608122871,1343.97864016144,109.11712434823424,1451.1867125902484,1449.544259029904,547.8646791766636,869.59678351339,511.33650729811785,2108.456011500262,2592.8009356472803,384.17689322128257,89.69618249095126,1282.1608750350958
2027,9,3,1,4882.70795603951,13566.691584369037,2456.453972994289,1392.801260543296,109.11712434823424,824.9019471709439,823.968322897574,857.896597920717,520.0667923628279,511.33650729811785,3342.039693962497,2406.839407940767,332.6291107923721,83.28930226362857,1294.352590038183
2027,9,4,1,4728.986946448667,11230.637794142876,2105.7915424774487,1311.4302265735362,109.11712434823424,616.6742783927357,615.9763262578853,808.3481191829703,1509.46213758999,511.33650729811785,2657.4760538652595,2150.994277303093,383.2043032231944,103.31077659433072,1390.8702408456893
2027,9,5,1,3039.708868305165,15497.063050682387,1638.8472336453422,1152.7566223854776,109.11712434823424,472.51663559208833,471.9818411209723,649.7929872219033,1565.837938620504,511.33650729811785,2190.603648311711,2108.3534308684434,360.8344983574689,100.9082053023118,1243.553814712045
2027,9,6,1,3490.954363212169,16034.592077302326,1337.241191108886,966.9593841813492,109.11712434823424,158.57337334026954,158.393899948349,697.9257906749502,253.6911046371477,511.33650729811785,1974.2815440545576,1921.207454716239,340.40991619876195,90.49703372613952,1235.4260195847733
2027,9,7,1,3348.8037797848588,15155.613855780255,1606.1429886426415,1044.2619104260134,109.11712434823424,330.7616482885488,330.38729215494885,629.9735957267699,253.6911046371477,511.33650729811785,2092.0264781242136,1780.255722365007,339.4373048452527,88.89531366930885,1189.7071217912255
2027,9,8,1,3140.536604048465,6757.990625744312,614.1134727724427,962.890832482619,109.11712434823424,330.7616482885488,330.38729215494885,655.4556571152841,253.6911046371477,511.33650729811785,1411.5702288878042,1741.168273296157,339.4373048452527,87.29359361247816,1078.9658183547838
2027,9,9,1,3337.233353621327,10071.062587262904,1331.7904767829914,958.8222807842118,109.11712434823424,567.0199829547969,566.3782295665452,805.516799858989,680.7378376803395,511.33650729811785,1604.6171784019696,1578.8961307345858,370.5605051154562,88.89531366930885,1054.5824106606688
2027,9,10,1,3477.7310447506293,14766.83497616237,3050.5815068897487,950.6851773873972,109.11712434823424,221.04167397367428,220.791498940198,791.3600782572364,1079.596639256672,511.33650729811785,2198.8183999661014,1898.7025440314808,221.75274052822635,86.49274237728993,1117.5728786778343
2027,9,11,1,2664.497364516388,14672.175810205388,528.2648040450395,1011.7134968381096,109.11712434823424,10.571549225239432,10.559584342628042,811.1794697523698,415.7715480755484,511.33650729811785,2316.563364103329,2188.8972779265146,348.1907002497959,88.09446243412059,1168.3716316919126
2027,9,12,1,3206.653151339216,14854.732777965675,528.2648040450395,801.5049044692569,109.11712434823424,10.571549225239432,10.559584342628042,671.0280540017365,1283.9589334682153,511.33650729811785,1970.174153193729,1833.556812926568,276.2183143068225,80.08587973639908,1110.4610412073368
2027,9,13,1,2861.1941591075824,13485.5550788907,528.2648040450395,710.6405832028908,109.11712434823424,10.571549225239432,10.559584342628042,685.1847443578974,232.08040567037705,511.33650729811785,1742.8990367085023,1677.206990636673,215.917136473434,87.29359361247816,986.5120427988542
2027,9,14,1,3796.743445076824,14580.897292411615,528.2648040450395,790.6554332731813,109.11712434823424,10.571549225239432,10.559584342628042,525.2139371121307,232.08040567037705,511.33650729811785,1512.8856295814126,1690.2361576694602,312.2045072783092,76.08157080111764,1016.9913079945128
2027,9,15,1,3494.2601928279,15939.932911345348,1095.5930061560457,585.8716204758398,109.11712434823424,10.571549225239432,10.559584342628042,506.8102209016972,232.08040567037705,511.33650729811785,1245.90582497715,1642.8574133940697,295.6703278227972,84.09017108524868,988.5440027367616
2027,9,16,1,3436.408197066619,12150.184268402669,1142.8325166620937,896.4378214073422,109.11712434823424,120.13135775364056,119.99539304659103,368.074449190172,658.1874986971029,511.33650729811785,1507.4091385013137,1472.294001640452,252.87594079842987,77.68329085794831,1016.9913079945128
2027,9,17,1,6014.954081618278,10229.95481440475,793.9869636195896,838.1218697555681,109.11712434823424,152.16637074242104,151.9941487979791,600.2445084839833,583.4895530460857,511.33650729811785,1510.147399075301,1301.73056387234,192.5747416096854,75.28071956590706,845.2914741667538
2027,9,18,1,801.6632990890419,15023.767085248764,316.14126708796533,824.5600307605545,109.11712434823424,94.50331362226652,94.39635474331828,291.62823377921137,1010.5362860893936,511.33650729811785,1254.120576631541,1254.351845611705,294.6977164692879,77.68329085794831,898.1221871187397
2027,9,19,1,3089.296267517954,13718.822447358656,1373.5792729635527,892.369269708935,109.11712434823424,94.50331362226652,94.39635474331828,516.7199166493505,494.6976880895811,511.33650729811785,1214.4158885125053,1265.0120637238604,123.52016837181873,80.88673097160965,852.4033116372512
2027,9,20,1,2861.1941591075824,11386.149305294255,655.9022689530041,813.7105595648015,109.11712434823424,94.50331362226652,94.39635474331828,293.0438778183195,1009.1268879686702,511.33650729811785,1434.845383630792,1299.3616409667254,246.06772539012823,76.08157080111764,733.5341907613582
2027,9,21,1,2571.9341803018665,15402.403884726857,801.2545963712632,863.8894078194384,109.11712434823424,31.23415031673504,31.19879949595713,508.2258649408053,226.9126022428684,511.33650729811785,1074.764899919131,1233.0314093868712,219.8075391766289,76.08157080111764,825.9879440052285
2027,9,22,1,3082.684608287184,16065.018249900251,1013.8323322211104,820.491479062147,109.11712434823424,31.23415031673504,31.19879949595713,288.7968832096385,1052.81813686242,511.33650729811785,910.4696262956234,1147.7497165175712,184.79395755865144,77.68329085794831,750.8057832971551
2027,9,23,1,1983.4968238812896,13343.566296043771,875.7476375545249,793.3678010721196,109.11712434823424,46.45077726886052,46.39820426509464,352.5020835493112,786.4424491366238,511.33650729811785,1018.6307084919238,1263.827589263675,187.7117489083372,88.89531366930885,722.3584557272249
2027,9,24,1,4669.482058388687,12133.280824109195,379.7328796195321,815.0667434642708,109.11712434823424,46.45077726886052,46.39820426509464,431.7796495298447,735.7042405898485,511.33650729811785,798.201213373942,1490.06101448473,209.1089424205533,78.4841596795684,766.0453935828651
2027,9,25,1,1953.7443573424785,12917.599947500095,786.7193718197667,751.326100187932,109.11712434823424,46.45077726886052,46.39820426509464,1765.3417058251189,460.8721950903034,511.33650729811785,828.3219894838695,310.33066964466406,181.8761448535448,80.88673097160965,721.3424980703305
2027,9,26,1,3454.5902824609207,14793.880432769827,568.6908806921741,938.4795222918526,109.11712434823424,26.58907258984899,26.55897906944767,184.0372245949993,60.60399539335517,511.33650729811785,732.4830798703597,945.2056504269648,190.6295402580228,74.47986833071882,708.1348030982895
2027,9,27,1,4256.253581549962,15966.978367954254,327.0426957395536,862.5332239199693,109.11712434823424,26.58907258984899,26.55897906944767,649.7929872219033,452.4158373165546,511.33650729811785,1619.6775814908715,964.157137731428,150.75296593876223,80.08587973639908,640.0644575485342
2027,9,28,1,2702.5143825846685,14222.544585390206,984.7618831181172,821.8476629616162,109.11712434823424,26.58907258984899,26.55897906944767,423.2856290670644,1175.4354948182022,511.33650729811785,687.3019006712256,813.729661727703,189.6569502599346,78.4841596795684,685.783355342082
2027,9,29,1,4287.658940387472,20601.898411657872,297.97220568464377,1053.755197722297,109.11712434823424,26.58907258984899,26.55897906944767,761.630991014623,451.00643919554943,511.33650729811785,618.8455366615323,748.5839046080341,177.0131521522616,74.47986833071882,693.9111504694739
2027,9,30,1,8661.269360740363,17075.843309779622,1121.0296593589237,1376.527053749344,109.11712434823424,26.58907258984899,26.55897906944767,79.51353269171767,1189.52944507569,511.33650729811785,832.429380345003,968.895009557413,86.56138540224383,80.08587973639908,578.0899695004424
