Year,Month,Day,realization,ORO_fnf,SHA_fnf,FOL_fnf,YRS_fnf,MHB_fnf,PAR_fnf,NHG_fnf,NML_fnf,DNP_fnf,EXC_fnf,MIL_fnf,PFT_fnf,KWH_fnf,SUC_fnf,ISB_fnf
2024,10,1,1,3937.940089040083,11465.268839923192,1335.9324565625477,1028.2421293790262,148.3743051797205,499.3966506432925,501.3315693615205,104.95145599025068,1165.219979688011,553.4122374382645,560.0018571714328,1909.7542511849583,342.60398164162393,92.25009732065392,893.67353488237
2024,10,2,1,5702.232962221667,11465.268839923192,916.6514693936556,2678.419276433238,148.3743051797205,376.3059064813992,377.7639085350628,104.95145599025068,1195.926210085987,553.4122374382645,1538.1710704895945,1727.9772073972945,329.7792693774011,100.233269800568,544.561259503911
2024,10,3,1,4871.55504598765,11465.268839923192,1116.080258505445,85.53831927827004,148.3743051797205,425.5422375900092,427.1910064390772,104.95145599025068,513.9250611165196,553.4122374382645,2284.0250620813413,1432.3156761171383,322.45082261881606,103.7813570929327,1094.5141926580936
2024,10,4,1,2367.5518064352527,11465.268839923192,993.5396945221668,1384.6518881702702,148.3743051797205,425.5422375900092,427.1910064390772,104.95145599025068,513.9250611165196,553.4122374382645,1763.1499841825944,1660.0845529287994,320.6187208667597,97.57221868803016,826.2773477548577
2024,10,5,1,3241.319655757456,11465.268839923192,934.672173012598,1192.190622228074,148.3743051797205,267.2827332703507,268.31832364324924,104.95145599025068,1974.894344838229,553.4122374382645,2015.0285686947425,1498.018238623614,318.7866191147891,96.68520165052438,826.2773477548577
2024,10,6,1,3540.5552372135176,11465.268839923192,764.0764545345062,1318.7160885018127,148.3743051797205,650.6224252272555,653.1432701457176,104.95145599025068,1493.2916123158318,553.4122374382645,1569.9615417292605,1381.9437573427638,293.13711508528104,87.81499299076293,773.7083075820774
2024,10,7,1,5225.84996472603,11465.268839923192,604.2931582280075,1817.6897127571497,148.3743051797205,137.15825937288463,137.68968080528373,104.95145599025068,833.9160985721883,553.4122374382645,1450.1358574011758,1381.9437573427638,296.80131858939376,78.94480347334306,785.8396177116211
2024,10,8,1,2508.791009895446,11465.268839923192,1919.8022058458112,1381.0877677508738,148.3743051797205,381.5812734577671,383.0597149883373,104.95145599025068,678.7689004810568,553.4122374382645,1142.0125310406706,1084.0921341009275,291.30501333331046,86.92797595325715,796.6230242343523
2024,10,9,1,7435.405393165414,11465.268839923192,1039.192033376934,1245.652095560068,148.3743051797205,534.5654108010577,536.6365913308908,104.95145599025068,872.7028720470147,553.4122374382645,1132.2308227967987,1250.5386323291357,291.30501333331046,92.25009732065392,738.6622808001545
2024,10,10,1,4100.724237379752,11465.268839923192,838.5619191809468,899.9346028955896,148.3743051797205,284.8670854794946,285.970806650214,104.95145599025068,399.1807867925366,553.4122374382645,1765.5953843926557,1088.472318024288,289.4729115812541,94.91114843317123,687.4411738454368
2024,10,11,1,186.7230000553858,11465.268839923192,1907.7884034331828,1315.1519680820038,148.3743051797205,508.1888546176031,510.15783884272327,104.95145599025068,399.1807867925366,553.4122374382645,1254.5020147377809,1035.9102582015726,282.1444648226691,87.81499299076293,756.185294191116
2024,10,12,1,4742.285290050824,11465.268839923192,132.1516059138963,1279.5110017163931,148.3743051797205,404.44093690363513,406.007948492969,104.95145599025068,799.4389550174233,553.4122374382645,2724.2012349250845,1035.9102582015726,287.6407700787523,86.04095891575136,703.6162836294815
2024,10,13,1,4253.932845032571,11465.268839923192,1400.8068792778615,1555.7285742930171,148.3743051797205,58.028479343239766,58.25331142957217,104.95145599025068,799.4389550174233,553.4122374382645,1415.8999322502282,1274.6295457356518,289.4729115812541,84.26692484071934,779.1000108433908
2024,10,14,1,3183.866454968609,11465.268839923192,735.2433839008085,1099.5240621106605,148.3743051797205,463.3486533661366,465.143903657281,104.95145599025068,799.4389550174233,553.4122374382645,1584.634104094475,1182.6459778609794,318.7866191147891,97.57221868803016,620.0449867179246
2024,10,15,1,2884.630873512548,11465.268839923192,881.8114975530748,860.7295636760879,148.3743051797205,463.3486533661366,465.143903657281,104.95145599025068,310.29434408666606,553.4122374382645,643.1462698393335,978.9680635418184,302.29766359600814,94.02413139566544,757.5332274091785
2024,10,16,1,6401.247259010824,11465.268839923192,1137.7050476917934,1334.754535258085,148.3743051797205,448.4019010357111,450.13923994354207,104.95145599025068,2663.359938687993,553.4122374382645,1105.3312056792663,1134.4641019616245,302.29766359600814,87.81499299076293,792.5792541911017
2024,10,17,1,2673.969021741644,11465.268839923192,643.9386510338672,543.5248916698512,148.3743051797205,256.7321107969024,257.72682264791547,104.95145599025068,17.238571777302056,553.4122374382645,1406.1182240063565,900.1249983512444,287.6407700787523,92.25009732065392,764.2728342775132
2024,10,18,1,5474.813935913585,11465.268839923192,32.437211357824395,2847.713902345874,148.3743051797205,107.26475471211428,107.6803533778868,104.95145599025068,17.238571777302056,553.4122374382645,968.38750507429,974.5878796184576,280.3123630706128,91.36308028312764,768.3166043206597
2024,10,19,1,3748.8231821486543,11465.268839923192,719.6254959213429,49.8973529123242,148.3743051797205,107.26475471211428,107.6803533778868,104.95145599025068,17.238571777302056,553.4122374382645,1095.5494974353944,1020.579663555794,280.3123630706128,84.26692484071934,771.0124707569936
2024,10,20,1,5213.880517203414,11465.268839923192,1.2024282292055446,49.8973529123242,148.3743051797205,0.8806863500318313,0.8840985805731644,104.95145599025068,669.0722071123502,553.4122374382645,890.1339465281275,210.248190204121,271.15181455997134,81.6058545858604,741.358147236384
2024,10,21,1,1285.5160121779131,11465.268839923192,33.63859159912375,2929.688148770604,148.3743051797205,0.8806863500318313,0.8840985805731644,104.95145599025068,22.625635225564395,553.4122374382645,1437.9086952460225,1666.6548288141794,271.15181455997134,79.83182051084884,748.0977541047187
2024,10,22,1,5027.15756047699,11465.268839923192,420.48231225315953,1796.3051329372884,148.3743051797205,582.0432676710527,584.2984017653336,104.95145599025068,720.7879224442937,553.4122374382645,921.924471469409,1024.959847479493,271.15181455997134,82.49287162338666,781.7958476684747
2024,10,23,1,3626.735103391394,11465.268839923192,1782.845078967265,1958.47156557705,148.3743051797205,272.55804450707484,273.6140741409161,104.95145599025068,614.1242432924041,553.4122374382645,1437.9086952460225,1053.43094480937,269.31971280791504,86.92797595325715,690.1370402816664
2024,10,24,1,5177.972261294042,11465.268839923192,1475.2922887668958,1995.894592152772,148.3743051797205,235.6308101105283,236.5437647018072,104.95145599025068,698.1622872184699,553.4122374382645,1134.6762767084756,1230.908453777799,317.1279886589884,97.71308705479242,796.2729305536584
2024,10,25,1,5501.146694466098,11465.268839923192,413.744080959918,1119.931017921313,148.3743051797205,226.83860613621763,227.7174952206045,2047.8546735047844,698.1622872184699,553.4122374382645,1029.5231010447808,1132.2740099999442,351.7645301522653,109.10347846032946,709.0079572795448
2024,10,26,1,6082.860639511806,11465.268839923192,413.744080959918,1119.931017921313,148.3743051797205,226.83860613621763,227.7174952206045,2047.8546735047844,1506.220554172541,553.4122374382645,1702.0143882121033,1064.3814046181103,315.1223758601452,104.66837413045896,824.929414536795
2024,10,27,1,3428.042655813117,11465.268839923192,413.744080959918,1119.931017921313,148.3743051797205,367.5137582467322,368.9376950094677,2047.8546735047844,42.01902196312558,553.4122374382645,1880.5302683002224,1105.9930046317477,285.808668326696,102.89434005542692,780.4479440615578
2024,10,28,1,3825.427507639683,11465.268839923192,413.744080959918,1119.931017921313,148.3743051797205,740.3027719905449,743.1710845609946,2047.8546735047844,42.01902196312558,553.4122374382645,1007.5142843473712,1134.4641019616245,305.9618671000351,104.66837413045896,748.0977541047187
2024,10,29,1,1692.4763613620894,11465.268839923192,413.744080959918,1119.931017921313,148.3743051797205,167.0517082939692,167.69895227703077,2047.8546735047844,1176.532771252865,553.4122374382645,650.482524171133,1200.1666644684387,317.1279886589884,97.71308705479242,746.7498208865518
2024,10,30,1,7325.286718601532,11465.268839923192,413.744080959918,1119.931017921313,148.3743051797205,3.517171435886616,3.5307987616561176,2047.8546735047844,1780.9603211769704,553.4122374382645,1117.558314132804,1134.4641019616245,317.1279886589884,97.71308705479242,765.6207674956802
2024,10,31,1,2626.5275588571326,21377.40374351036,3133.329674966184,2784.545349890044,285.29290245147894,513.7332211083277,515.7236870524177,914.3041496017872,260.1053836332821,719.0292641796581,1257.0230265056282,951.5929693794516,322.3042624287475,102.50395148745334,657.6937525889479
2024,11,1,1,2891.685725495559,21377.40374351036,3133.329674966184,3020.8565225691987,285.29290245147894,470.0826710446646,471.9040123735408,914.3041496017872,260.1053836332821,719.0292641796581,529.9465852551965,987.6723255298608,300.3289790359262,101.62030349907808,674.1045382255049
2024,11,2,1,3363.542055700913,21377.40374351036,3133.329674966184,3899.793066965892,285.29290245147894,423.0744206619748,424.7136279227521,914.3041496017872,721.1506094291124,719.0292641796581,481.3041344261768,1310.131546580686,303.9915130179004,99.85298837998596,657.6937525889479
2024,11,3,1,4543.182772891206,21377.40374351036,3133.329674966184,2892.84090863119,285.29290245147894,782.3519221278611,785.3831546690025,914.3041496017872,875.2044849473365,719.0292641796581,896.0449122601964,895.2189999379792,289.34133733955844,95.43471015342648,609.7237524161513
2024,11,4,1,4751.968764309295,21377.40374351036,3133.329674966184,1917.11207192964,285.29290245147894,570.8146839270519,573.0263127298225,914.3041496017872,145.12319039788423,719.0292641796581,1530.956772014993,1023.7516816802702,195.94636304503817,95.43471015342648,610.9861387642759
2024,11,5,1,3722.6539054786335,21377.40374351036,3133.329674966184,6983.096280366899,285.29290245147894,305.5537389660225,306.7376108405902,914.3041496017872,167.44985110378303,719.0292641796581,1525.836505553809,967.377663152137,228.90928813414143,99.85298837998596,646.3324235113474
2024,11,6,1,6702.02974390303,21377.40374351036,3133.329674966184,2924.064230263929,285.29290245147894,446.5785458534028,448.3088201482298,914.3041496017872,2877.904449923882,719.0292641796581,1868.893714035708,1016.986777859034,227.0780211432402,96.31837728414334,501.160125478479
2024,11,7,1,8541.434200907253,21377.40374351036,3133.329674966184,2952.1652244904394,285.29290245147894,1725.8750202758606,1732.5619451436032,914.3041496017872,899.763790885593,719.0292641796581,2419.321311434419,1066.595892565593,340.6170118395947,122.82800835879652,852.0984371427373
2024,11,8,1,2035.6632213429257,21377.40374351036,1233.6870057411966,2716.4291247575875,285.29290245147894,705.1240344367355,707.8560465380315,914.3041496017872,1370.8559462754693,719.0292641796581,1359.4281946248511,1634.8457519340304,380.9050446431774,121.94436037042128,621.0850814936475
2024,11,9,1,10777.531972278915,21377.40374351036,1129.9795566333275,1865.5935745874049,285.29290245147894,127.5938941322541,128.0882583090464,9253.20061025203,1560.6324580850712,719.0292641796581,560.6681303210785,1382.2902588815043,344.279545821483,121.94436037042128,836.9500082431591
2024,11,10,1,4008.6906972558095,21377.40374351036,1181.833281187262,1764.1177911717607,285.29290245147894,580.8878963630865,583.1385539564388,786.1281227651644,1574.0284336706147,719.0292641796581,1369.668673845603,2058.778137614509,338.78574484860764,115.75878616711128,924.0533929851092
2024,11,11,1,4353.18753543297,21377.40374351036,2203.7842036325965,1615.807001524256,285.29290245147894,580.8878963630865,583.1385539564388,1185.320139006681,334.899650112337,719.0292641796581,709.1555891881192,1702.4945447161324,404.7115950269,143.1520843724813,965.711550250616
2024,11,12,1,8255.397409130077,21377.40374351036,1348.1973899723794,1657.9584690806505,285.29290245147894,731.9859156866675,734.8220044908616,1169.562556521643,1801.7602270040163,719.0292641796581,1553.9979442393142,1553.667200595779,379.0737776521904,127.24628658535602,854.6231506165906
2024,11,13,1,2736.140189186434,21377.40374351036,202.01356854686995,1465.9350481734305,285.29290245147894,362.6352017847467,364.040236517995,660.0674628862012,2913.62708621526,719.0292641796581,2017.3811729027489,1564.9419748494092,357.0984942594548,115.75878616711128,766.257409137766
2024,11,14,1,2736.140189186434,21377.40374351036,202.01356854686995,1311.3796037122318,285.29290245147894,641.3271152404808,643.8119453613627,670.5725362199485,1310.574004045835,719.0292641796581,924.2063509460968,1553.667200595779,338.78574484860764,115.75878616711128,782.668194774323
2024,11,15,1,2724.656941026484,21377.40374351036,2363.666562375093,1283.2786094861335,285.29290245147894,594.3188091183138,596.6215049551334,779.1247221985868,734.5465850142479,719.0292641796581,1748.5676938541724,1391.3100979189376,364.4235622233173,107.80587770238806,810.4402798772304
2024,11,16,1,8781.538043375369,21377.40374351036,4537.202746228732,2485.376563700614,285.29290245147894,1000.6045609667236,1004.4814161520056,1162.5591559553334,2152.288497934624,719.0292641796581,2168.4287381493755,1515.3328601428502,421.19307744676007,123.71167548951338,791.5047511554659
2024,11,17,1,5868.973736069546,21377.40374351036,2653.183315237967,1158.3852753884353,285.29290245147894,580.8878963630865,583.1385539564388,651.3132809677409,721.1506094291124,719.0292641796581,1039.4121046660534,1555.922135811976,428.5181851612395,126.36263859698076,655.1690095037404
2024,11,18,1,5547.44330755306,21377.40374351036,4392.444342219161,1409.7330597208222,285.29290245147894,1034.181898594186,1038.1888496040997,1290.3706522181496,1779.433566298182,719.0292641796581,778.2790521602582,1361.9956455901029,364.4235622233173,109.57319282145968,742.2723942456905
2024,11,19,1,4973.281896147545,21377.40374351036,4027.3075399086106,1337.9193866690916,285.29290245147894,1034.181898594186,1038.1888496040997,775.6230494314171,1873.205447491471,719.0292641796581,2209.390816137625,1312.386530883544,342.4482788305817,106.03858172561708,643.8077100374942
2024,11,20,1,7326.299803647662,21377.40374351036,3044.246952246213,1700.1099366366325,285.29290245147894,775.6364657503306,778.6416791697385,539.2593671896946,1123.0301895639566,719.0292641796581,1981.5393613756828,1262.7774161766465,331.4606371341282,103.38761861814967,570.5903678469978
2024,11,21,1,12744.295834652108,21377.40374351036,5265.315730731069,3063.008037691511,285.29290245147894,1003.9623170252274,1007.8521818793578,1482.963259772196,1790.5968966513033,719.0292641796581,1510.4757598714784,1174.8339610168207,327.7981031522399,101.62030349907808,570.5903678469978
2024,11,22,1,42122.57019390403,21377.40374351036,7004.576757711694,10063.27711879576,285.29290245147894,1252.4345931725256,1257.2871670425432,1728.0811789640811,2337.5996671840808,719.0292641796581,2122.3464474015577,1174.8339610168207,336.9544778576206,100.73665551068234,570.5903678469978
2024,11,23,1,29238.38772680357,21377.40374351036,10213.027253781664,9566.826300076516,285.29290245147894,1165.1335487850092,1169.6478736405636,1721.0777783975034,5048.054318099496,719.0292641796581,2194.030016754074,1276.3071747331344,347.94211955398833,106.92222971399232,546.6053529549223
2024,11,24,1,13589.87902623499,21377.40374351036,7650.58799788114,4112.1117111485255,285.29290245147894,1329.6624808636514,1334.814275173514,1362.1551640759574,2576.494790870195,719.0292641796581,1871.45387411691,1506.3130211050789,384.5675786251515,106.03858172561708,2255.851683799562
2024,11,25,1,14454.252971777729,21377.40374351036,5213.462006177134,2836.638920178994,285.29290245147894,1094.621117471414,1098.8622410088565,1094.276316864695,2801.993886876282,719.0292641796581,1551.4377841581122,1208.6583819510329,351.6046535359624,104.27126660652496,708.1884662355977
2024,11,26,1,21663.63263929693,21377.40374351036,5643.415977968886,4797.463623368348,285.29290245147894,1242.3613807364914,1247.174925815927,973.4682211684564,1000.2336598718576,719.0292641796581,1487.4345876471568,965.1227279359398,340.6170118395947,98.9693403916107,694.3024236841441
2024,11,27,1,15924.106223105244,21377.40374351036,5185.374551359536,4602.317875054076,285.29290245147894,993.889104589193,997.7399406527416,1288.6198158342968,1895.532108197713,719.0292641796581,1833.051956210258,1418.3696150319136,353.4359205269495,104.27126660652496,629.9216674860404
2024,11,28,1,20776.292240764287,21377.40374351036,6375.850092394509,4900.500618052818,285.29290245147894,933.4498857117986,937.0665492478176,1540.7410805607894,3476.2585296608954,719.0292641796581,2122.3464474015577,1321.406369920977,423.0243444377471,145.80304747994867,667.7926953182152
2024,11,29,1,59328.62225872971,21377.40374351036,3133.329674966184,22807.076549606405,285.29290245147894,1833.3224895357785,1840.4257209991488,914.3041496017872,11574.132491348597,719.0292641796581,3904.195792701594,1519.8427796615667,402.88032803591295,123.71167548951338,748.5842371529801
2024,11,30,1,40515.61721475658,25359.807024814458,15446.808311371336,19755.357255687693,555.9428685858626,2584.9504420707462,2594.9658656616166,5895.712892464495,8536.014426020301,1036.6329111998443,5479.839371136042,1738.048233636281,773.3648517398944,157.51204373619387,812.3423874364007
2024,12,1,1,25058.91505117147,25359.807024814458,8815.629534319676,11671.20966406479,555.9428685858626,3166.62699863448,3178.89613549275,3777.98143911728,5017.999121779232,1036.6329111998443,2924.537225025051,2674.4299867157583,342.27870308578275,133.01015537763544,742.946316437899
2024,12,2,1,65077.79939214185,25359.807024814458,14511.12052776255,25090.343131723625,555.9428685858626,2314.16999049972,2323.136271763344,957.9190991023072,5853.939849334315,1036.6329111998443,3384.2470637855995,1861.7213036989936,501.3920298120128,135.63537205851412,843.63865416876
2024,12,3,1,37788.41865691814,25359.807024814458,13718.704384268529,20410.82868203582,555.9428685858626,2223.909839975989,2232.526407130531,957.9190991023072,3781.748755912943,1036.6329111998443,2909.8656292845694,1908.098662022021,542.0954556142442,168.01283389038315,642.2539490958922
2024,12,4,1,19374.513269690466,25359.807024814458,8237.236514676408,11028.465853006051,555.9428685858626,2000.7667163917365,2008.5187126563635,1454.0610592007474,3616.915335594298,1036.6329111998443,1785.043611397915,1744.673584564186,455.13815853698895,140.88576713560877,858.606454509499
2024,12,5,1,18709.6257399218,25359.807024814458,7317.467777676956,10990.28305470422,555.9428685858626,1133.2663591262951,1137.6572141474232,1037.3877547630077,3065.9009198511403,1036.6329111998443,1917.087919359844,1393.530427159086,429.2360001631237,154.01177397067673,729.3392413706457
2024,12,6,1,12918.919268952272,25359.807024814458,6020.947609032316,6923.814678776512,555.9428685858626,905.1087300920608,908.6155854576922,1037.3877547630077,2072.191093420964,1036.6329111998443,1371.7937989640257,1526.0372493729085,407.0341387710629,141.76083936256833,729.3392413706457
2024,12,7,1,15845.197466019014,25359.807024814458,4570.543047375571,5858.938785468481,555.9428685858626,1035.484534037141,1039.4965321247598,2233.712710784279,3379.0843611521823,1036.6329111998443,2452.601029629631,1333.9023178939267,405.1839902801607,137.38549737009163,609.5969570900469
2024,12,8,1,11276.028569892987,25359.807024814458,5354.115276086692,6834.721466882638,555.9428685858626,827.3847038439254,830.5904164745187,1402.522357485881,1945.0339325794337,1036.6329111998443,1672.561431089698,1497.327444438084,342.27870308578275,133.01015537763544,606.8755657655754
2024,12,9,1,10535.761333883149,25359.807024814458,4100.046008714899,2335.5146943416908,555.9428685858626,1559.4948631935922,1565.537146012043,2847.9837090015744,2109.867300802777,1036.6329111998443,1726.3572284363834,1230.1053006149284,375.5814951738739,124.25949053502367,751.1105496338134
2024,12,10,1,8282.101890731723,25359.807024814458,5377.109509679865,4632.846590381551,555.9428685858626,1198.454261098835,1203.0976874809571,1634.476342433016,2722.1055926122444,1036.6329111998443,1826.613105811344,1263.2320061681305,373.7313466829717,126.88468807358124,692.6001327669477
2024,12,11,1,10611.141040125078,25359.807024814458,5776.855119761389,4486.47915725156,555.9428685858626,1105.6868857200188,1109.9708837182495,350.8969432326031,2724.460349061797,1036.6329111998443,1980.6648342346048,1205.8123472121597,373.7313466829717,126.88468807358124,623.2040321571959
2024,12,12,1,8589.419101311572,25359.807024814458,4869.4679186157455,1438.2188628915435,555.9428685858626,704.5306302037465,707.2603431527425,350.8969432326031,2036.869642489112,1036.6329111998443,1594.3129204744544,960.6747064822456,366.3307129688316,128.63483252750035,698.0429450270364
2024,12,13,1,10491.306654217797,25359.807024814458,4818.173102559431,5634.084502374481,555.9428685858626,1902.9848913025817,1910.3580306337,350.8969432326031,2625.560317708568,1036.6329111998443,1767.926776551428,1015.8858660423668,379.2817921557642,138.26056959705122,625.9254530929175
2024,12,14,1,6751.314310103076,25359.807024814458,3353.618277249819,4643.452904745084,555.9428685858626,388.6200755010333,390.1257889602596,350.8969432326031,2679.719820236433,1036.6329111998443,1599.2034523876848,1082.1392771491087,342.27870308578275,132.135102292997,576.9399946953477
2024,12,15,1,10282.56290897907,25359.807024814458,2877.814834562341,6047.731523619762,555.9428685858626,1509.3503103517332,1515.1983074580432,350.8969432326031,2025.0958602417568,1036.6329111998443,1432.925421031562,1155.0180882707546,286.7740496057165,127.7597603005408,576.9399946953477
2024,12,16,1,6921.401847948557,25359.807024814458,6059.860889234823,4934.066470079624,555.9428685858626,792.2835558723914,795.353268655661,350.8969432326031,3263.700982557599,1036.6329111998443,1870.6278930323936,1256.6066552402256,377.4316436647762,116.38389791939196,857.2457292360133
2024,12,17,1,7543.767493254908,25359.807024814458,5331.121042493519,4736.788670924334,555.9428685858626,1160.8458325324057,1165.3435445764303,350.8969432326031,1643.624273525747,1036.6329111998443,1895.080552599732,1221.2714993774964,368.18086145973376,104.13296331126308,625.9254530929175
2024,12,18,1,8939.25815302299,25359.807024814458,4635.988182242159,4217.078315776747,555.9428685858626,915.1376295125704,918.6833419774372,350.8969432326031,3341.4081537703696,1036.6329111998443,3061.47206490021,1265.4404564776576,357.07993076370343,99.75762131880688,553.8079611587984
2024,12,19,1,7918.733099271561,25359.807024814458,7030.9244422905895,4282.837550450958,555.9428685858626,1160.8458325324057,1165.3435445764303,7689.126491187477,2234.669705195164,1036.6329111998443,1486.7212720798632,1049.012571595907,358.93007925460563,94.50722624171222,698.0429450270364
2024,12,20,1,9356.745686829689,25359.807024814458,4223.861036306828,7195.336821176765,555.9428685858626,1058.0495577332456,1062.1489842941444,1402.522357485881,1726.0410097329236,1036.6329111998443,1547.8528941470045,1450.9500370287344,310.8260594886796,90.13188424923554,465.361973221809
2024,12,21,1,5533.64241232713,25359.807024814458,4352.899014994012,7195.336821176765,555.9428685858626,1414.0757101178308,1419.554564565441,1402.522357485881,791.2002508246117,1036.6329111998443,1119.9314859730289,1276.4826589376175,314.526356470484,93.63215401475266,487.1332814848724
2024,12,22,1,4234.792336037151,25359.807024814458,4352.899014994012,3633.729931748144,555.9428685858626,180.52030104729525,181.2197292654594,1402.522357485881,2724.460349061797,1036.6329111998443,2078.475472503956,1276.4826589376175,316.37654471191746,88.381758937658,487.1332814848724
2024,12,23,1,7650.072182743434,25359.807024814458,4352.899014994012,3472.5136775351607,555.9428685858626,940.2099338032384,943.8527892321574,1402.522357485881,1601.238553245237,1036.6329111998443,1995.3364299750872,1550.3302027756772,318.2266932028197,91.88202870315466,572.8578780974946
2024,12,24,1,4070.5032704645214,25359.807024814458,4352.899014994012,2660.0685036930977,555.9428685858626,747.1534527407042,750.0483083614507,1402.522357485881,1648.3338385201532,1036.6329111998443,1494.0570430990986,894.421246288843,327.47747540794785,89.25681202227597,567.4150362260516
2024,12,25,1,9352.880053092116,25359.807024814458,4352.899014994012,3228.5679715068736,555.9428685858626,955.2532829339196,958.9544240116916,1402.522357485881,1617.7219004865906,1036.6329111998443,1542.962362233774,1068.8886243796214,331.17777238983814,94.50722624171222,574.218573759626
2024,12,26,1,7081.8252797828645,25359.807024814458,4352.899014994012,3192.506474130072,555.9428685858626,1070.585682008841,1074.7336799437842,1402.522357485881,1309.2480241799549,1036.6329111998443,1320.4432407233453,1024.7196672797988,331.17777238983814,98.00749600720886,613.6791032991499
2024,12,27,1,6347.356516045124,25359.807024814458,4352.899014994012,3964.6475487440375,555.9428685858626,1010.4122297464728,1014.3270848700396,1402.522357485881,1106.7384485747984,1036.6329111998443,1340.005368377453,1161.6433901119983,342.27870308578275,96.25735155328974,655.8610241631452
2024,12,28,1,7242.248711617924,25359.807024814458,4352.899014994012,1745.8025502345176,555.9428685858626,932.6882592379808,936.3019718424736,1402.522357485881,2095.7387100109763,1036.6329111998443,1569.8602609071163,1015.8858660423668,349.6793368000087,87.50668671069846,627.2861783664032
2024,12,29,1,6749.381514898533,25359.807024814458,4352.899014994012,2995.2286749747814,555.9428685858626,1541.9442334681814,1547.9185161470064,1402.522357485881,689.9454630222375,1036.6329111998443,1384.020101896887,945.215554316909,349.6793368000087,82.25629163360381,624.5647574306817
2024,12,30,1,6716.52369311816,25359.807024814458,3802.889920431191,3171.293797836674,555.9428685858626,624.2993791005252,626.7182350396745,1331.6364046874132,1036.095546710278,1036.6329111998443,2051.577520128998,830.37628549129,340.4285545948805,84.00641694518133,639.5325281601705
2024,12,31,1,11796.49377928411,20196.233408128977,8822.689676466818,5523.624408464002,977.3986874635428,1604.3908208876164,1597.6198433664754,2639.893565738626,2800.6806528234533,1452.719934516795,3120.8148990032164,2191.225683163063,338.37582910776433,278.115025309924,968.8388523349504
2025,1,1,1,11642.756133533509,21190.59220663158,6939.025014016909,4887.544181734705,977.3986874635428,1788.0259605593849,1780.4799914422929,2336.735060195443,1605.625805800834,1452.719934516795,2812.9925826781773,1907.305129729951,409.3929806926394,228.5877017843413,703.9411757167552
2025,1,2,1,13092.937829590148,28478.97348051492,6635.83243454722,5324.712691002018,977.3986874635428,1365.1819762287555,1359.420526865565,2664.0389464634704,3032.848744290565,1452.719934516795,3188.574530789523,1955.3884370226456,361.351958287748,217.1582936707818,301.6890445304053
2025,1,3,1,23882.106017261,47242.79270378924,7704.532575593607,9281.087893869531,977.3986874635428,1084.896813320012,1080.3182456542588,1711.6383020029668,4034.837437137803,1452.719934516795,2644.561494307963,1756.186120587235,390.594287831086,194.29951930610392,1032.6105710786298
2025,1,4,1,22427.335147306632,51384.16273998196,8968.910251316345,9853.77870375992,977.3986874635428,1780.7771610558946,1773.2617838979777,2352.832019932542,2957.088616673886,1452.719934516795,2547.762044622534,1751.6067290775427,388.5055696718799,194.29951930610392,718.6577013379073
2025,1,5,1,19320.45856387859,45732.442348282886,9330.16100913818,8992.556694039511,977.3986874635428,2278.5249293154097,2268.908917507751,2232.1051751890345,3267.460743737124,1452.719934516795,2145.076260803274,1838.6146618299065,290.33480670287275,194.29951930610392,762.8073320607072
2025,1,6,1,25513.560448194057,53192.82078815959,10871.927655448038,10607.89439302361,977.3986874635428,2029.6510717193728,2021.0853771246057,3109.386890106087,305.4843647750588,1452.719934516795,993.1625629524284,2010.3407809867456,622.4443895615465,255.25625094524617,630.35843989228
2025,1,7,1,24028.95985642584,68559.69537807611,10555.833201497546,11602.45278872986,977.3986874635428,1862.9297444883248,1855.0676604753928,2701.59844067569,3844.21519094187,1452.719934516795,1355.1925932097663,2044.6860149368144,327.93210065452536,255.25625094524617,902.614433180381
2025,1,8,1,20431.040751149085,49938.311329101314,9368.86644580874,9204.583420315565,977.3986874635428,1628.5533797643295,1621.6804294938577,2580.871595932182,3416.5370909909047,1452.719934516795,1366.8085288726686,1934.781276415388,392.6830518760282,236.20729323923263,689.2245962362596
2025,1,9,1,16945.556589325595,39062.17600957968,7835.701018024013,7718.210421745522,977.3986874635428,1541.5683163970334,1535.0624673970667,2173.083146501786,2957.088616673886,1452.719934516795,7455.4951385539,1806.5591236347764,373.884404900193,215.25338534145152,735.8269812292652
2025,1,10,1,17705.06628732675,35611.48223602598,7252.969116643059,6966.280551317229,977.3986874635428,1432.8370137217014,1426.7900411978865,1808.2198249024352,2991.302899019386,1452.719934516795,2491.61834849913,1637.1226496396498,392.6830518760282,194.29951930610392,708.8466842571391
2025,1,11,1,14871.246099688044,26181.1983864086,6861.614140675989,6738.952901589728,977.3986874635428,2324.433727500212,2314.6239677375765,2154.303399395676,3020.629365405864,1452.719934516795,2447.090588038628,1634.8329538848034,497.1200152084076,194.29951930610392,642.6222651025973
2025,1,12,1,16268.652158702746,26584.316819828768,6966.978927530812,6802.342318428637,977.3986874635428,901.2617267156865,897.4581504219249,2063.087568995838,4069.051719483304,1452.719934516795,2824.60851834108,1827.1662336489003,311.2222177236324,209.53870221589045,762.8073320607072
2025,1,13,1,13053.92975998056,23754.42546207396,7244.36789811793,6465.7225773101645,977.3986874635428,1440.0857601576954,1434.008195898665,2371.611708157848,3839.327482324795,1452.719934516795,2617.457658599947,1909.594774891664,465.7889216201095,234.3023849099024,711.2994385273175
2025,1,14,1,13889.161010252024,25829.14161256454,7136.852806631776,6402.333112570263,977.3986874635428,1452.1669865286094,1446.0384361188728,2194.545680976906,2800.6806528234533,1452.719934516795,2675.537336914458,1850.0630394177783,463.7002034609033,213.3485188745548,718.6577013379073
2025,1,15,1,13384.35092097068,22386.51022184452,6403.599767831642,6061.341685880006,977.3986874635428,1512.5732775855076,1506.1897957503622,2237.4708088078605,3005.9661322125608,1452.719934516795,2545.826062431429,1763.0551572585484,336.28706506282214,215.25338534145152,748.0907525802116
2025,1,16,1,12411.444225069285,24686.972737546985,6233.72593542369,5757.509562598536,977.3986874635428,1353.1006967904525,1347.3902338019273,2232.1051751890345,2795.792890535404,1452.719934516795,2447.090588038628,1710.3924584561612,413.5704170110696,207.6338357489937,669.6025620747233
2025,1,17,1,12659.260072942505,24759.534065006388,6291.7840670828255,5462.4208104604895,977.3986874635428,1428.0044807193387,1421.9779028349735,1647.2506985777886,3020.629365405864,1452.719934516795,2425.794698903929,1726.420227553726,568.1371667932826,200.01424429410235,701.4884214465493
2025,1,18,1,11594.569716128184,23816.236926080408,5414.460804757508,5403.403031292225,977.3986874635428,1411.0907213461155,1405.1355242519069,1993.3342730710287,3027.960982002386,1452.719934516795,2629.07359426285,1735.5789599798854,273.6248778862616,200.01424429410235,733.3742269590595
2025,1,19,1,11390.351111762564,20647.72607953013,5588.635246427925,4985.907083147157,977.3986874635428,1379.679469100851,1373.8568362672293,2106.0126968267923,2040.6355223484509,1452.719934516795,2356.0990849265168,1682.916261177498,382.23932342278925,186.67992785121257,740.7324897696493
2025,1,20,1,1536.6112902622951,23214.24675656866,5889.677567959296,5114.871831462206,977.3986874635428,1469.0807459018324,1462.88081470194,1880.655908196163,3543.618588454731,1452.719934516795,2187.6679965563026,1753.8964248323891,413.5704170110696,190.4897445098769,740.7324897696493
2025,1,21,1,1536.6112902622951,19588.86833640232,6171.36714780888,4824.154716994804,977.3986874635428,1616.472100325973,1609.6501364301666,2441.3650040825646,2304.5740418524606,1452.719934516795,2145.076260803274,1465.3964798895845,459.5227212567549,184.77506138431585,593.5671258393858
2025,1,22,1,1536.6112902622951,17903.833275260702,5066.111828030449,4762.951166892285,977.3986874635428,1082.4805468188304,1077.9121764728025,1604.3255707468345,2844.670406074208,1452.719934516795,2119.9083647699963,1561.5631450681997,403.12673444354886,171.44074494142606,684.3190876958755
2025,1,23,1,10697.384526757927,18368.763172687835,5046.759133041675,4644.915656456898,977.3986874635428,1297.5269387358635,1292.0510125332971,2256.2504970330738,3074.3946432325874,1452.719934516795,2181.860049983087,1504.3210547561196,413.5704170110696,165.7260618158688,684.3190876958755
2025,1,24,1,10027.363902720554,18387.575418974466,5109.117873963474,4579.340372881599,977.3986874635428,1251.6181405511145,1246.3359623035258,1899.4356553022728,2221.48229763913,1452.719934516795,2267.043564005512,1735.5789599798854,369.7069226960447,160.0113786903077,684.3190876958755
2025,1,25,1,10038.836837465438,16001.114290763491,5158.574833790493,4417.588006729397,977.3986874635428,1268.5318999243375,1263.1783408865929,2073.8188362333985,2724.9205252067745,1452.719934516795,1184.8255226484466,1650.8607229823683,438.6353102359776,160.0113786903077,662.2442992641336
2025,1,26,1,9809.3777309223,14958.381254280934,5253.188144181868,4144.357682449835,977.3986874635428,1341.0194704195385,1335.3599935817194,1918.2153435274863,2605.17064433947,1452.719934516795,2358.0350671176225,1671.467883589626,409.3929806926394,156.2016038940807,694.1301047766436
2025,1,27,1,9657.934672120846,18000.581692199034,5008.053696371314,4122.499254591352,977.3986874635428,1145.3031043768565,1140.4696052856943,2055.039148008093,2627.165494129425,1452.719934516795,2166.3721074216046,1600.4877199347347,396.8605340801766,148.58201243918552,637.7167027028698
2025,1,28,1,9729.06700475426,18618.69662737865,5347.801407880034,3989.162868605508,977.3986874635428,1203.293128932573,1198.2148957357274,2001.3827529396708,2575.844124282019,1452.719934516795,2071.5086399272814,1263.904467699235,451.1677568484404,146.6771041098553,637.7167027028698
2025,1,29,1,7349.57585630354,17342.154901872625,4094.175302006768,3941.074327317057,977.3986874635428,1309.6081651067775,1304.0812527535052,1953.0919914898907,1784.0286731120664,1452.719934516795,1922.4374585007613,1978.285242791616,363.44067644695406,140.96242098429417,647.5277736429813
2025,1,30,1,8244.466458724932,16146.236886659684,5001.60278247732,3973.86194515421,977.3986874635428,1304.7756851719112,1299.269167234129,1797.48849878407,2573.400269973546,1452.719934516795,1804.342119680635,1788.2416587823652,319.57713624621084,131.43792120006876,600.9253886499757
2025,1,31,1,7586.389697875777,16838.999365668325,5049.610766074836,4255.324488911898,663.7445888562042,983.5348793629372,979.384087378388,1689.3922402904186,2803.14259425153,1351.0448931688263,2135.388271740453,1536.0629658000123,511.7722905009891,141.1155119160884,698.7868908923593
2025,2,1,1,6249.947786631642,16992.203349707852,4517.059705626994,3684.049441238694,663.7445888562042,1106.7787991297134,1102.10788337015,2408.054350740071,2390.125097615892,1351.0448931688263,1872.0946937520887,1355.6086116245654,173.37590458884654,131.58067210994545,605.615298258777
2025,2,2,1,7390.08736588379,15245.140388316842,3856.1830575036247,3632.319800565369,663.7445888562042,1101.9456823855903,1097.2951637290307,1418.5531881563345,2314.3644869604486,1351.0448931688263,2234.12336348614,1269.78273803685,344.66295336129656,127.7667529324647,610.5190833003386
2025,2,3,1,6412.541594867297,18290.40552093223,4226.1884669483015,3443.3941980200134,663.7445888562042,749.1297520885818,745.9682152324912,1724.2527549047988,1920.8980931479807,1351.0448931688263,1817.8871924015325,1331.4012905953043,359.28503584745533,123.95283375498016,583.5483194311071
2025,2,4,1,6856.700345199384,16105.232931327557,5060.304576721082,3391.664557346536,663.7445888562042,1817.243776467746,1809.5745000042407,1858.331476095704,2128.6287686201663,1351.0448931688263,1850.7988896501288,1395.2205454968962,233.9530444641244,129.67371252120506,647.2973095340067
2025,2,5,1,7092.6596455797735,17083.58819678911,3214.555259204817,3450.1415341249976,663.7445888562042,384.2310564650945,382.6094940550016,1949.505030057824,1916.010277188958,1351.0448931688263,1837.2470143124888,1379.8158820606927,357.1961800310766,125.85979334372053,617.8747070033514
2025,2,6,1,6172.616588500432,16175.115454505436,4542.72482316214,3713.287929627925,663.7445888562042,1056.0312590525778,1051.574512090693,2137.2152986058954,2228.828298057933,1351.0448931688263,2032.781215612656,1366.611920967627,409.4178048693497,125.85979334372053,605.615298258777
2025,2,7,1,6535.478388975663,15019.366105367611,5293.429359311914,3841.487459326821,663.7445888562042,1283.1867377444696,1277.771331196651,2341.0149901446644,3516.7586792004686,1351.0448931688263,1922.4302307205369,1806.744547656316,227.6864311292344,125.85979334372053,632.5860082686927
2025,2,8,1,7655.789484033753,14879.60105901288,4910.591414446071,4106.882950897745,663.7445888562042,1346.0169900806957,1340.3364223136298,2499.2279047021902,2285.037805890076,1351.0448931688263,4263.032614716685,1879.3664601509656,424.0398873555085,104.8831541426942,681.623697106251
2025,2,9,1,7136.282411432993,15965.46788497282,5609.965715525753,5002.030514821328,663.7445888562042,1597.3379463583176,1590.5967339382205,2727.16178960758,2827.5815130338538,1351.0448931688263,2642.6156058063243,1756.1293044409238,463.7283314097553,127.7667529324647,696.3349983715649
2025,2,10,1,10992.92848754886,16677.7320544318,6880.388776702398,5802.7152295710885,663.7445888562042,1826.9099568885497,1819.1998864429968,3429.734477066628,3089.0778420297083,1351.0448931688263,3064.65968094778,2343.7064078689164,359.28503584745533,139.20855232734803,742.920794688356
2025,2,11,1,9355.09319575312,14382.360069573797,7671.729737276217,6014.13198440069,663.7445888562042,1974.3193542409483,1965.987174953284,3762.249788053273,4447.881071539639,1351.0448931688263,3097.5713781962745,2018.0082287040773,637.10428188432,143.02247150482876,733.1132784645763
2025,2,12,1,10078.83396657993,18448.985115459032,7310.279413702868,5957.904151591219,663.7445888562042,1918.7387504871324,1910.64113687619,3899.010118996543,3409.22753316618,1351.0448931688263,3643.5183560839578,1921.179045773301,436.5730681395525,141.1155119160884,821.3810860565695
2025,2,13,1,43341.16720144716,16973.388860558392,7141.317401603295,5955.655007622228,663.7445888562042,2085.4805617485813,2076.6792511074723,3633.5341686053966,4638.504552168099,1351.0448931688263,3374.4168315222773,1896.9717753371733,781.2360215008667,152.55731131097176,733.1132784645763
2025,2,14,1,10665.757995214442,18118.38704774376,7297.446831588691,5872.437782491675,663.7445888562042,2010.567544085769,2002.0823873094364,3483.365965543081,4377.0082231722445,1351.0448931688263,3109.187271342808,1428.2304735260814,317.50769009109376,143.02247150482876,897.389484904016
2025,2,15,1,11173.367949855206,26740.81480175683,6193.847011043884,5053.760107593661,663.7445888562042,1957.403525237736,1949.142735474644,2665.485589636008,4083.741358797673,1351.0448931688263,2559.3683715893826,1245.575417007589,532.6609404363019,152.55731131097176,733.1132784645763
2025,2,16,1,9097.322489576676,17470.629849997476,5103.079772612859,4448.748331494239,663.7445888562042,1648.0854333680109,1641.1300523741947,2783.474887836307,2248.3794545520777,1351.0448931688263,2663.9114099082853,2389.920347584393,511.7722905009891,137.30159273860386,767.4396121774497
2025,2,17,1,10753.003481181997,9213.741425288878,5096.663504902474,4354.285530221562,663.7445888562042,2046.8157869979784,2038.1776525090183,2595.764619288236,2267.930557375378,1351.0448931688263,2398.6818497288164,1848.557183871785,447.01739310721774,137.30159273860386,789.5065910051197
2025,2,18,1,9386.818797907456,12447.151803531962,5505.16652061045,4664.663326360828,663.7445888562042,1780.995533555537,1773.4792348046594,2770.0670157171708,3235.711247381572,1351.0448931688263,2824.597889252484,2121.4394174780928,463.7283314097553,137.30159273860386,691.4312133300033
2025,2,19,1,10209.702172661247,9944.820083896802,5719.042453376718,4010.17105355707,663.7445888562042,1205.8572413107595,1200.7681868432808,2837.106376312669,2842.2448535691046,1351.0448931688263,2569.0482825448103,2095.0314446987354,392.7068665668121,123.95283375498016,674.2680195438949
2025,2,20,1,8355.73606467946,13936.187055140006,4718.103102972295,4307.054129585224,663.7445888562042,1483.7602070123446,1477.498324385214,2389.2833768779974,2930.2249504511965,1351.0448931688263,2288.3308648366974,2106.0347540418893,271.5526327019747,131.58067210994545,671.8161808824711
2025,2,21,1,10205.73646667477,10907.04857691862,5479.501403075305,4388.02225864778,663.7445888562042,1384.6817648312986,1378.8380209120835,2681.57501262652,3702.49439754088,1351.0448931688263,2785.87824543067,2191.860627629605,687.2370509062322,154.4642708997121,809.1216773120227
2025,2,22,1,7945.285792364249,15710.127891899578,4679.60540332317,3857.2312755059306,663.7445888562042,1430.5961350968687,1424.5586197069383,836.6514086499527,2619.850837561798,1351.0448931688263,2176.043897753371,1560.2702868292731,104.44334144801816,148.74339213349103,615.4228144825569
2025,2,23,1,6303.484794581749,14116.268914548606,5633.492108285978,3585.08839992903,663.7445888562042,1488.593270689025,1482.3109911828506,836.6514086499527,1901.3469366538363,1351.0448931688263,2083.116752581001,1672.50408260312,461.6394755933588,135.3946331498635,590.9039969934631
2025,2,24,1,6717.900727144548,13387.878031672502,4822.902297887598,3490.625598656352,663.7445888562042,1336.3508096599455,1330.7110358749271,1973.639223424536,1114.414149028902,1351.0448931688263,2094.732645727536,1456.8390980553506,444.9285372908212,123.95283375498016,630.1341157478982
2025,2,25,1,6507.718492808084,14812.406311567844,4204.800845656006,3247.7212593695226,663.7445888562042,1222.7730703139728,1217.612626321921,2177.438914963213,755.1621985748565,1351.0448931688263,1924.3662129115407,1555.8689327361317,294.53018433940224,133.48767356112313,676.7199120646893
2025,2,26,1,7935.371550267077,12904.075979917696,4974.754231630342,3297.201756073858,663.7445888562042,1464.427846170791,1458.2475515077554,2193.5283968346225,1774.264634125144,1351.0448931688263,2071.500859434468,1417.2271641830196,367.6405049987241,127.7667529324647,642.3935783517884
2025,2,27,1,6349.090390558905,11955.286365557544,4465.729470556704,3252.2194515055166,663.7445888562042,1283.1867377444696,1277.771331196651,4767.840373627614,1874.464163562911,1351.0448931688263,2025.037286848334,1551.4676292362158,405.2400932365744,137.30159273860386,603.1634057380099
2025,2,28,1,8608.500411805222,13936.988937548072,4455.265436013426,3664.8800323134246,581.9616575752982,1283.433925861861,1278.017476111125,2095.9882939828203,2563.6476092339817,2340.927611432264,2367.7007776107102,1659.6167336592223,378.07418447840087,129.77573127996388,657.1301396468275
2025,3,1,1,8289.267643422043,12965.137619538498,5117.190574766925,3908.592270015265,581.9616575752982,1775.6791316707229,1768.1852696211693,2636.108352543664,1962.4490371620616,2340.927611432264,2632.9297425612217,1470.0783225981038,371.8077546864194,133.59266455290185,662.0340862663917
2025,3,2,1,9572.669729328636,13637.957744614896,5615.755970594298,4320.144038270588,581.9616575752982,1807.146847668019,1799.5201830650694,2851.081506371553,2448.784470906224,2340.927611432264,3105.3082917622137,1590.2734113053266,624.5534809822401,139.31806446231266,617.8985128309159
2025,3,3,1,10114.07126969643,14177.28186044098,6061.282542211348,4559.257922827038,581.9616575752982,1744.2114156733728,1736.850356177216,3090.239137797172,2624.7450403672246,2340.927611432264,3184.6833915315715,1555.6017501283789,570.2444686707329,230.9244211504403,711.0736601808024
2025,3,4,1,11147.263895908976,13792.813242835146,6307.38288078875,4386.820039128013,581.9616575752982,1281.1862015378017,1275.7792378117133,3162.792570589995,3590.0842375877937,2340.927611432264,2644.5455931914885,1895.3840094252887,396.8734738543628,272.910687152781,603.1866191128526
2025,3,5,1,11026.47308283348,13640.627695491854,5373.8987155408,3812.027045563759,581.9616575752982,977.747397847764,973.6210306521956,2106.736931065947,2976.666179289226,2340.927611432264,2344.469033834012,1987.8417388350915,497.1362128689995,208.022821512801,723.333553659412
2025,3,6,1,8845.76802970677,14305.438085983624,4240.988363946213,3770.6419630561672,581.9616575752982,973.2520022670868,969.1446068968552,2122.8599161310394,1456.5624469237548,2340.927611432264,2367.7007776107102,1708.15704918836,426.11676699790894,181.3043304646572,679.1979263645654
2025,3,7,1,9305.204419592936,13424.364094399596,4949.587701623488,3506.237208051027,581.9616575752982,1881.320795148079,1873.381095763016,2251.84385553249,2155.51685513776,2340.927611432264,2325.109254439424,2008.64474565985,398.9622837850233,175.5789305552464,669.3900331254371
2025,3,8,1,8983.814647085035,14393.545461532723,3716.964280201989,3487.8437954690103,581.9616575752982,833.8948984683747,830.3756290116972,1859.5178071078733,2360.804213011081,2340.927611432264,2251.5421012433835,2135.774136246601,553.5340351111673,167.9450640093666,510.0114717629661
2025,3,9,1,7066.260941183756,10927.987706215305,4540.1276201197625,3391.278618918345,581.9616575752982,977.747397847764,973.6210306521956,2222.285029952886,2260.6044152184454,2340.927611432264,2421.908151412263,1722.0257035404568,246.4792965038393,169.8535306458356,789.5369676719965
2025,3,10,1,8142.593101022951,13683.346437339233,4599.531163002062,3168.258898519804,581.9616575752982,1732.9729532554015,1725.659323210606,1886.3894881368967,1788.932375680508,2340.927611432264,2048.2644388587464,1664.2395847144685,549.3564152498286,173.67046391877355,644.870246168218
2025,3,11,1,7001.55159500518,13520.481263556963,4661.056247646412,3340.69683011982,581.9616575752982,1054.1690165844411,1049.7201288060708,2168.541726775736,2008.88307408908,2340.927611432264,2218.630489027626,1622.6336216580848,509.6690724529801,162.21966409995582,649.7741927878096
2025,3,12,1,7941.994141590549,11929.208188756833,4739.553759773388,3531.528078499869,581.9616575752982,1072.1505458397064,1067.6257709839497,2324.397288325313,2030.8781385628008,2340.927611432264,2282.517773784505,1657.3052828350328,463.7152998641147,152.67733091760323,492.8476316647924
2025,3,13,1,8828.512179665115,12052.024571568683,5212.660514376724,3543.0239374130765,581.9616575752982,1890.3115863094329,1882.3339432736968,2558.180571768875,3404.3480898797206,2340.927611432264,2965.917914134456,1668.86248636294,334.20922182021366,164.1281307364248,784.633021052405
2025,3,14,1,15239.05173404086,13581.889425451584,7713.973847333047,6253.747632024575,581.9616575752982,840.6379653056689,837.0902382229664,3780.840409925536,2541.6525447602603,2340.927611432264,3138.219903978073,1777.5003715422556,549.3564152498286,146.95193100819245,620.3504592110263
2025,3,15,1,14378.417379551283,13555.190211796587,7771.255801760284,6136.489890269618,581.9616575752982,1631.8266322912798,1624.9398679806172,2910.199098649956,4267.043634999052,2340.927611432264,2749.08837641218,1983.21883718662,589.0437580466948,160.311197463483,843.4804882059715
2025,3,16,1,11367.275663768867,13515.14142082617,7049.927120124486,5508.815955284565,581.9616575752982,1732.9729532554015,1725.659323210606,2902.13760611741,3299.260529798906,2340.927611432264,3217.5950037473285,2403.9016223654253,557.7116549724882,166.03659737289377,855.7403816845537
2025,3,17,1,12117.90413432878,13592.569110913171,6869.594949715535,5115.657551710267,581.9616575752982,1559.9004091352797,1553.3171935820828,2907.5119540993755,3186.841299450596,2340.927611432264,2654.225504146916,2302.198089658771,495.047402938339,166.03659737289377,796.8929145310145
2025,3,18,1,12124.375055224888,10551.528823195124,6443.162394036172,5708.843909955546,581.9616575752982,3414.248883866793,3399.8397996565923,3751.281584346023,4572.530683323191,2340.927611432264,3353.1134595092435,2369.2299611884773,818.8126209909686,171.76199728230458,757.6612338557595
2025,3,19,1,11278.839546652249,13795.483134689492,7357.5525900392495,5007.596468345401,581.9616575752982,3414.248883866793,3399.8397996565923,3095.613485779138,3678.064495482807,2340.927611432264,3376.3451607696747,2547.2111687216884,411.4950974832857,196.5720635564168,845.932434586082
2025,3,20,1,11130.008045867322,13082.61415961904,5830.03304266151,4697.208229786135,581.9616575752982,1755.4498780913975,1748.0413891438789,2547.4319346857487,3199.060785677245,2340.927611432264,3051.1009179607627,2466.310642839885,451.1824402801519,187.0297303740641,814.0567546291883
2025,3,21,1,12784.410404543456,13581.889425451584,6746.544780426834,6538.844952234008,581.9616575752982,2004.944040948143,1996.482616926224,3971.629086155878,4125.297616238421,2340.927611432264,4206.879650028074,2507.916605896269,710.194596367954,185.1212637375952,863.096328543599
2025,3,22,1,15308.075042729992,14374.856041485997,11284.550812091536,8605.800547702545,581.9616575752982,3423.2396219607044,3408.79259432379,6400.825777404199,6158.619662780929,2340.927611432264,5391.698029928931,3111.2034496636243,877.2992072780609,209.93128814927,892.5200621203549
2025,3,23,1,16552.651511781605,13616.59843271382,12018.60883768586,9295.552130399485,581.9616575752982,3414.248883866793,3399.8397996565923,7029.622253822866,7737.376918300065,2340.927611432264,6173.833006926458,4451.840930850694,933.6970295202284,221.38208796809155,1127.9099307345386
2025,3,24,1,16440.488623727222,13915.629566624384,14157.13624136922,10065.774725489327,581.9616575752982,4196.44675969105,4178.736581903562,7325.210332976217,9592.294487401996,2340.927611432264,7184.413414792797,5475.810559796855,1253.284581825819,232.8328877869093,1257.8648123795974
2025,3,25,1,14805.499073478575,13611.258589983025,13512.183530098346,10468.129787453565,581.9616575752982,3915.484880836955,3898.9604406772646,7816.961436341782,10772.696620743089,2340.927611432264,7066.318756234365,6691.630050628324,1633.4475762348802,238.5582876963201,1294.6444389560552
2025,3,26,1,16116.941892833487,14203.981074095462,13314.87893220677,10675.055247892364,581.9616575752982,5079.790956479483,5058.352819380575,7631.547108093406,9333.241476005003,2340.927611432264,6835.937385690817,7283.359690867679,1380.7018499390597,242.37522096926187,1422.1473203616326
2025,3,27,1,16641.087628898513,14361.50640514745,13378.525558613172,9983.004512573152,581.9616575752982,4245.896058011109,4227.977190368879,7486.440242507759,10787.360014949312,2340.927611432264,7488.361896016015,7262.556684042828,1292.9719246226853,253.82602078807963,1309.3563326741184
2025,3,28,1,14732.161802278888,14593.7895934547,10387.133090263897,7764.303598609882,581.9616575752982,3540.1198009234745,3525.179506275729,5618.860942867339,8861.569382796093,2340.927611432264,5910.540024167052,6673.138494627663,1054.8478678414876,253.82602078807963,1336.3280660114206
2025,3,29,1,11598.072360774311,12804.942337609553,9290.289182089624,7603.361573824218,581.9616575752982,3272.644055743968,3258.832583471969,5105.612506454715,6796.476693532793,2340.927611432264,5610.463507326046,5374.107027090109,1059.0254877028087,225.1990212410296,1154.8817179312116
2025,3,30,1,12607.538216049095,13878.2506675078,8766.265098345597,8270.121438694589,581.9616575752982,3155.76392984864,3142.4457243635134,4917.510974774953,5906.898321651563,2340.927611432264,4528.251928454774,4784.688837675036,910.7201202829456,217.56515469514977,1154.8817179312116
2025,3,31,1,12525.06014874864,14318.624406510193,9362.871815612634,7273.520017060352,1218.1848317184524,3564.7163983601185,3549.6722991990514,5878.1217269890985,7214.392579310205,4272.336625931948,5653.06850818161,4889.801642718274,937.6231956137066,222.9122018997321,1096.1912507490708
2025,4,1,1,10272.9957604765,13620.02381513376,10253.662731130322,7455.245858472223,1218.1848317184524,4070.692537926369,4053.513078089689,6385.1801392478,7866.913809332903,4272.336625931948,6259.030976509435,5698.463222033776,1167.330434030564,203.8598951987665,1145.2378802368014
2025,4,2,1,11513.706325975812,13738.248585987898,9826.338199654543,7111.985935805491,1218.1848317184524,4055.436976729404,4038.321899623287,6342.254540370224,8387.464491500094,4272.336625931948,7012.128133876455,6596.976121668801,1179.8598980709485,211.480826251641,1307.0916013542255
2025,4,3,1,10714.23439769488,14152.035018375633,9443.659524507728,6719.368430422982,1218.1848317184524,7182.827234375971,7152.513696608849,5617.885346354452,8952.005409956806,4272.336625931948,6781.746253136586,6511.853847499119,1217.448381963592,205.7650965651581,1231.0694145161442
2025,4,4,1,11832.62134572855,10895.481721246466,9012.08303784354,7271.276477509455,1218.1848317184524,4085.9480991233327,4068.7042565560914,5499.840052482413,7869.357717312349,4272.336625931948,6210.631421732094,9051.334984734112,1223.7131139837843,211.480826251641,1530.2535689368126
2025,4,5,1,10351.632348834726,11884.27019337325,9622.242903129987,7340.825868282931,1218.1848317184524,4007.127673071972,3990.216474724613,5912.998728236516,7893.79674343662,4272.336625931948,7538.71533236955,7975.484018128377,1676.862858797289,213.38602761802872,1613.6327798206964
2025,4,6,1,9792.438897687478,13781.239363461951,9962.40174623525,7488.898760132939,1218.1848317184524,4558.870549296504,4539.630841857888,6870.77578150816,9638.741244350847,4272.336625931948,8870.671207389116,8767.594087699583,1507.7147730518916,224.81744512856105,1674.9410262858594
2025,4,7,1,9512.842149244269,14399.232180674544,10434.372134039795,8193.36677817152,1218.1848317184524,2036.617552462706,2028.0224573728087,7082.720811884797,10195.950438868958,4272.336625931948,8984.894156663448,8892.912950582619,1925.3643391604592,228.62788972377768,1787.748171774896
2025,4,8,1,10253.336647691038,12085.789569760753,11261.38330149486,8121.573847846994,1218.1848317184524,2036.617552462706,2028.0224573728087,7058.575195636549,12798.703849705047,4272.336625931948,8932.622637503997,7982.577536759817,1946.246794523024,226.7226883573861,1800.009842611644
2025,4,9,1,9742.198846231297,11392.562877213297,9163.0285209695,7069.358923841719,1218.1848317184524,2036.617552462706,2028.0224573728087,5840.561820611062,11376.35412866842,4272.336625931948,7817.496810402926,9777.238812954854,1664.3333488711685,213.38602761802872,1841.6994480536
2025,4,10,1,9997.767724091724,10699.33612564272,8793.105758080721,7132.177695962349,1218.1848317184524,3852.029494103287,3835.77285340466,5963.972865863537,10071.311561281078,4272.336625931948,6890.161255837701,8341.982716851082,1616.3036602401105,180.9971020401431,2170.311590938764
2025,4,11,1,7868.026953284945,13238.480480606837,6369.474117688365,5386.712403772446,1218.1848317184524,3297.7440508796044,3283.8266496153487,3742.574051319819,7475.889820712486,4272.336625931948,5986.057487565543,6067.326443831308,929.2702042915442,156.2290656526946,1388.0184888426231
2025,4,12,1,6574.892026039406,16446.66916045558,5744.4322691636535,4926.788999266366,1218.1848317184524,2682.4363628681194,2671.1157319604813,4043.053125701514,6077.979072129158,4272.336625931948,4977.410680974482,5263.393860072233,1052.476814822135,156.2290656526946,1292.3776071219638
2025,4,13,1,11028.780705389185,18964.31809717162,8336.017353514439,8292.08203940491,1218.1848317184524,2036.617552462706,2028.0224573728087,4123.538572076321,6437.232364357679,4272.336625931948,4466.311340010132,5774.127505090416,1060.8298061442977,150.51337782864903,1157.4994972142338
2025,4,14,1,13730.821063518795,14976.92105178209,9628.620882605612,8410.989060795158,1218.1848317184524,3129.9328777130527,3116.723686484976,4134.270015956296,5071.092312166119,4272.336625931948,4646.357683781655,4830.688970592384,722.5336805392217,133.36627249407118,1275.211343353559
2025,4,15,1,26035.26189365868,22145.637518965414,14259.033001300548,13335.534520510624,1218.1848317184524,3363.8514827330982,3349.655089636408,6924.432765384906,7991.552740591757,4272.336625931948,5656.9404725637205,5459.647959862347,900.0347117210808,140.98720354694566,1277.6636667490454
2025,4,16,1,20331.925316170487,18289.8998734575,14054.937704775994,11639.426858937495,1218.1848317184524,3852.029494103287,3835.77285340466,5666.176637731658,8345.918216861126,4272.336625931948,5993.801416329967,5199.552141796688,801.8870751569949,160.03955211034858,1294.8299843767936
2025,4,17,1,16214.426459068864,21374.49000166836,13727.53482062178,9967.997988722176,1218.1848317184524,3002.803201071756,2990.130532598361,5210.09236309998,7104.417042257446,4272.336625931948,5488.510021938832,5225.561743840481,1133.9184687418783,133.36627249407118,1022.621387306476
2025,4,18,1,28095.103500224093,20759.184133870505,14762.893239789804,16756.915809918788,1218.1848317184524,3811.347997578031,3795.263044160902,5550.814131228629,7231.499827824903,4272.336625931948,4878.675546712528,5008.027037563188,1029.5061001576005,129.55582789885457,1115.809891772278
2025,4,19,1,23645.58353293304,23889.45198896965,13066.351072837931,12871.12408480359,1218.1848317184524,3419.788540455318,3405.3560773465674,4638.64558196518,7189.953553185934,4272.336625931948,4774.132508393624,5256.300341440885,979.3881522245724,123.84009821237164,1064.310992748404
2025,4,20,1,29925.5883640636,23945.877395471176,22841.66548338129,20496.87813483373,1218.1848317184524,3251.977367288766,3238.253114216195,7898.306837274546,8055.094133375421,4272.336625931948,5635.644668461759,5166.449021121456,916.7406943654236,123.84009821237164,1125.6192392135667
2025,4,21,1,27300.00028400188,27753.25042369867,21953.00054545781,17661.057842073904,1218.1848317184524,4380.888948931235,4362.400373573133,5644.713867733227,9677.843664681212,4272.336625931948,5598.861006831053,5506.938117800276,1150.6244513862212,293.40582460442363,1326.7102423774602
2025,4,22,1,20683.60558488428,17389.779905693566,16078.882709188874,12619.848900519237,1218.1848317184524,3668.962706672328,3653.478658964402,5642.031021483412,7598.084843991894,4272.336625931948,4987.090591930011,5050.588149351369,1054.5650741241054,253.39592611122612,1265.4019959122977
2025,4,23,1,20476.09240245081,21729.16407814032,15411.32102862261,11235.59165580004,1218.1848317184524,3521.4922817683764,3506.630600455881,6213.47780261821,7280.377826402342,4272.336625931948,5171.008900083643,5256.300341440885,1140.183200762071,234.34361941026057,1275.211343353559
2025,4,24,1,19401.392437785104,16411.73911318003,16544.475117517995,11040.40467288431,1218.1848317184524,3811.347997578031,3795.263044160902,6978.089690380937,7871.801625291926,4272.336625931948,5480.76609317451,5206.6456604280365,1125.5654774196985,226.7226883573861,1253.140378934865
2025,4,25,1,17533.773567187516,16941.063367007668,16676.286662217284,11545.19862890506,1218.1848317184524,4983.483695812296,4962.452002261064,7168.571950759143,9147.51740426695,4272.336625931948,5432.36653839727,5409.993329442633,1313.50775922569,207.6703397939832,1137.880856190999
2025,4,26,1,16284.325669049107,19566.18933594199,16132.03256928048,11033.674102132303,1218.1848317184524,5616.589512019842,5592.885935038316,6961.992612882138,8460.781516201805,4272.336625931948,4959.986841254732,5549.499280181683,1073.3592701847,192.42847768823805,1142.785556841315
2025,4,27,1,15524.172012077708,19875.18574454829,14282.418894915629,10255.169662119291,1218.1848317184524,4098.6610933212,4081.363598366511,6366.400215499184,10374.35513099343,4272.336625931948,5395.582876766463,6159.542236632338,1190.3011486950988,171.47092775844357,1179.5704616329272
2025,4,28,1,14202.64054792984,17997.024984270814,12875.011735264625,9068.342939866872,1218.1848317184524,4126.629595648535,4109.214065799795,5395.208930978553,7084.865832092198,4272.336625931948,5534.973594525067,6261.216071139636,1190.3011486950988,171.47092775844357,1397.8277824245413
2025,4,29,1,14377.38852714171,16658.936275478427,13225.800513033715,9501.344013464091,1218.1848317184524,3862.1998682345607,3845.900305715559,5749.344989237085,6285.710606336925,4272.336625931948,5784.715297175791,6788.5012259023015,1369.890439178928,156.2290656526946,1235.9740613071172
2025,4,30,1,13859.844113778665,15539.90294150922,13235.459374010958,10444.504818290316,569.8812557572098,4343.869689239683,4325.537345500435,5819.841007982364,7820.477303540829,3993.911161378256,6365.50536273679,7237.808623056669,1425.0616442455223,156.28348682068207,1343.9863253368262
2025,5,1,1,12682.072842026691,14287.64262375754,12009.245496512489,10123.683883708976,569.8812557572098,3965.173354091549,3948.439214692068,6066.580841964363,8582.973855932263,3993.911161378256,6806.90900469099,7928.982607938157,1537.8964292524622,150.56583146210107,1366.0590671137131
2025,5,2,1,11287.67576694608,15108.089028659915,11078.428013445391,8811.882567177781,569.8812557572098,4220.112713500609,4202.302658775921,6096.082317613076,9729.162565663564,3993.911161378256,7211.529027530853,8594.897743041889,1592.2243005965588,148.65991843428253,1454.3501419398924
2025,5,3,1,12103.703007191947,16225.40751709075,11439.704218935649,9056.657105552586,569.8812557572098,4489.902888771327,4470.95424412927,6235.543924506673,8570.754369705613,3993.911161378256,7190.233223428892,8865.856271990615,1638.1940414173894,156.28348682068207,1579.4291376806368
2025,5,4,1,11445.413011260658,22559.577823533426,13545.731868366656,10123.683883708976,569.8812557572098,2480.089698289932,2469.6230268412364,6093.400354575791,9822.030746859547,3993.911161378256,7892.994333631345,8429.56705775547,1663.268432987187,137.22452399224585,1471.5178599104304
2025,5,5,1,9678.75610363256,11383.694126245891,12963.439674679476,11492.520021345495,569.8812557572098,5222.54416391978,5200.5035684011,6828.255871566135,5278.822182573566,3993.911161378256,8593.819419126325,8904.892708388252,1458.4941663385862,131.50686863366482,1525.4734987955335
2025,5,6,1,11102.597412480747,12409.252147129511,14497.800909413054,11295.27449257491,569.8812557572098,5772.025146814815,5747.665588026688,7144.726508994795,12639.846503435316,3993.911161378256,9002.3114063484,9871.617767956104,1709.238173808017,139.1304370200644,1679.982852811689
2025,5,7,1,10846.011528604262,13151.43232643962,11930.614816036474,10073.778409254232,569.8812557572098,2643.448885038534,2632.2927921802,6372.323627243788,12568.973386713054,3993.911161378256,7172.809426225409,8257.347655048903,1677.8951499314771,127.69504257802772,1878.637798100278
2025,5,8,1,10545.259225467653,20635.307054109428,9743.831302315655,8317.580656528957,569.8812557572098,3269.659171664872,3255.860296437645,5047.438126231358,9914.898928055532,3993.911161378256,5593.048936171403,6408.859075535384,1237.0036845291716,125.7891714126465,1581.8816765134966
2025,5,9,1,12006.957536986032,13723.585753587122,8944.773394672928,7424.034854440049,569.8812557572098,5182.941952910253,5161.0684897866495,4280.399170555014,6669.400831521478,3993.911161378256,4812.848623358062,5212.508095098852,946.558568545652,120.07147419162816,1363.6065282808534
2025,5,10,1,10543.156056111657,12660.24399688462,7459.290687260306,6775.263542824953,569.8812557572098,5225.019335275027,5202.96829384168,3982.702274387445,6517.879073500853,3993.911161378256,4520.515525085055,4705.034826675034,969.543416013208,102.91842439101428,1238.5275325401087
2025,5,11,1,9708.200383139309,14808.518191176949,7306.279600549648,6133.621625761432,569.8812557572098,2643.448885038534,2632.2927921802,3545.543712445475,5393.685481914375,3993.911161378256,4011.352506442658,4036.823469295664,539.0995793506916,112.4479058052286,1086.470663497442
2025,5,12,1,9590.42321937286,15877.25757383419,6267.079283851477,5831.812266281152,569.8812557572098,2376.133828055621,2366.105879423949,3805.693243852291,3140.4104291112926,3993.911161378256,3852.602094322304,4068.9710870866993,892.2306972015556,108.63607974959532,1142.8788412154051
2025,5,13,1,9464.233469660196,16900.116781740693,8721.632175969196,6592.276755256367,569.8812557572098,4725.041142675623,4705.100148905898,4261.625547055443,4076.4238039972,3993.911161378256,5006.446714918016,4884.1430479881055,754.3214747390819,108.63607974959532,1142.8788412154051
2025,5,14,1,9411.654372975803,13583.246180266313,10100.857186871332,8075.182583004675,569.8812557572098,4725.041142675623,4705.100148905898,5768.883886915989,8656.290826963126,3993.911161378256,6895.964142964882,6948.479961750332,1441.777905292054,104.82429555639553,1223.812353402403
2025,5,15,1,8576.698700003457,13324.15783255673,11622.46745880156,8657.413214112352,569.8812557572098,5182.941952910253,5161.0684897866495,6771.934824425005,12480.993021476092,3993.911161378256,8673.194646444686,7754.466881769592,1111.6316807944468,89.57711692115905,1329.2711461991205
2025,5,16,1,9750.263633043716,13774.86361331573,10068.979849902476,9032.892600750476,569.8812557572098,3591.427308586466,3576.270481921379,6809.482189185759,13490.323367392866,3993.911161378256,8464.108697355987,8877.337585741627,1337.3012508083625,91.48302994897762,1581.8816765134966
2025,5,17,1,9094.076760729538,13820.743847089085,10967.919996000524,8586.119699706023,569.8812557572098,4883.450092848615,4862.840569050668,6493.011551757008,12632.514779496718,3993.911161378256,7875.570493911495,9024.298189263664,1608.9405616430906,89.57711692115905,1792.799262106931
2025,5,18,1,8477.850014702659,13305.266023670158,11460.955776914949,9211.126458617864,569.8812557572098,3683.0074281794814,3667.4641078227855,6412.552955041828,12204.83243953856,3993.911161378256,8682.874557400115,8519.121193708617,1462.673254543069,95.2948141421774,1756.011287333023
2025,5,19,1,7872.139069717161,21544.81511358139,10819.15923022425,7770.996758674023,569.8812557572098,4866.124105631656,4845.587702340539,5696.471120431859,12527.427112074083,3993.911161378256,9279.156689608928,9554.734034596464,1460.5837104408276,68.61228292734158,1927.6883593197167
2025,5,20,1,8019.360467251471,14441.476320987567,7255.275889415092,6497.218688146936,569.8812557572098,3447.869227342628,3433.318255889641,5084.985490992111,12329.471317126445,3993.911161378256,6590.079126837866,7931.278830213797,1303.8687287152986,70.51815409272281,1969.3813578999736
2025,5,21,1,8225.47046953845,11928.859187529226,6836.6205614281225,6677.829010864847,569.8812557572098,3086.4988794114524,3073.472991791403,4575.414162566011,8680.7298530874,3993.911161378256,6514.575863901717,6656.855078168354,1051.0352230293438,76.23585131374115,1594.1443168183423
2025,5,22,1,8343.247587565727,10155.72330235814,7098.014528463062,6846.557105132276,569.8812557572098,3606.2781244481785,3591.0586231909274,5270.040351758318,8859.134491540897,3993.911161378256,7407.063101282016,6672.928887063966,992.5282634807464,59.08280151312346,1643.1949318971244
2025,5,23,1,7188.61108725223,11820.905724072552,7897.072436105791,6033.8106289508005,569.8812557572098,2153.3712717252324,2144.283443319772,5138.624575095864,9093.74879883946,3993.911161378256,7372.215421842313,6962.257497777076,1282.973379464266,68.61228292734158,1601.5019333168668
2025,5,24,1,7865.829607388057,12209.53821612562,7829.067487926318,7157.872276113506,569.8812557572098,3697.858297108636,3682.252301935817,5498.006503359939,10389.01535861181,3993.911161378256,7451.590649160777,7540.914820389658,1011.3340686295376,59.08280151312346,1670.172751339676
2025,5,25,1,6431.472406020429,15256.525099935709,8980.90100588335,6608.911913408049,569.8812557572098,3856.267194214186,3839.992669237104,5538.235831157886,10169.064445519343,3993.911161378256,7693.588295498073,7469.730766200895,1280.8838812477425,38.11792565686866,1714.3182887527655
2025,5,26,1,5817.348829349547,12927.428842548676,7472.041603370642,6067.080945254013,569.8812557572098,3269.659171664872,3255.860296437645,4894.566763032048,13397.455239867728,3993.911161378256,7569.685477784582,7462.841998187614,971.6329601154496,45.74149404326823,1792.799262106931
2025,5,27,1,6307.385825663763,14738.34840451603,7540.046551550116,5786.659673626464,569.8812557572098,3554.300215864744,3539.3000759040256,4245.533768831547,10633.405244157577,3993.911161378256,6243.538569730773,6335.37879907098,1030.139873778311,38.11792565686866,1545.093755598904
2025,5,28,1,6601.828620732384,10868.216243803843,6477.469539751663,5342.263237432534,569.8812557572098,1893.4816757406177,1885.490654041778,4063.160871102626,8108.857425375984,3993.911161378256,5718.887693559631,5382.431275529778,532.830947043949,41.92970985006845,1630.9322915922507
2025,5,29,1,5260.010642336449,12973.309076322545,5616.782141984824,4607.939670208959,569.8812557572098,2138.5204558635205,2129.495302050224,2974.287410803766,5496.329241357432,3993.911161378256,4499.219720983094,4190.672840830978,869.2458038482812,38.11792565686866,1270.4104296483251
2025,5,30,1,6576.590679937629,14279.546125802555,5300.134189573957,3963.9212882949128,569.8812557572098,1834.078306158885,1826.3379832766188,3221.0272447856723,5794.484941439788,3993.911161378256,4398.54868956267,4289.411967073139,470.14499106230494,45.74149404326823,1187.0243786284946
2025,5,31,1,6136.032684343914,14359.917632096716,4699.335657663156,4169.0379108378775,200.8467895313735,1986.397980307501,1978.014825843141,3229.3336815812067,3423.8815886221814,1383.2682583796145,3933.91015762151,3876.781087221356,622.9984137938507,44.77015991955604,1189.5379939510583
2025,6,1,1,6040.0959706199465,17066.850834513756,4574.724028781492,3658.8174890307714,200.8467895313735,1848.655028713065,1840.8531879889729,2967.12284999199,5408.315492772289,1383.2682583796145,4427.584936088048,3957.403350587969,664.8103573861395,48.50098215976425,1167.464121128071
2025,6,2,1,5333.297097539328,10040.114653678143,4673.990900591743,3372.3779825537777,200.8467895313735,1887.3196973287288,1879.3546809004065,3163.0909786488337,5254.3507928496165,1383.2682583796145,4204.947281727081,4033.418699752496,671.0821558078335,26.115923131202983,1032.5680760606522
2025,6,3,1,5673.970237187454,14738.942054836984,4551.491381492277,3631.963800267637,200.8467895313735,1520.0052658784316,1513.5904189762382,2994.7240056541764,6405.420180299905,1383.2682583796145,4272.70657338254,4056.453624915327,447.388103871889,37.30843171426496,1145.3901944457675
2025,6,4,1,9932.38473435092,16755.029304351232,9504.2743297117,7583.93426586733,200.8467895313735,2389.960548535176,2379.8742472799786,8015.371824167024,5650.260021222054,1383.2682583796145,4288.194388394917,4268.375118549206,614.636015898235,33.57760947405674,1214.064567184908
2025,6,5,1,7246.157298950407,10886.87131263933,8112.426154663659,5910.053247207591,200.8467895313735,3767.3897991424906,3751.490361604412,3922.1223766351945,9795.087432905611,1383.2682583796145,4725.72572583616,4401.977805917423,466.2034991370064,35.4430415253776,1344.0553191492888
2025,6,6,1,6868.2841969483525,11378.79659963218,6359.41556489216,4057.147477123394,200.8467895313735,2017.813000340756,2009.297265714691,3538.4664719082434,7346.315574679144,1383.2682583796145,4307.554210305772,4272.982083344426,587.4582227375374,33.57760947405674,1295.00222654096
2025,6,7,1,6705.77916805502,12072.330623380363,4815.498987494867,3763.9945484554646,200.8467895313735,1720.5783106068202,1713.3169894169894,3375.619753598345,5193.253683742347,1383.2682583796145,4315.298096553827,4208.484272651154,652.2668064284521,35.4430415253776,1245.949080073288
2025,6,8,1,5243.234045230839,13335.745287151109,5413.212234753132,3220.206967793448,200.8467895313735,1546.5872222350058,1540.0601920501513,3066.4869632714003,4579.838792031493,1383.2682583796145,4588.271202850402,4547.097930570533,514.2872870367254,37.30843171426496,1228.7805003533383
2025,6,9,1,5311.76026278518,12238.993848913336,4262.139018418467,2996.42610036448,200.8467895313735,1181.6893226229952,1176.7022635247477,2956.082399503184,4494.302817812743,1383.2682583796145,4433.392840144895,4434.226711264105,637.6326101111603,20.51966883967392,1209.15927408187
2025,6,10,1,5315.676067554569,13357.250208054526,4540.931066045951,2884.535618749004,200.8467895313735,949.7012047939094,945.6932003689636,3041.6459055110995,4887.768191876578,1383.2682583796145,4731.533672409375,4206.180764956885,497.5624912455119,26.115923131202983,1282.7389399240487
2025,6,11,1,6355.316562222309,14830.337998186664,6196.786847096387,5057.448054165104,200.8467895313735,1389.5119628664045,1383.6478341619534,3008.524554044867,4797.344455369909,1383.2682583796145,4654.094512314858,3796.1587732615167,604.1830185287332,14.923372685703685,1125.7689681742993
2025,6,12,1,5987.23292640484,16843.737176855007,6114.416480000216,5458.015833687708,200.8467895313735,1346.0141775066172,1340.3336216094,2155.6492385830497,5366.7694328172165,1383.2682583796145,4119.764192868139,4104.827033528483,390.9419639622904,11.192550445495472,1064.4525889490317
2025,6,13,1,3420.4368503893625,11316.969907768857,4234.682244950682,3085.93842817564,200.8467895313735,1222.7705230770537,1217.6100898350533,2067.325575792353,3998.194382028512,1383.2682583796145,3556.3941830714043,3411.4752144232493,307.3179850062584,20.51966883967392,1017.8521428921944
2025,6,14,1,5401.823269354783,11575.029076650992,4230.458118772112,2772.6451850343674,200.8467895313735,1060.862200031772,1056.3850651492191,2437.180873247809,2373.011462254791,1383.2682583796145,2793.6183052067704,3038.3090928698766,315.6803829018562,11.192550445495472,958.9883563591304
2025,6,15,1,4673.487561519733,11166.43540242437,3425.762875536013,2463.827572654049,200.8467895313735,901.3703557574416,897.5663210187736,1468.3807982138214,3162.38601102009,1383.2682583796145,2871.05746530139,2529.236826847151,413.938558175198,13.057940634382827,851.071531077053
2025,6,16,1,3833.552012361218,9053.575949823926,2285.249974647869,2168.4368046552986,200.8467895313735,447.06035358746215,445.1736339893911,1647.7882216971925,3291.911845831412,1383.2682583796145,2677.459543806808,2296.583915744711,311.4991839540484,1.867064686362181,613.1638999712243
2025,6,17,1,5497.759983078751,16386.75740108503,2346.499710851195,2038.6438957982928,200.8467895313735,478.4754266881595,476.4561267044239,1487.7016012893632,2035.7554350101768,1383.2682583796145,2414.1663059491907,2268.941975193341,267.5966408878556,16.78880473702837,757.8706389634059
2025,6,18,1,4446.3721198417325,7932.631401791607,2874.514969548996,2195.290493418433,200.8467895313735,505.0573830447337,502.9258997783371,1413.1784868893571,1187.7276851171837,1383.2682583796145,2179.912800958059,2635.1975736639984,192.33505982742133,11.192550445495472,743.1546519356323
2025,6,19,1,5642.643981987325,11830.400115664614,1744.562337414361,2063.2597931315977,200.8467895313735,502.6408512063934,500.5195663795189,1542.9038537330227,1041.094601791163,1383.2682583796145,1761.7412854277727,2616.76961329648,175.61030992194384,9.327118394174612,767.6812251694822
2025,6,20,1,4638.245501550216,9394.96673147229,1911.415181388704,1642.5516991356517,200.8467895313735,691.1311836756919,688.2144169827494,1410.4183889873798,1258.6003188005527,1383.2682583796145,1632.0306486900697,1787.5116497219858,357.49237237988115,20.51966883967392,630.3325335505169
2025,6,21,1,4922.139792213563,16701.26700209346,1450.9858948547978,1942.4180978953568,200.8467895313735,478.4754266881595,476.4561267044239,1556.7044610045184,2153.0618909367986,1383.2682583796145,1875.9640646367304,2045.50304427466,282.2308372051652,24.250491079882124,664.6696929904155
2025,6,22,1,4863.403040843807,8800.892981656209,2568.266148453922,1767.869025132847,200.8467895313735,362.4813677736165,360.9515951265319,1457.340347725108,1236.605361668779,1383.2682583796145,1885.6439330757887,1955.6667501310608,558.1898301029181,29.846745371411195,919.7459038161936
2025,6,23,1,3954.941274130666,13381.443258825946,2500.6801762898303,1682.832280181497,200.8467895313735,599.302549279383,596.7733250799524,1482.1813466045123,1236.605361668779,1383.2682583796145,1812.0767373633807,2192.9266766220408,240.41884772714025,29.846745371411195,1000.6835093129292
2025,6,24,1,3868.794072330736,12381.46396465176,2348.6117739403808,1617.935801802498,200.8467895313735,391.4799090359736,389.8277544427464,1396.6178405966891,676.9559087977005,1383.2682583796145,2096.6656942902227,2038.5925211919443,353.31117343207336,9.327118394174612,821.6396647401925
2025,6,25,1,4219.256678163447,7658.443512720984,1902.966929031565,1631.3626461840652,200.8467895313735,275.4858501214306,274.3232228648544,1101.285598660343,1072.865137170009,1383.2682583796145,1254.5146741399644,2057.020481559555,273.8684393095673,13.057940634382827,875.5981043108752
2025,6,26,1,3485.047263174032,15564.193792895265,2257.793154487269,1472.4782571339442,200.8467895313735,398.7295045509944,397.04675463920114,1286.2132768284732,2219.046762332248,1383.2682583796145,2629.0600315458355,2054.7169738652856,140.07011886563063,13.057940634382827,699.0068524303141
2025,6,27,1,3904.0361323002544,6739.107760467636,986.3324821423236,1396.3927258033589,200.8467895313735,314.1505187371487,312.8247157763419,941.198978252514,1300.1463250846523,1383.2682583796145,1889.5158974580013,1752.959236681034,160.9761136046342,21.22329267932258,721.0807791126449
2025,6,28,1,2919.2165842325985,11179.87599274434,2357.060026297519,1145.7581217101122,200.8467895313735,297.2347428013243,295.9803291411312,131.10541579456256,716.0580607731979,1383.2682583796145,1773.3571360579376,2146.856775703153,367.94536974938296,0.3729943129032966,711.2701390472528
2025,6,29,1,3902.078229915276,16389.445530953548,291.46442616299487,1233.0327059924357,200.8467895313735,234.40464966737227,233.41539655454864,131.10541579456256,2764.0328746682053,1383.2682583796145,1769.485171675726,1699.9788632726568,156.79491465684418,0.3729943129032966,640.1431197565931
2025,6,30,1,4569.589019407231,11007.15745130617,517.6284076330006,751.6187533758321,88.31899032186215,207.069931729538,206.1960387635652,112.22433477586384,1136.353503027646,475.3179872743557,1804.3016015950668,1912.297311032698,165.05016938676457,0.0,664.4417064110153
2025,7,1,1,2950.949413144378,9963.863345032983,517.6284076330006,805.5258302079903,88.31899032186215,14.07268804597214,14.01329737059506,112.22433477586384,1014.1649739365894,475.3179872743557,1180.927028061164,884.7254979372498,137.54181546992646,0.0,490.3628849476015
2025,7,2,1,3484.6524901170096,9351.90530382598,517.6284076330006,754.6991235512074,88.31899032186215,2.011255828732184,2.0027677672023407,112.22433477586384,1984.342073106767,475.3179872743557,1606.8351170265423,1449.1987682849742,224.29896343622207,0.0,585.983623275687
2025,7,3,1,3291.8181783703285,9306.075829575027,515.7112876915218,736.2167108948335,88.31899032186215,2.011255828732184,2.0027677672023407,112.22433477586384,818.6632844541973,475.3179872743557,1422.920252697649,2041.319746807119,171.39827576756866,0.0,483.0074228226188
2025,7,4,1,4281.311471692793,9856.029343521705,515.7112876915218,836.3298672691467,88.31899032186215,106.55054945568963,106.10087636741396,112.22433477586384,124.63232972857024,475.3179872743557,1153.8237875821053,1815.530458905246,201.0226498494472,0.0,639.923535233987
2025,7,5,1,3753.451868414492,11039.507675368595,515.7112876915218,654.5860150780383,88.31899032186215,168.8725749562427,168.15988550796143,112.22433477586384,2091.8679593853617,475.3179872743557,1271.916490388293,1569.0053519277533,142.8318888253601,0.0,529.591872655936
2025,7,6,1,3922.912331122168,11670.336690448476,515.7112876915218,1105.8652993309302,88.31899032186215,269.39195723014484,268.2550479041663,543.4021350424308,283.47743901521545,475.3179872743557,1304.8275498914616,1730.2834725355958,142.8318888253601,0.0,603.1463323277328
2025,7,7,1,4224.824620297549,9772.45798054607,191.71423542554524,822.4680338262561,88.31899032186215,383.98402754997664,382.363507670924,453.6226436693444,1072.815491515463,475.3179872743557,540.1289124219901,1274.0968694797143,215.8348368903776,0.0,509.977378801755
2025,7,8,1,3617.104362324169,7448.634870239222,314.4113124788799,908.7193567578308,88.31899032186215,166.86216820649935,166.15796323639736,455.9852959522889,486.31042306828687,475.3179872743557,540.1289124219901,1343.2160640259724,118.4975422131969,0.0,588.4354619371107
2025,7,9,1,3463.2264808891714,9605.315195572704,314.4113124788799,811.6866184598853,88.31899032186215,20.10385522779909,20.01901134184344,774.9387025621872,755.1252192711698,475.3179872743557,1194.478648300693,1025.2677994693809,93.1052084613815,0.0,534.4955499788108
2025,7,10,1,3979.399136778242,7863.795823274448,312.49419253720424,919.5007721242016,88.31899032186215,20.10385522779909,20.01901134184344,401.6450588957607,830.88212662916,475.3179872743557,1095.7453847582467,1069.0432994672856,16.92820720596566,0.0,497.7182932132408
2025,7,11,1,3194.427102591688,10691.742973277534,692.088376812087,839.4102853455146,88.31899032186215,20.10385522779909,20.01901134184344,484.33671118162295,696.4747553631407,475.3179872743557,993.1402418664272,1520.621925864073,181.97837659271764,0.0,441.3265964528331
2025,7,12,1,3342.4615560709576,11389.968239302092,281.8198999274826,708.4930919101965,88.31899032186215,269.39195723014484,268.2550479041663,422.9086350379623,1522.4693343881468,475.3179872743557,474.3067508991825,1193.4578091758394,105.8013753372892,0.0,419.2602639372284
2025,7,13,1,3303.5051257595583,11613.723827850918,565.5569664894555,765.4805389177301,88.31899032186215,122.63364425141658,122.11609600958448,4051.889961035682,767.3441151169768,475.3179872743557,954.4213633389452,969.9724843068998,138.59984849529695,0.0,460.94109030701406
2025,7,14,1,3728.13017956432,10931.67367385732,266.48275362242504,762.4001687423547,88.31899032186215,70.36354636469524,70.06659253989118,380.3814827534672,298.1400818276773,475.3179872743557,844.0724192318083,1124.3386652228075,60.83579770179502,0.0,478.1037993590598
2025,7,15,1,3874.216793232706,8979.877904177176,350.83705829945467,673.0684277344124,88.31899032186215,2.011255828732184,2.0027677672023407,597.742372098959,298.1400818276773,475.3179872743557,1126.7205471031482,852.4698636970546,60.83579770179502,0.0,399.645716223704
2025,7,16,1,3441.800425922162,6949.902495205237,350.83705829945467,771.6413750704659,88.31899032186215,64.33237918285387,64.06087856862845,458.3478893544287,554.7360358555977,475.3179872743557,966.0370013873688,926.1969843089948,101.56933500722604,0.0,502.62191667677234
2025,7,17,1,2736.6890921698587,12252.640369435485,350.83705829945467,613.0005147493666,88.31899032186215,14.07268804597214,14.01329737059506,439.4469654950797,997.0585841574728,475.3179872743557,787.9299985990555,2048.231686499054,101.56933500722604,0.0,429.0675108643189
2025,7,18,1,3453.4873733111085,12320.036620379648,469.69984877674256,710.0333009483045,88.31899032186215,73.37915648936412,73.0694759472909,229.17397411761672,997.0585841574728,475.3179872743557,743.4032160146246,813.3023403581508,101.56933500722604,0.0,490.3628849476015
2025,7,19,1,3658.0085867078487,11430.405989868692,187.8799488493156,614.5407237876263,88.31899032186215,17.590899858042263,17.516661345851357,404.00771117861336,574.2861726012396,475.3179872743557,385.25322824679085,1059.827396742417,190.4425031385622,0.0,485.4592614840425
2025,7,20,1,2974.323307922554,7974.325686628158,774.5254681616148,666.9075915816766,88.31899032186215,17.590899858042263,17.516661345851357,191.37206751820585,383.6720307230016,475.3179872743557,801.4816188384833,1209.58565159255,126.96166875904146,0.0,416.8084252757772
2025,7,21,1,2160.133951002096,10006.996957442016,67.09999173753474,683.849843100935,88.31899032186215,68.88800630355246,68.5972796700633,368.5683979813424,498.5292652432494,475.3179872743557,563.3602735515741,686.5838676165707,71.94496092536528,0.0,220.66327129673112
2025,7,22,1,3112.6186080851576,8613.24222821221,67.09999173753474,725.4352955284625,88.31899032186215,58.30126506850888,58.05521744090243,85.0542456880147,596.2801099843808,475.3179872743557,551.7445929867821,880.1175212782488,71.94496092536528,0.0,463.3929289684378
2025,7,23,1,3882.008060999317,8281.652638152618,490.788401599445,693.0910494290462,88.31899032186215,6.031167181826951,6.005713971248371,545.7647873253753,593.8363630178554,475.3179872743557,735.6594573156757,612.8566964114043,71.94496092536528,0.0,402.0975548851552
2025,7,24,1,2553.593888000956,10236.144210652585,5.751406517859778,730.0559226429383,88.31899032186215,6.031167181826951,6.005713971248371,125.21874568946096,593.8363630178554,475.3179872743557,222.63378537264256,891.6373870359585,23.27631358677494,0.0,377.5793837080993
2025,7,25,1,4053.416363517877,9645.753005161916,425.60557649645375,688.4704223144184,88.31899032186215,6.031167181826951,6.005713971248371,226.81132183467216,312.8026709691653,475.3179872743557,739.5313366651501,787.9586458097978,239.1111504771525,0.0,353.06126639038683
2025,7,26,1,2791.2280580147653,9707.757532421729,1.919081046348991,708.4930919101965,88.31899032186215,6.031167181826951,6.005713971248371,394.5572198086283,584.0612678095475,475.3179872743557,487.8583711387118,820.2142800499929,63.48083437952073,0.0,316.28406348416013
2025,7,27,1,3880.060266927037,9796.720619081714,446.69412931935295,699.2518376809411,88.31899032186215,68.35319268239442,68.06472311181021,429.99647412509466,632.9366901801131,475.3179872743557,687.2607953818718,840.9499979393449,63.48083437952073,0.0,348.15764292685526
2025,7,28,1,3293.766018181496,8030.938549225716,23.00571945737812,673.0684277344124,88.31899032186215,58.30126506850888,58.05521744090243,271.7010675212154,124.63232972857024,475.3179872743557,493.6662326792921,382.459482443756,63.48083437952073,0.0,431.5193495257426
2025,7,29,1,1040.1366252839232,8769.601565816874,23.00571945737812,706.9528828719367,88.31899032186215,58.30126506850888,58.05521744090243,491.4245502687553,364.1218939773596,475.3179872743557,315.5591873745087,539.1295757993715,311.0561114025356,0.0,512.4292174632062
2025,7,30,1,1040.1366252839232,9395.0388572124,686.3369236012338,730.0559226429383,88.31899032186215,115.26220590306168,114.7757671905945,472.5236264094981,378.7844831188476,475.3179872743557,474.3067508991825,893.9414006620257,78.29302142045111,0.0,458.4893055049063
2025,7,31,1,974.1984101763062,10622.205496806644,231.72534760201432,6.252374980715351,64.7291772969016,43.66510698588132,43.48082803463672,278.56621930001387,575.5491043825882,532.2005352507706,783.1771803892905,1202.3865449849504,212.2923213357749,1.6577525017924295,478.25465936589273
2025,8,1,1,974.1984101763062,8232.209262976125,7.475030793892057,1208.2691777499606,64.7291772969016,43.66510698588132,43.48082803463672,589.2747195842406,234.5299365212313,532.2005352507706,893.3729380721462,1441.9424913787584,60.3576225713651,1.6577525017924295,772.565243833846
2025,8,2,1,11327.336851842232,8383.575693283117,261.6253773915365,704.9539258720463,64.7291772969016,97.48488014194804,97.073466711069,428.5634324248773,234.5299365212313,532.2005352507706,1536.837636933913,290.23124371929595,43.70725342458173,1.6577525017924295,679.3668831090894
2025,8,3,1,2114.4119036053467,7037.211116549816,259.7566313664408,601.7899542448779,64.7291772969016,193.44656566516144,192.6301671102657,420.5278474586228,704.8575180623603,532.2005352507706,2402.661635585447,1665.3744404379815,129.04042971613967,1.6577525017924295,755.3970949885887
2025,8,4,1,2747.45842432637,12159.76968489302,353.19425947860384,306.36579924284337,64.7291772969016,6.209951374096046,6.183743644274879,393.7426623724188,1625.2290231436054,532.2005352507706,6680.619361365964,4544.65255958673,449.56019639172473,6.959337099885633,1456.8372584679712
2025,8,5,1,3718.0081453227504,9552.01828730751,528.8569928589505,287.6087222017205,64.7291772969016,6.209951374096046,6.183743644274879,8.035584966258394,2837.1783132535097,532.2005352507706,5023.747044628715,6983.976949547443,484.9422652429325,15.078598601782677,1650.5917041346406
2025,8,6,1,3274.693141785092,8245.487009666032,111.19076204497908,1395.8400918643188,64.7291772969016,6.209951374096046,6.183743644274879,53.57042905311357,552.7299757139155,532.2005352507706,1694.2601782781398,2736.465903796872,297.62549762731504,9.279144041471122,1299.871649324621
2025,8,7,1,1879.071817411796,10014.084226242025,111.19076204497908,690.88611809128,64.7291772969016,6.209951374096046,6.183743644274879,420.5278474586228,960.9388747539862,532.2005352507706,1005.5365226953246,1432.7287641609444,170.6663984688164,0.5818878731039084,1012.9188429332224
2025,8,8,1,2526.7130948525223,9055.430147958064,336.37549855855025,40.64036552313653,64.7291772969016,6.209951374096046,6.183743644274879,396.4211514406643,527.3754300482979,532.2005352507706,2408.5649888576136,2720.3419570554206,253.9182900884516,0.5818878731039084,824.0695826509042
2025,8,9,1,1455.824558625127,8359.675690218877,358.80049755428456,40.64036552313653,64.7291772969016,6.209951374096046,6.183743644274879,179.46094616002603,798.6695034050994,532.2005352507706,1249.5414511498043,2423.2004432192616,95.73969142257292,0.5818878731039084,765.207465757319
2025,8,10,1,2442.793380931173,9939.728785757365,35.50631455829065,409.5297708701634,64.7291772969016,6.209951374096046,6.183743644274879,61.60601401937197,463.9889317068842,532.2005352507706,1090.1511253815222,980.1062485865024,120.715245142748,0.5818878731039084,841.2376776367907
2025,8,11,1,2378.9414117602464,8686.308494873978,14.950014894814617,134.42579862983143,64.7291772969016,6.209951374096046,6.183743644274879,139.2831390903634,565.4072753821465,532.2005352507706,710.3692417312609,980.1062485865024,104.06487599596464,0.5818878731039084,642.5780465857697
2025,8,12,1,1986.707965263776,8112.709424724808,267.2316154672173,134.42579862983143,64.7291772969016,6.209951374096046,6.183743644274879,313.38698935238057,244.67176552167308,532.2005352507706,682.820302310547,672.5993548717545,158.17859866586082,0.5818878731039084,630.3151369842345
2025,8,13,1,2625.227519754688,7239.03304329984,39.24380660875193,198.512510454326,64.7291772969016,6.209951374096046,6.183743644274879,484.81240942704864,244.67176552167308,532.2005352507706,556.8822692351451,1405.0877342869037,112.39006056935632,0.5818878731039084,571.4530200906219
2025,8,14,1,2209.277639327586,8819.086079815203,39.24380660875193,428.2868958122787,64.7291772969016,6.209951374096046,6.183743644274879,409.8137734241228,244.67176552167308,532.2005352507706,1048.827737508686,1105.6428139429274,139.4468989614364,0.5818878731039084,544.474554336005
2025,8,15,1,2451.9150581421013,9974.250927150202,39.24380660875193,700.2646566118414,64.7291772969016,6.209951374096046,6.183743644274879,313.38698935238057,244.67176552167308,532.2005352507706,454.5576067323462,872.9971376657976,87.41450684918124,1.6577525017924295,537.1167762594779
2025,8,16,1,3300.233920305686,9475.007297485176,295.2628992316437,1166.06575440751,64.7291772969016,6.209951374096046,6.183743644274879,8.035584966258394,1919.34222516908,532.2005352507706,702.4981040349371,960.527192083233,87.41450684918124,1.6577525017924295,473.3494739815413
2025,8,17,1,1953.869808383614,10075.161861013652,902.6075053081928,478.305799856036,64.7291772969016,6.209951374096046,6.183743644274879,385.70707740616433,472.8630522089183,532.2005352507706,765.4671205726888,1117.1598970754249,91.57707619300903,1.6577525017924295,490.5176228267712
2025,8,18,1,3046.6504339516773,8866.88602692056,44.85004468444385,456.4225113739631,64.7291772969016,6.209951374096046,6.183743644274879,495.5264834614569,472.8630522089183,532.2005352507706,501.7843478774503,1239.2413020768054,52.03243799797342,1.6577525017924295,502.7805324283339
2025,8,19,1,2523.0644056725964,9116.507841752817,422.3380958771221,382.9572610288782,64.7291772969016,6.209951374096046,6.183743644274879,79.01636960515522,281.43590235711395,532.2005352507706,450.622037884235,2722.6453635632383,145.69079886292306,6.959337099885633,497.87534704398246
2025,8,20,1,2386.2387901200977,8548.219870279505,1.7603249500573468,261.0361644594428,64.7291772969016,6.209951374096046,6.183743644274879,79.01636960515522,251.0104153557886,532.2005352507706,667.0780269180009,529.7871901131037,11.447157466990111,3.478768507549265,416.9399497801318
2025,8,21,1,2931.716907739846,6516.723033158739,1.7603249500573468,478.305799856036,64.7291772969016,6.209951374096046,6.183743644274879,503.56200954690655,251.0104153557886,532.2005352507706,602.1412259561937,27.64108046721018,11.447157466990111,3.478768507549265,443.9184155347487
2025,8,22,1,1711.2323895690988,7154.055405463459,1.7603249500573468,442.3547035931968,64.7291772969016,6.209951374096046,6.183743644274879,366.9574184055017,1333.6512917860498,532.2005352507706,826.4683526862834,27.64108046721018,79.08927639007129,3.478768507549265,399.77185479421775
2025,8,23,1,2143.601371305866,10542.538898624023,1.7603249500573468,511.13068467792505,64.7291772969016,6.209951374096046,6.183743644274879,200.8890942289342,199.0335081841982,532.2005352507706,700.5303196108815,1160.924924284143,74.92670704622567,1.6577525017924295,372.79338903960087
2025,8,24,1,5031.53405462549,12204.914082660192,1.7603249500573468,143.80433715040007,64.7291772969016,6.209951374096046,6.183743644274879,230.35282726409685,199.0335081841982,532.2005352507706,659.2069317380458,1676.8915741637052,74.92670704622567,1.6577525017924295,402.2244474863935
2025,8,25,1,375.8143451868046,10407.105823367225,1.7603249500573468,165.6876256322851,64.7291772969016,6.209951374096046,6.183743644274879,54.90967358721249,229.45899518552352,532.2005352507706,204.64932500559803,974.3477323168664,93.65836086493186,1.6577525017924295,313.9312721460157
2025,8,26,1,1990.3566544437008,6174.156932476569,1.7603249500573468,465.8010498945245,64.7291772969016,6.209951374096046,6.183743644274879,54.90967358721249,229.45899518552352,532.2005352507706,165.29367904044918,34.551350584012724,29.138168949721152,1.6577525017924295,362.98301827089807
2025,8,27,1,2519.415716492671,7262.932987340955,1.7603249500573468,498.6259826175578,64.7291772969016,6.209951374096046,6.183743644274879,393.7426623724188,722.6057053953255,532.2005352507706,578.5278553836924,506.7529226616563,37.46335352311284,1.6577525017924295,338.4571452084569
2025,8,28,1,2305.967765378675,9737.90685900734,1.7603249500573468,498.6259826175578,64.7291772969016,6.209951374096046,6.183743644274879,50.891881104083296,1232.2329481106583,532.2005352507706,46.04610450373212,704.8472989478821,91.57707619300903,1.6577525017924295,318.8364575303671
2025,8,29,1,2141.7770267159035,10518.638954582397,1.7603249500573468,434.539222892042,64.7291772969016,6.209951374096046,6.183743644274879,88.39119910551254,2099.359783851061,532.2005352507706,46.04610450373212,518.27005638738,27.056884277798343,1.6577525017924295,328.64677443975404
2025,8,30,1,2198.3316175266955,10813.405167182333,1.7603249500573468,692.4492238116791,64.7291772969016,2.403954855978046,2.393809494835516,109.8194060552008,494.4144723791834,532.2005352507706,46.04610450373212,525.1803265042429,43.70725342458173,3.478768507549265,301.6683086851372
2025,8,31,1,1001.0744922106096,6826.374475694378,1.5408679934188978,446.906736463088,69.40208070392823,5.142234559476217,5.120532892926302,57.98119221202101,478.1417002291368,285.9738893687461,43.32654590368536,442.44913683122775,61.78118127460288,0.0,318.8186839487087
2025,9,1,1,1396.102178173216,8416.860069625216,1.5408679934188978,392.2692171471456,69.40208070392823,5.142234559476217,5.120532892926302,57.98119221202101,335.92520167606426,285.9738893687461,43.32654590368536,68.52973335257876,126.99470648036996,0.0,304.1039895450382
2025,9,2,1,1824.8929087453143,8588.103220620847,1.5408679934188978,409.0807947143349,69.40208070392823,5.142234559476217,5.120532892926302,35.29287656699139,858.2031232546672,285.9738893687461,43.32654590368536,68.52973335257876,126.99470648036996,0.0,272.2221157642358
2025,9,3,1,2484.960595516113,9005.832723533971,1.5408679934188978,365.6509618424225,69.40208070392823,5.142234559476217,5.120532892926302,99.15626394084596,215.7767601266864,285.9738893687461,43.32654590368536,68.52973335257876,308.905998144522,0.0,340.89072555418693
2025,9,4,1,2125.384088097408,7049.50949957084,1.5408679934188978,434.2980892135542,69.40208070392823,5.142234559476217,5.120532892926302,49.29803585046608,104.2103616176086,285.9738893687461,43.32654590368536,68.52973335257876,226.53107448312176,0.0,262.4122835889115
2025,9,5,1,1134.4385367127506,5095.780854496814,1.5408679934188978,386.6653739251306,69.40208070392823,5.142234559476217,5.120532892926302,49.29803585046608,104.2103616176086,285.9738893687461,43.32654590368536,68.52973335257876,185.34358970956248,0.0,267.31719967657364
2025,9,6,1,1504.1439392185214,11309.831407264532,1867.6908575058428,360.0471186204076,69.40208070392823,5.142234559476217,5.120532892926302,49.29803585046608,313.8571446723696,285.9738893687461,43.32654590368536,68.52973335257876,41.18748477355928,0.0,309.00885177338444
2025,9,7,1,2402.241117927926,9833.507933671825,502.0850184818922,361.44807942591126,69.40208070392823,5.142234559476217,5.120532892926302,238.6471934889691,532.0859170963275,285.9738893687461,166.6405971433127,68.52973335257876,295.1768518485809,0.0,262.4122835889115
2025,9,8,1,1625.6909089594492,7475.02273914923,374.5194522708582,369.8538442589338,69.40208070392823,5.142234559476217,5.120532892926302,299.1493096615402,735.6026694081471,285.9738893687461,1788.6092404023002,1499.6697197379249,363.82262921404026,0.0,316.3661989751922
2025,9,9,1,2064.610580357501,9169.292078841723,758.8516188535738,316.61733364948765,69.40208070392823,5.142234559476217,5.120532892926302,43.6959956894092,615.4542278587692,285.9738893687461,466.5937315243744,1581.1734681596297,157.88529711768032,0.0,279.579462966071
2025,9,10,1,1953.1925057036383,7807.130666564024,96.49190863309174,273.187500777727,69.40208070392823,5.142234559476217,5.120532892926302,62.18275177322991,48.05935515134427,285.9738893687461,627.6796520168275,25.61548113590424,89.23951975222109,0.0,313.9137678610465
2025,9,11,1,2344.8439237965754,8152.211547443885,96.49190863309174,313.8153641374877,69.40208070392823,5.142234559476217,5.120532892926302,26.889816325406063,48.05935515134427,285.9738893687461,381.421866982986,25.61548113590424,274.58310946180137,0.0,421.8216524929513
2025,9,12,1,1973.450341616941,11989.61479444778,409.6817330299807,243.76732386199643,69.40208070392823,5.142234559476217,5.120532892926302,277.301341257244,48.05935515134427,285.9738893687461,685.0780907870417,25.61548113590424,147.58844886714962,0.0,387.4872937386324
2025,9,13,1,2469.767207146343,7822.698257939784,106.71351327876825,264.78173594455274,69.40208070392823,5.142234559476217,5.120532892926302,70.58581201481525,48.05935515134427,285.9738893687461,523.9921702945885,619.428801682475,147.58844886714962,0.0,397.2971259139566
2025,9,14,1,1802.946938897036,6712.212414379372,106.71351327876825,194.73364776806903,69.40208070392823,5.142234559476217,5.120532892926302,40.334724488109096,48.05935515134427,285.9738893687461,523.9921702945885,910.513754798523,199.0727818912396,0.0,362.9628210190085
2025,9,15,1,2037.600162965688,7825.292836828377,268.2147826329562,130.28940281356577,69.40208070392823,5.142234559476217,5.120532892926302,258.81458517345834,595.8381294812431,285.9738893687461,294.3984152136304,910.513754798523,350.0934829180813,0.0,340.89072555418693
2025,9,16,1,1634.131670111822,9924.318666946316,457.92771069300295,264.78173594455274,69.40208070392823,5.142234559476217,5.120532892926302,36.973512167641445,78.46428616809958,285.9738893687461,392.5312202849083,370.26004903067786,398.14551789676096,0.0,367.8676832473273
2025,9,17,1,1728.6682224609378,9358.697341078589,29.02934598740856,421.6894419638687,69.40208070392823,5.142234559476217,5.120532892926302,231.92476884803972,929.3113725311388,285.9738893687461,448.07811434362543,1418.1659207230869,54.91663106950036,0.0,343.3432105276759
2025,9,18,1,6122.929338245528,11411.020515115497,29.02934598740856,947.0500314367664,69.40208070392823,61.90592373399576,61.64466343970136,513.4276696665943,841.0390371742833,285.9738893687461,325.87497292426883,2193.616261727932,542.3016687185002,0.0,304.1039895450382
2025,9,19,1,3134.8992957217874,10754.588455972764,29.02934598740856,711.6884724077925,69.40208070392823,503.3928698435656,501.2684112879328,45.79674602959741,946.475404940549,285.9738893687461,262.921857502992,1215.570774735957,54.91663106950036,0.0,333.5333783523517
2025,9,20,1,3590.7004894243014,8868.319275155327,29.02934598740856,774.7317565567575,69.40208070392823,418.6795172815063,416.91257274207857,45.79674602959741,2591.7733485024382,285.9738893687461,859.1249518092826,526.2815883531405,54.91663106950036,0.0,313.9137678610465
2025,9,21,1,1762.4312670704303,9184.85961119436,647.6405920598415,877.0019432601309,69.40208070392823,77.11091166435111,76.78548207280984,499.14241426313095,838.5870248771412,285.9738893687461,1114.6405454335495,659.0163496397437,274.58310946180137,0.0,323.7236000363708
2025,9,22,1,2886.7408629569445,8172.968296596318,475.91771805991846,769.1279133347424,69.40208070392823,77.11091166435111,76.78548207280984,168.06144035495814,1407.453072760405,285.9738893687461,557.320272716724,190.95173167254097,82.37492366138252,0.0,353.1529888436843
2025,9,23,1,1818.140327266805,13030.046653886136,197.8901744218967,763.5240701127274,69.40208070392823,77.11091166435111,76.78548207280984,231.92476884803972,414.3894878442213,285.9738893687461,266.6249894424561,614.7714460752846,398.14551789676096,0.0,321.27111506285434
2025,9,24,1,2300.95193836113,11556.31775918202,386.7853685070381,756.5192181840644,69.40208070392823,146.6192762961089,146.0005019856091,270.5789166163147,662.0424078344039,285.9738893687461,499.9218339465099,256.1547607657847,82.37492366138252,0.0,338.4382944400137
2025,9,25,1,2542.357743908293,10168.210439975212,386.7853685070381,561.7855704159954,69.40208070392823,4.88751086612755,4.86688420473181,84.03072017751829,1135.2800834692562,285.9738893687461,338.8359134540567,41.91625105751321,82.37492366138252,0.0,304.1039895450382
2025,9,26,1,2251.9955053821523,12394.371343896348,426.8540531150023,561.7855704159954,69.40208070392823,4.88751086612755,4.86688420473181,210.0768004437436,402.1294263582513,285.9738893687461,364.757794513734,19.79377397867356,116.69781234412102,0.0,309.00885177338444
2025,9,27,1,1230.663222996843,11885.831048686125,421.9476492661605,378.2596090919564,69.40208070392823,4.88751086612755,4.86688420473181,465.5301144159784,115.24441695496012,285.9738893687461,346.2421773328834,19.79377397867356,116.69781234412102,0.0,286.93681016790623
2025,9,28,1,2552.4866847345297,9646.697191300433,392.5094596377737,491.7374822395117,69.40208070392823,4.88751086612755,4.86688420473181,440.3209336911716,286.88500940328726,285.9738893687461,551.7655960657628,19.79377397867356,116.69781234412102,0.0,318.8186839487087
2025,9,29,1,1375.8443422599134,11553.723121270816,873.3335348535226,466.52018774029233,69.40208070392823,4.88751086612755,4.86688420473181,154.05628107152376,286.88500940328726,285.9738893687461,379.5702797550189,19.79377397867356,89.23951975222109,0.0,272.2221157642358
2025,9,30,1,1897.8360929721323,8411.534392342235,735.2428130021117,557.2841689124431,53.76068747788647,1.0454284914518213,1.0410164911315598,222.0004045384019,251.031239695317,238.4292193099248,54.20869180846398,384.8807710717615,31.52973288773361,4.549065432126176,294.3957899412545
2025,10,1,1,2398.675810891757,6255.647627216274,674.7197594832064,585.5726844942895,53.76068747788647,0.6102755153145151,0.6076999821326365,222.0004045384019,347.5817330153738,238.4292193099248,245.87513784549688,421.7555630647543,39.93769530732856,9.81787174211673,277.2226860368756
2025,10,2,1,2326.2273393730784,9285.128319054676,813.6985816144283,562.9418528683547,53.76068747788647,0.6102755153145151,0.6076999821326365,32.694583192591885,347.5817330153738,238.4292193099248,336.868299095374,1940.536655907692,2.1015661619512773,12.62298991484482,255.1429964053553
2025,10,3,1,2138.8061433445587,8125.445165955847,96.38853039862416,538.8966002534798,53.76068747788647,0.6102755153145151,0.6076999821326365,32.694583192591885,426.9676572162823,238.4292193099248,71.63291417547026,130.79031342336688,21.019837220401094,11.220430828482687,294.3957899412545
2025,10,4,1,1975.00953739326,3846.8784562179503,905.6039332398152,468.1752633976436,53.76068747788647,0.6102755153145151,0.6076999821326365,317.2586984901624,153.40797086855628,238.4292193099248,551.7669991054189,130.79031342336688,39.93769530732856,9.81787174211673,269.86280744615
2025,10,5,1,2245.9039435098607,5941.460349175002,13.449583012980591,340.8768474769702,53.76068747788647,32.01409831954939,31.87898988009737,164.6839180439173,153.40797086855628,238.4292193099248,617.591839158636,130.79031342336688,39.93769530732856,8.41531265575077,296.8490828048388
2025,10,6,1,2209.679684880936,5139.388773326118,13.449583012980591,458.2742685736162,53.76068747788647,0.4855670404458967,0.4835178118707499,452.88080406131263,153.40797086855628,238.4292193099248,596.2955673767218,130.79031342336688,2.1015661619512773,4.2076772590940505,279.67597890045994
2025,10,7,1,2009.6588203009967,6534.073759337072,13.449583012980591,487.9772530455468,53.76068747788647,0.4855670404458967,0.4835178118707499,164.6839180439173,153.40797086855628,238.4292193099248,92.92918595736684,2364.5968903098974,13.662887310402848,1.4023916366173332,296.8490828048388
2025,10,8,1,1674.190684053859,6562.171810992469,13.449583012980591,479.490679210611,53.76068747788647,0.4855670404458967,0.4835178118707499,348.74239736343384,153.40797086855628,238.4292193099248,534.3427767384536,62.22622729852695,13.662887310402848,1.4023916366173332,257.59628926893976
2025,10,9,1,1620.6417839710662,5775.426423674248,13.449583012980591,469.58968438658354,53.76068747788647,0.4855670404458967,0.4835178118707499,176.79305564168126,4.556666025289275,238.4292193099248,786.0259887062723,553.1220822674264,58.855553394256034,4.2076772590940505,309.1155471227332
2025,10,10,1,2253.7788221152296,8976.04975084942,13.449583012980591,369.1654109599609,53.76068747788647,9.56943848474828,9.52905278069998,263.97861082186733,4.556666025289275,238.4292193099248,187.7943966221776,262.73298781221075,6.305937400403455,4.2076772590940505,225.7034281831096
2025,10,11,1,2326.2273393730784,4493.133585260728,13.449583012980591,442.7155897936771,53.76068747788647,9.56943848474828,9.52905278069998,409.2879675903689,4.556666025289275,238.4292193099248,44.52856827123827,188.9833532329992,46.24363270773164,1.4023916366173332,291.9424970776976
2025,10,12,1,2171.880496269995,6930.00086693706,13.449583012980591,427.156911013738,53.76068747788647,0.7853980544917236,0.7820834552663496,331.78966360744244,4.556666025289275,238.4292193099248,44.52856827123827,281.17040910522775,4.203132323902555,5.610236345456181,316.4754795728021
2025,10,13,1,1995.4840845500485,5882.709920458276,13.449583012980591,500.7070898476059,53.76068747788647,0.7853980544917236,0.7820834552663496,331.78966360744244,153.0504148137238,238.4292193099248,878.9551746637254,165.93663985812182,29.42775375426,1.4023916366173332,237.9699463603198
2025,10,14,1,1979.734418817368,5407.597426752271,13.449583012980591,438.4723268267055,53.76068747788647,0.7853980544917236,0.7820834552663496,397.1788888735014,48.3944230664901,238.4292193099248,17.42422236700628,198.2020891761207,9.458929043467212,4.2076772590940505,289.4892042141132
2025,10,15,1,2127.781404774872,5389.716853792034,13.449583012980591,432.81459496980136,53.76068747788647,0.7853980544917236,0.7820834552663496,336.6333186465664,48.3944230664901,238.4292193099248,188.76240897581323,191.288075163676,9.458929043467212,2.8047832732346665,282.12927176404423
2025,10,16,1,1875.7865700941568,7905.769462551773,13.449583012980591,455.44542659573625,53.76068747788647,0.2897482011841088,0.2885253828212343,496.4735816514515,48.3944230664901,238.4292193099248,188.76240897581323,99.10101929144732,56.75357426080021,5.610236345456181,233.0633067738352
2025,10,17,1,1741.9142741484295,8061.585968380492,13.449583012980591,452.6165846177046,53.76068747788647,0.2897482011841088,0.2885253828212343,428.6625288658764,665.1255371609552,238.4292193099248,431.7335097602,112.92909790956276,8.407916533871273,5.610236345456181,323.83535816352776
2025,10,18,1,2408.125619479142,7111.360980968478,13.449583012980591,526.1667634515725,53.76068747788647,0.2897482011841088,0.2885253828212343,317.2586984901624,211.3382775948628,238.4292193099248,129.71365539875666,161.32729718322028,60.95753252772965,5.610236345456181,287.03585749118554
2025,10,19,1,1852.1620257558225,6419.12722731058,13.449583012980591,373.4086739269326,53.76068747788647,0.2897482011841088,0.2885253828212343,346.3205698439178,0.5361730694068297,238.4292193099248,565.3191720575369,463.2397483258746,15.764866443870664,4.2076772590940505,289.4892042141132
2025,10,20,1,1992.334178847128,5826.513817148511,13.449583012980591,376.2375159049643,53.76068747788647,0.2897482011841088,0.2885253828212343,331.78966360744244,0.5361730694068297,238.4292193099248,468.5179366853381,470.1537623383194,15.764866443870664,4.2076772590940505,223.25013531952524
2025,10,21,1,1943.5101601884428,5382.053759526445,13.449583012980591,431.40017398070967,53.76068747788647,0.2897482011841088,0.2885253828212343,326.94600856841026,660.8343814634247,238.4292193099248,315.5720273134598,214.3347885385533,39.93769530732856,4.2076772590940505,245.32982495104545
2025,10,22,1,1608.0420239415894,6725.651411086263,13.449583012980591,401.6971895087791,53.76068747788647,1.8573602640006968,1.849521684751502,477.099020375944,190.9553819557321,238.4292193099248,5.808074122335427,454.0210629758867,7.356949909999395,1.4023916366173332,242.87653208746104
2025,10,23,1,1793.888244248922,8051.368489685844,13.449583012980591,441.30116880473713,53.76068747788647,1.8573602640006968,1.849521684751502,133.2002191707376,190.9553819557321,238.4292193099248,5.808074122335427,276.56101583710023,7.356949909999395,7.0127535693848095,350.82163352221664
2025,10,24,1,1636.3914497040312,7724.409348520355,13.449583012980591,393.2106635748358,53.76068747788647,1.8573602640006968,1.849521684751502,4.84589251072063,386.20191960912416,238.4292193099248,211.02669311146465,69.14024131098894,52.54957010813471,7.0127535693848095,267.4095145825656
2025,10,25,1,2494.748872487656,6503.421382275742,13.449583012980591,328.14701067506286,53.76068747788647,7.3075451552482305,7.276705273009604,31.48369887323624,154.48074637526014,238.4292193099248,11.616148244670851,69.14024131098894,52.54957010813471,8.41531265575077,311.5688399862901
2025,10,26,1,1853.7370014770088,7285.058000734819,13.449583012980591,396.0395055528674,53.76068747788647,7.3075451552482305,7.276705273009604,72.654648943815,115.86055978146568,238.4292193099248,276.85153316458025,382.5760997342183,67.26346992813272,9.81787174211673,304.2089613955645
2025,10,27,1,1784.4384356615358,8649.090609683932,13.449583012980591,356.4355741579018,53.76068747788647,4.754842275841785,4.734775512963846,227.65131579036844,145.89848865117284,238.4292193099248,296.21178023902,290.3890944552157,46.24363270773164,9.81787174211673,306.6622542591488
2025,10,28,1,1962.409777363499,8871.320638494964,13.449583012980591,397.4539265418074,53.76068747788647,4.754842275841785,4.734775512963846,203.4330994758288,120.15171547899163,238.4292193099248,650.5042591851939,232.7722098316627,6.305937400403455,7.0127535693848095,311.5688399862901
2025,10,29,1,1976.5844673752763,6240.321438685608,13.449583012980591,381.8952477618684,53.76068747788647,4.754842275841785,4.734775512963846,256.7131871441238,120.15171547899163,238.4292193099248,249.74718726034425,115.23376924701354,90.38528628200744,8.41531265575077,348.3683406586323
2025,10,30,1,2639.6459070027854,6825.27175458209,76.21417922563802,435.6434369476813,53.76068747788647,5.221835713647676,5.199798107987081,273.6659209001152,544.973821681915,238.4292193099248,710.5210251159876,348.00597907876863,27.32577462080416,9.81787174211673,309.1155471227332
2025,10,31,1,3892.1376879099903,7510.984031046714,181.01935084104167,1260.7110585238624,131.91051802555882,20.566815540460297,20.48001783263692,1068.347837629742,544.9713528169893,394.8556801886908,685.3422023796342,495.581492166207,117.858216419865,15.249188032205408,208.506356873136
2025,11,1,1,4407.982532595377,10022.51024793304,181.01935084104167,1094.3128214252008,131.91051802555882,257.7708255303287,256.6829606269966,418.7494107952669,327.47159328608296,394.8556801886908,344.60708338092286,511.9914421801411,95.11367248922674,20.967638777088062,328.70418849446696
2025,11,2,1,2596.901100694556,9317.29049679342,89.96114976134847,912.2536368929282,131.91051802555882,555.3041787947343,552.960640011625,85.8973014470487,56.2077903609022,394.8556801886908,365.90301503198987,528.4014427873014,88.9106108821692,38.12294914929869,358.14036357841115
2025,11,3,1,2513.337464660823,7238.333978435565,35.10676281830018,692.9995585021703,131.91051802555882,6.170044662138088,6.144005349791076,77.84446439688216,56.2077903609022,394.8556801886908,516.9106463295686,108.30589270201224,78.57214427990999,30.49837606441465,353.23431644464847
2025,11,4,1,3413.253682239681,6997.143556360187,364.2328510117319,1017.9654152792564,131.91051802555882,6.170044662138088,6.144005349791076,29.52720657255307,56.2077903609022,394.8556801886908,544.0145670702202,108.30589270201224,107.51979570334184,34.31066260685476,296.8149359843119
2025,11,5,1,7218.61370237605,8743.152431343702,616.5628721935827,994.4739462275448,131.91051802555882,630.7158711546915,628.0540739602569,1197.19381924071,745.3644005429361,394.8556801886908,892.4936573497233,410.24955983960126,119.92591891745693,34.31066260685476,365.4994342790689
2025,11,6,1,6243.16881376696,10489.16130632773,1948.4263636609585,1957.6258538845875,131.91051802555882,732.178845510099,729.0888462157493,1470.9915154438736,3814.799523390157,394.8556801886908,2512.9213803814177,1565.512347870713,128.19668302212418,49.55985063906399,439.0899258482452
2025,11,7,1,6534.03459262284,14445.208385358996,2856.8143652071567,2909.0320030651264,131.91051802555882,737.6633650324943,734.550219533419,1860.213719666641,2759.07024136584,394.8556801886908,3095.6558463715605,2179.2457229847128,713.3524977834912,226.83157255580224,694.2035689141925
2025,11,8,1,3599.664916053467,12956.119718206928,1522.7566310242198,2067.2528691293182,131.91051802555882,481.2636428490298,479.2325758140848,654.9670044948231,1480.9535448646427,394.8556801886908,1552.667921179812,2510.7273608591804,576.8850506567176,308.7959215992861,726.0928214243751
2025,11,9,1,4101.046777993895,8785.098566042989,451.9998047504509,1413.405870815751,131.91051802555882,467.552397110457,465.5791953633671,432.1708843866306,1001.965292300837,394.8556801886908,1347.45244840093,1404.6945240563232,314.2886230053938,144.86722351231455,524.945481392526
2025,11,10,1,2593.687114693269,8554.394707153226,454.1940007730009,1062.9908307555395,131.91051802555882,381.17177184054026,379.5631204663084,421.4337290658431,1952.6103955158208,394.8556801886908,1130.6209974426758,1266.8506606173398,295.67943818420343,102.93198782057192,429.2778315807199
2025,11,11,1,3096.6760153735104,8968.613008640401,366.42704703428194,1066.906067614094,131.91051802555882,400.3674840341197,398.6778213912662,359.69499765017656,774.690222877598,394.8556801886908,1053.1812421190984,1279.9786813402843,241.9195403325413,91.4950863308066,429.2778315807199
2025,11,12,1,3157.741749397953,9681.697711680408,332.05163619723646,900.5078784165761,131.91051802555882,459.32567089427954,457.3871882303189,354.3264199897369,989.7461817710052,394.8556801886908,1057.05320650131,1073.2128861817628,202.63346819256856,81.96434904348385,529.8514746669728
2025,11,13,1,2571.189212684264,10491.782917612954,332.05163619723646,857.4401292705627,131.91051802555882,182.35913317037145,181.58952667836456,426.8023067262828,1493.1726553944743,394.8556801886908,513.0386394309884,1161.826798392584,206.76882730203425,74.33973409615865,532.3044982338404
2025,11,14,1,1965.352759962572,10103.780965068485,332.05163619723646,755.6435877424854,131.91051802555882,157.67895452178533,157.01350527916665,381.1693671725564,762.4711123478957,394.8556801886908,971.8694373806736,1132.288827655613,233.64877622787407,72.43361175615728,480.7911649072939
2025,11,15,1,2701.3556914755363,8381.366827741938,552.9317945460259,718.4486938841518,131.91051802555882,27.422438409759103,27.30670805800813,279.1662738635112,557.1904633466917,394.8556801886908,933.1495384607516,964.9069934797508,198.4980631973847,62.90287446883068,458.71400666466405
2025,11,16,1,2355.852104858616,13362.473126815814,204.0581756137002,673.4232784078688,131.91051802555882,326.3268950210265,324.9497043502966,421.4337290658431,806.4598458498887,394.8556801886908,929.2775315622728,941.9330331042518,150.9412728384985,64.8089968088359,397.3886329298806
2025,11,17,1,2592.0801216926257,8410.204787969873,320.34939748868146,708.6605538370768,131.91051802555882,13.711192671161491,13.65332760726571,386.5379448329042,1739.9982372601723,394.8556801886908,598.2224085516249,941.9330331042518,181.95658087380403,70.52744755371855,461.1670302315316
2025,11,18,1,2174.261895785646,9500.804939390831,504.6599956706901,726.2791676011088,131.91051802555882,13.711192671161491,13.65332760726571,362.3793159207528,542.5275521793607,394.8556801886908,598.2224085516249,1092.9048666730464,212.9718889090917,66.71516101127462,480.7911649072939
2025,11,19,1,2588.8661356913394,12497.333611713651,594.6210987391444,738.0249260774609,131.91051802555882,423.67655933578783,421.88852588274807,303.32490277566257,943.3136476313836,394.8556801886908,1990.202744962164,820.4991196792025,181.95658087380403,66.71516101127462,414.5597440387477
2025,11,20,1,2823.487159524706,10919.109393570972,348.873618932129,581.4148769271698,131.91051802555882,307.1312358948896,305.8350562688219,300.6405845050863,1268.341386608864,394.8556801886908,174.23954513965003,699.0652568473793,76.50448766803633,66.71516101127462,409.6536969049851
2025,11,21,1,2129.266091767636,10418.377152378407,1013.7083366938622,730.1944523605039,131.91051802555882,134.36987922011716,133.8028007876848,206.69038712696533,325.0277389774805,394.8556801886908,619.5183827190604,820.4991196792025,221.24265301375905,64.8089968088359,480.7911649072939
2025,11,22,1,2580.831170688123,11970.385021578382,893.0287694665957,636.2283845495352,131.91051802555882,42.50478749524203,42.32540541643411,265.7448002720556,290.8143153676908,394.8556801886908,766.6539646017919,938.6510026269026,184.024283371396,64.8089968088359,392.482585796118
2025,11,23,1,2378.350006867621,11105.245506476222,987.3782178873352,720.406312313429,131.91051802555882,113.80306367967364,113.32278295506455,437.5394620470703,766.1368401397607,394.8556801886908,654.3662747404023,922.2410526129684,192.2950015903272,60.996710266391965,463.62005379842674
2025,11,24,1,2870.08995654336,11697.734968967234,875.4753880574541,777.1774383650716,131.91051802555882,145.3388651975192,144.7254945795945,386.5379448329042,766.1368401397607,394.8556801886908,937.0215453593318,958.342983118186,115.79055980799131,68.62132521371333,407.2006733380901
2025,11,25,1,2436.201800629948,7526.713816803294,1180.4655067739147,673.4232784078688,131.91051802555882,47.30367574305868,47.10404101506492,311.37779870667856,1441.8524663087512,394.8556801886908,971.8694373806736,925.523032497184,188.15964248086155,66.71516101127462,453.8080133902173
2025,11,26,1,2831.522124527922,8140.176405666562,1261.649965830613,683.2114184550954,131.91051802555882,47.30367574305868,47.10404101506492,464.38235034899327,480.2101797180422,394.8556801886908,849.9017515312208,682.655306833445,161.27969355502165,70.52744755371855,372.8584511203832
2025,11,27,1,1605.3862820790332,10237.484321066222,803.0676197053266,722.3639307427061,131.91051802555882,165.90568073796274,165.20551241221474,357.010738260405,480.2101797180422,394.8556801886908,813.1178348024044,997.7269441008452,194.3627040879192,62.90287446883068,431.7308551475875
2025,11,28,1,2619.3990027035607,4663.888500478211,603.3977894437152,505.0674707812256,131.91051802555882,179.61692647658936,178.85889286298604,453.6451950282057,1375.8693660555678,394.8556801886908,323.311151729856,909.1130318900238,132.3320421315898,59.090587926390576,392.482585796118
2025,11,29,1,2257.8255318193787,5099.079928337131,588.0386040571236,514.8556108283005,131.91051802555882,119.287583202069,118.78415627273417,228.16475664934512,899.3249141292612,394.8556801886908,447.2148197704146,577.631394015556,159.2119910574297,59.090587926390576,417.0127676056154
2025,11,30,1,9474.515315866009,12406.644111065469,3444.623566705208,2557.0385768627584,4569.027022509124,235.5015005044304,234.50761837462093,2015.8747389458576,1947.7851062460984,4042.089985034508,1901.1286443942736,988.2899491593112,204.6055448412253,70.5135910870996,382.57569909302623
2025,12,1,1,3771.120375451085,11701.903801321538,1651.6198882434078,1499.1830695616495,4569.027022509124,304.0941865260164,302.8108240968184,195.9505232879667,2038.209272120688,4042.089985034508,1209.9851279925897,995.2010287671432,345.1426427206248,146.7445026332854,662.150314718635
2025,12,2,1,10245.30177416588,16900.368100398897,3911.618585144976,2581.4335547432265,4569.027022509124,322.3855234733404,321.02496649173685,1913.8731176575736,718.5054573663319,4042.089985034508,2398.674536915956,1428.297813054806,400.94417997863314,177.2368923692229,581.2207881226878
2025,12,3,1,15468.813129442062,8202.319105067856,7694.70641370665,9292.273785354551,4569.027022509124,1996.046701541807,1987.6228267780443,5014.186530363827,8646.504138823566,4042.089985034508,6570.703276261431,4400.078689547623,1105.6965459301691,280.1486187703292,792.1279250044735
2025,12,4,1,12050.17354617177,17294.272322986908,5681.058283006171,5431.212057775721,4569.027022509124,868.840495026313,865.1737453885747,1242.809624472181,4965.996701438711,4042.089985034508,3194.360751505695,2819.7363156311144,1004.4271659011076,407.8354144482906,1007.939870255262
2025,12,5,1,7682.383768268993,12803.2279642531,4445.021091891691,3089.2929358246947,4569.027022509124,472.14623278510487,470.1536437679783,985.121252980986,2082.19940106813,4042.089985034508,1995.9914741432704,1637.9350749977184,642.7507037728125,249.65627089682903,723.4605001199936
2025,12,6,1,5650.310473841633,10337.97684300619,2157.1741009732937,1900.5915596903333,4569.027022509124,472.14623278510487,470.1536437679783,781.1178926428998,1693.6199644791045,4042.089985034508,1697.8511520751113,1474.3719132080323,363.74315513996095,192.48306630597105,588.5780276058364
2025,12,7,1,6994.409134539325,13486.53122919902,2272.851730536069,1621.1580068649816,4569.027022509124,450.42520050915607,448.52428031695774,716.6958439307047,1026.4363063278402,4042.089985034508,1409.390698446011,1223.267971245871,334.8090400051239,156.2733979733847,507.6485548692052
2025,12,8,1,7015.642902872916,14118.921748842042,2469.932202174144,1829.6242990550936,4569.027022509124,217.21011048971764,216.2934231362729,493.9027267449305,2509.8812043166777,4042.089985034508,1417.134584693964,1167.9790308246909,305.87492487028686,139.12143659612997,561.6015546467313
2025,12,9,1,23355.041265817537,43168.69030807665,8168.127925617262,10115.050253776932,4569.027022509124,1648.5105035312815,1641.5533286226146,7462.226147851478,7356.127058810556,4042.089985034508,4204.940309044966,1709.3499352945,413.344521591518,125.78100823745103,554.2443151635828
2025,12,10,1,20781.506375754,36796.55217401255,18137.8282499146,12488.01756423104,4569.027022509124,4597.99531258332,4578.590487712414,6334.839500497153,18492.961245456656,4042.089985034508,8839.667389021526,5409.101978716604,2017.12119562035,646.0570025645138,1044.7260138116887
2025,12,11,1,12324.089422961524,19349.54143804756,9046.421234383904,4697.144569345444,4569.027022509124,1278.110094536006,1272.716112840911,2592.989389012281,3770.931549588341,4042.089985034508,2942.683831958297,2444.23218183162,1043.6948837514456,447.8566157994527,860.7954037482966
2025,12,12,1,7569.844722918256,14684.321739583394,3455.3344669783,2818.730314529263,4569.027022509124,690.499521983624,687.5854210795045,1103.2284306078996,3807.590008268288,4042.089985034508,2570.976399210365,1725.4759057634196,537.3478459489652,285.8659392294154,730.8177396031422
2025,12,13,1,6661.038678971844,13028.316108309484,3526.026362087299,2164.5010182639944,4569.027022509124,656.2032055065254,653.4338446401206,636.1681799990753,2888.6851163296046,4042.089985034508,3124.665605208236,1704.7425151606153,498.08012809862737,211.5407732612988,647.4358357523379
2025,12,14,1,5919.979532930282,8628.37883582924,2540.624097283144,1665.5125687125976,4569.027022509124,676.7810060062839,673.9248010724582,936.8046428458108,2876.4656301029563,4042.089985034508,886.6771224728933,1665.5795452082623,452.61223944185593,192.48306630597105,649.888266866511
2025,12,15,1,5319.06340425526,11321.397672709549,2814.8230041942693,1672.1657314342176,4569.027022509124,361.2547139878654,359.7301181624762,920.699145387986,1996.6630511526928,4042.089985034508,1182.8814623500482,1377.6162421743768,415.4112146031836,175.33110492871631,667.0551230876379
2025,12,16,1,5739.492364877386,10549.666893087073,3161.8559862688167,1474.7880916811816,4569.027022509124,1374.1398125123262,1368.340558577254,681.8005307443873,1996.6630511526928,4042.089985034508,1997.927456334376,1154.156770422852,421.6113854096349,169.6137844696301,603.2925065721334
2025,12,17,1,5280.842593811407,7736.065092379448,2924.0741402862022,1290.716777371537,4569.027022509124,903.136811503358,899.3253218279052,950.2259397947604,1960.0045924727472,4042.089985034508,1585.564525122632,1313.112512078561,357.54298433350965,154.36761053287816,571.4111713847095
2025,12,18,1,5183.167158850938,11565.243171941704,2547.0506374469987,1410.4739937677132,4569.027022509124,1108.9148165007273,1104.234886151068,942.1731616254456,1722.9466992204511,4042.089985034508,1273.8723277168333,1412.171842585979,361.67646212829527,150.55607751430236,576.315979753685
2025,12,19,1,4569.5107600281535,9927.994895843056,3236.832241487249,1412.6917625758615,4569.027022509124,740.8008179904434,737.6744315633003,587.8516287447047,753.5346261694827,4042.089985034508,1283.552238672261,1218.660551111894,343.0759497089591,148.65029007379195,527.2678422044777
2025,12,20,1,4425.121016438001,12789.829870277084,2257.8565168467526,1348.3776646623933,4569.027022509124,6321.957786658605,6295.277358482517,722.064303829443,753.5346261694827,4042.089985034508,1213.8570923748016,1144.9419301548978,320.3420053805734,137.2156491556196,613.1021233101117
2025,12,21,1,4395.393704179694,10356.734198181452,1473.8190370968978,1321.7649658747694,4569.027022509124,512.1586020083776,509.99714961391726,531.4822993210196,753.5346261694827,4042.089985034508,1041.555187563922,1101.17154006866,328.6088691986726,142.93296961470577,519.9106027213292
2025,12,22,1,5053.64107138994,10426.404357682744,2915.5054200677287,1379.4258531656255,4569.027022509124,400.1239045023366,398.4352698331619,1001.2267504389024,5105.298812219897,4042.089985034508,733.734997056602,1108.0826702696256,334.8090400051239,148.65029007379195,581.2207881226878
2025,12,23,1,5187.413930813154,9925.315265243433,2356.3967059727784,1332.853570410853,4569.027022509124,372.68681948021367,371.1139769755863,660.3265145070194,2219.057603869738,4042.089985034508,1918.552441597756,1050.4899691882308,301.74149296123727,141.0271821741992,529.7202194593074
2025,12,24,1,5663.05074398968,10303.141822278412,2547.0506374469987,1439.3044613636375,4569.027022509124,535.022812993128,532.7648672401912,883.1195728119887,2461.003313081057,4042.089985034508,1726.8907999087585,1002.1121589680164,334.8090400051239,152.46182309237156,591.0304587199821
2025,12,25,1,8340.631135479238,10284.384467103151,1218.8997506775331,2133.452829760914,4569.027022509124,489.2943910236811,487.229431987697,1181.0717762689526,1221.948032283115,4042.089985034508,1850.7932774914025,1322.327301753289,419.5446923979693,167.70799702911975,554.2443151635828
2025,12,26,1,46319.38083753265,61165.02331020786,10818.003158992537,32259.04874226651,4569.027022509124,6321.957786658605,6295.277358482517,17820.76240695184,18040.84046975494,4042.089985034508,9856.054893134013,5452.872419396068,1967.5198291687927,806.141933556482,917.2007807806524
2025,12,27,1,34504.90231196761,40566.77855744991,41688.94241608849,14931.952087419546,4569.027022509124,6063.5920221019815,6038.001969638139,8074.236111104219,20277.00532213938,4042.089985034508,7275.398582968119,5282.398127405417,2773.541621035127,1860.0343505692863,2793.293240408071
2025,12,28,1,23476.07385509299,39591.39661954542,17668.691051420214,7535.834419940711,4569.027022509124,2041.7751235112537,2033.1582620305385,4488.072690941454,8419.221823818472,4042.089985034508,4350.138548213202,3953.159695451162,1260.7007243198552,884.2786325431742,1552.3745686808938
2025,12,29,1,73158.88637760264,102439.22174897871,71792.98163387134,71399.70260820877,4569.027022509124,9173.126414181996,9134.41325779866,26415.74377981799,17823.33373299679,4042.089985034508,7083.736941279019,3778.0780339198514,1043.6948837514456,682.2667127595375,1397.8728088314367
2025,12,30,1,103470.11592177706,93266.879908183,300102.11810769065,99431.76476308543,4569.027022509124,57622.41581225371,57379.233118175,104299.37417554496,109090.63084677952,4042.089985034508,67766.91126641695,31118.462360738005,6028.629596646947,1032.92892261697,1741.2100409725774
2025,12,31,1,4613.002462182584,10456.392040543167,2154.34963621027,2190.3578458171505,346.8757117447899,481.44249700595896,482.6834989967912,758.3179613163624,1406.4692012276685,725.8501063495498,1606.1492722798628,2829.4507536349747,360.1833643526725,239.03527769673843,964.4608592542958
2026,1,1,1,5170.618188301175,10799.455684196875,1570.419123886074,2028.758077778828,346.8757117447899,599.4884931344112,601.0337792653354,816.9973285594062,1664.2740934200108,725.8501063495498,1668.523994650949,824.9045529348226,729.9291542093279,229.2787412148752,1263.0408565476264
2026,1,2,1,4793.467208169679,9843.890285325382,1862.3844046302656,2242.926412493679,346.8757117447899,569.3983402504708,570.8660637651623,1132.963179061194,1160.1222035904912,725.8501063495498,1696.592640264998,2007.361576922117,513.1816825524795,234.1570362340232,1033.1816225435243
2026,1,3,1,4971.904215041907,10656.90414041151,2974.9489217034666,2190.3578458171505,346.8757117447899,476.813266191295,478.0423355324489,801.1990585028076,2996.26628804709,725.8501063495498,1537.5370502755657,1942.607985644504,535.4938687673077,231.71786194623283,1118.4902155027178
2026,1,4,1,5799.20312686902,10943.57374627696,2481.7045913404336,2328.5937463796927,346.8757117447899,548.5666998587257,549.9807261876488,880.1905086457289,1065.593755701612,725.8501063495498,1596.7930570752242,706.6588134388126,713.9918483499371,219.52220473301188,1045.0300425691748
2026,1,5,1,4647.473262564272,9618.314168662258,1497.427828282084,1956.719662491804,346.8757117447899,451.35234412201856,452.5157834966181,823.7680228594115,1884.8405766746607,725.8501063495498,1609.2679878512904,1010.7191981016488,105.18633064099558,229.2787412148752,1142.1870555540188
2026,1,6,1,4544.060903895408,9760.865746937536,1377.9875174458198,1987.8714202685248,346.8757117447899,580.9714681500208,582.4690234200159,1435.387591033077,2752.783889865518,725.8501063495498,1693.4739246937029,1010.7191981016488,822.3656541589269,217.0830840016542,933.6549567790807
2026,1,7,1,4533.922420701889,10304.441455970024,2200.7986514426875,2145.577169441441,346.8757117447899,606.4323902192971,607.9955754558467,1117.1649090045262,1289.0247125950218,725.8501063495498,1166.407431620875,1821.5468699264109,608.8055876894924,204.88737323200056,781.9952533102985
2026,1,8,1,5539.658381877624,12693.355022128411,2740.491997038137,2307.176888336554,346.8757117447899,416.63296042341415,417.70690453210256,787.6576699028661,1289.0247125950218,725.8501063495498,1565.6056958897473,2440.9291441402984,752.2414104047364,224.40049975215985,1196.6897460379976
2026,1,9,1,4667.75018647511,11242.77536054015,2342.357545643325,2020.9701383345569,346.8757117447899,638.8371585105468,640.4838726881683,954.6681958753354,919.504279047679,725.8501063495498,1443.974966719003,1739.9010213166534,392.0580460520638,217.0830840016542,1049.7694001709517
2026,1,10,1,10621.05800302819,11424.489447812057,2342.357545643325,2316.911837213468,346.8757117447899,502.27413739770407,503.56883657430456,649.9868525168316,2494.978934764816,725.8501063495498,1253.7320840345824,1739.9010213166534,745.8665300493283,197.57001103792763,1063.9875250187392
2026,1,11,1,4416.316228038375,11687.661555177792,1928.7401055591968,2052.1218961112777,346.8757117447899,379.5989104545879,380.5773928414181,783.1438570595875,429.6748832288025,725.8501063495498,1378.4815287766216,709.4741896607771,557.8061249626868,200.0091317692853,481.045603237328
2026,1,12,1,4582.58709755462,11863.109638251,2156.561484713798,2716.0437091560025,346.8757117447899,469.86936910640907,471.0805393419376,503.2884094442398,1142.9352359410886,725.8501063495498,1462.687397128413,38.007548082862165,465.3696949936682,207.3265475197909,1421.8095703978254
2026,1,13,1,6952.960645336231,11665.730574971743,3052.363963478843,3101.546662499549,346.8757117447899,509.21803448259,510.530632764816,1322.5426693902673,922.3688155947976,725.8501063495498,1316.1068064056683,38.007548082862165,560.9936001306811,187.81342099963163,995.2667096869732
2026,1,14,1,6048.609388667089,10346.737001555735,2755.9749857274523,2679.0509722244424,346.8757117447899,576.3422373353567,577.8278599556735,1076.5406932748074,1054.1357353297285,725.8501063495498,1334.8192368150785,2471.898282582622,280.4968350556307,192.69171601877963,983.4182896613228
2026,1,15,1,8662.306193283177,19507.632967183315,3914.9885671972575,3440.322028321405,346.8757117447899,576.3422373353567,577.8278599556735,2110.2003392931333,1145.799709579848,725.8501063495498,2329.696147670455,2463.4521539164903,631.1178438849009,229.2787412148752,1075.8359450443895
2026,1,16,1,6460.2311691800805,17737.48719493097,3092.1773840362025,2653.7401936025603,346.8757117447899,742.9954113321398,744.9106115697105,266.31405901533725,1899.1630706853043,725.8501063495498,1528.180835070927,1669.5166775949926,653.4300300997293,280.50059791198805,1260.6711517254894
2026,1,17,1,4797.522601447202,14895.854980621005,3258.066759269072,2680.9979816572068,346.8757117447899,585.6007498275519,587.1102378783334,1040.430340318262,1899.1630706853043,725.8501063495498,1419.02510516687,971.3039928221926,784.1160921041276,234.1570362340232,1033.1816225435243
2026,1,18,1,5089.510450181814,14640.51536125912,3041.304671796728,2480.458565541223,346.8757117447899,479.1278815986496,480.3629172646428,1679.1326856918788,1289.0247125950218,725.8501063495498,1634.2179178940446,1095.1804229334894,672.5548111271142,236.5961569653808,926.5458943552072
2026,1,19,1,5977.640133741248,12235.93681909338,2687.4073871306614,2527.186202206244,346.8757117447899,789.2879737931614,791.3225011830548,1257.0926078472871,1280.4312287703842,725.8501063495498,1431.5000359429364,1466.809775096022,643.8676745762974,229.2787412148752,1137.4476979522824
2026,1,20,1,6699.498990260831,15997.104925377738,2744.915694045194,3119.069550820612,346.8757117447899,277.75527304034955,278.47123569206985,570.9954023738411,1744.480110206606,725.8501063495498,1521.9434039280711,1033.242207877841,554.6186497946926,224.40049975215985,1106.6417954770673
2026,1,21,1,9584.906677224491,20151.46474339458,3229.312581229783,4626.0357349827855,346.8757117447899,715.2198738555088,717.0634778016858,568.738470987289,1744.480110206606,725.8501063495498,1300.513091567686,715.1049421048251,522.7440380758818,224.40049975215985,1033.1816225435243
2026,1,22,1,9613.294387690185,18179.24038746909,3182.8635659973656,4061.410125279732,346.8757117447899,699.0174642784729,700.81930368856,857.621544289125,1744.480110206606,725.8501063495498,1886.8355229495512,715.1049421048251,557.8061249626868,217.0830840016542,1028.4422649417877
2026,1,23,1,7490.299405067591,18542.66852752404,3339.9054980516485,4326.2000663818,346.8757117447899,701.3321305486495,703.1399364146837,1466.984181076238,1744.480110206606,725.8501063495498,1390.9564595526883,715.1049421048251,611.9930628574866,212.20478898250624,1026.0726121621883
2026,1,24,1,10365.568651314125,24075.54895884467,4582.969666807559,4666.922392492967,346.8757117447899,905.019303651392,907.35214872543,1220.982204960778,1515.3201431271907,725.8501063495498,1259.969515177438,715.1049421048251,363.3708395206668,214.64390971386385,1028.4422649417877
2026,1,25,1,24496.563929072883,44776.85541547043,11130.06916272476,13866.425246638675,346.8757117447899,1472.1030284945532,1475.8976307584437,2645.085338780604,2500.7079449508224,725.8501063495498,2170.640557681023,3406.602384518562,796.8659227955242,212.20478898250624,886.2613287190162
2026,1,26,1,21767.28862843195,33248.976932869286,12401.887460355914,10720.09790776342,346.8757117447899,1918.826141801953,1923.772250790765,1907.0794603641189,2151.2390156,725.8501063495498,2189.352988090433,3319.325783464757,538.6813439353019,226.8396204835175,1263.0408565476264
2026,1,27,1,14441.232396241743,28995.927600457595,7940.570002052336,7671.119861083731,346.8757117447899,1159.628320892732,1162.6174651078834,1701.7016500484829,3560.572690466556,725.8501063495498,1818.223369435742,754.5202092131615,570.5560256346931,212.20478898250624,824.6495758111237
2026,1,28,1,12220.908102390082,22961.76697120098,6246.286821158467,5891.575796375339,346.8757117447899,960.5703786046084,963.046416261434,1496.3238896627415,3612.133656323378,725.8501063495498,1571.8431955229582,1925.71572831236,608.8055876894924,209.76566825114853,1180.1019684106104
2026,1,29,1,11034.70748018004,23425.45117843436,5014.281944084672,5081.630143323923,346.8757117447899,877.2438170376279,879.5050659513803,923.0716058321742,1111.4257742809154,725.8501063495498,1621.742987117978,1373.9024215981688,433.4950832748573,209.76566825114853,864.9341934898523
2026,1,30,1,10162.799327253728,19540.5294719816,4777.613170915672,4853.832939153294,346.8757117447899,1034.6384785422613,1037.305439642803,1284.1753850471698,426.8104095900431,725.8501063495498,1603.0305567085677,869.9505106583267,513.1816825524795,197.57001103792763,1052.1391049930887
2026,1,31,1,9965.897227967034,17329.06749060767,5186.846933656967,5036.670732671569,312.1658662877354,859.2598346504009,861.4747267134713,1344.5364912168309,2351.772552652584,792.847408762744,1684.1190792992277,1300.57854934406,662.7671181565961,197.37062042942856,1061.599969606826
2026,2,1,1,9590.681388365265,17041.793350777727,4807.376296808801,5268.290206451649,312.1658662877354,968.1148641424828,970.610349026403,1593.869940119101,2354.637026291344,792.847408762744,1503.232206347981,1300.57854934406,787.0358915779464,214.42732748964465,819.8964269374283
2026,2,2,1,6869.335839797038,14905.289959586966,3868.804006233788,3899.629657231636,312.1658662877354,975.063033706177,977.5764287087816,1125.4958627819333,2208.546417285029,792.847408762744,1662.2878648279016,1331.5447200020417,490.70252268893904,202.24393470010105,1222.735682067324
2026,2,3,1,7026.019400085081,13468.919191457078,3525.2596219254315,3838.5663717963903,312.1658662877354,743.4566355946247,745.373024718161,1025.2964375248148,1962.1975323941367,792.847408762744,1216.308182082996,2778.508735915727,509.82086550357786,202.24393470010105,964.4446219831468
2026,2,4,1,7370.310837697519,13812.706289266316,3379.309380765734,3606.94689801631,312.1658662877354,636.9176456695001,638.5594119680457,1204.7233315670962,412.4911868190611,792.847408762744,1718.4252245466205,1568.0135696386928,595.8530932568407,199.80727756476784,969.1838754998485
2026,2,5,1,7539.364124800025,14822.090317426108,3338.89237124031,3505.876571462832,312.1658662877354,741.1405451648454,743.050964161415,1172.1002326885696,2171.30763089667,792.847408762744,1596.7943583950323,1050.0342406606385,449.2796215420256,202.24393470010105,1054.4910112680277
2026,2,6,1,6494.120042671852,12610.236361582369,3345.628555882705,2137.2160222428192,312.1658662877354,838.4152242336295,840.5763856784305,1200.0628746045095,779.14997760828,792.847408762744,1603.0318580282433,1511.7114243073318,503.4480845653747,214.42732748964465,973.9231810590474
2026,2,7,1,7149.716923089246,14782.845240291708,3567.9219607792616,2135.1104272971534,312.1658662877354,611.4409561188593,613.0170518074176,1064.9101719173616,146.0906090061873,792.847408762744,1503.232206347981,1097.8909992719534,646.8352008013638,207.11730252720625,834.1142395299898
2026,2,8,1,5694.209371257469,13754.623536479465,3498.314932520467,2124.5822559953763,312.1658662877354,699.4513751941247,701.254333085263,1167.4398256558777,1629.9129914461578,792.847408762744,1677.881579665884,1413.1827781779011,624.530502507899,204.680645391873,1258.2803176338234
2026,2,9,1,5789.044127566841,11607.131547144128,2638.3312333392364,2973.151762111438,312.1658662877354,766.6172347155315,768.5933243220884,1230.355745001708,1999.436318782496,792.847408762744,1319.226617825307,1461.0395367893352,490.70252268893904,197.37062042942856,978.6624866182864
2026,2,10,1,6910.568375782689,11183.284431279058,2728.1467663606,2851.025142097616,312.1658662877354,708.7156351876434,710.5424733244332,983.3525245808344,498.4268428761486,792.847408762744,1737.1376549560307,720.6669408790406,544.8709857122883,202.24393470010105,914.6821217815076
2026,2,11,1,5187.049509949755,11756.262916131383,2409.3016438002846,2794.173095697155,312.1658662877354,722.6120251778534,724.4746836831202,908.7854628283636,1423.6674294907432,792.847408762744,1309.8704026205353,2750.357694164546,468.397894376084,194.93390973766265,995.2499519904476
2026,2,12,1,6920.876509779199,13186.354470540076,2896.5508907757453,2756.271747811252,312.1658662877354,317.3007776198604,318.1186757056498,1269.969479394324,1397.8867263827558,792.847408762744,1855.649737045836,1796.037094384297,557.6165475887238,192.49725260232336,1042.6427994124874
2026,2,13,1,5452.99918865637,11093.805575397002,2588.9327098431545,2716.264706693019,312.1658662877354,650.8140356597553,652.491622326778,1083.551949837953,2434.8436721624257,792.847408762744,1568.7257127808505,1480.74531547823,484.3298117313163,192.49725260232336,971.5535282794478
2026,2,14,1,4537.637535415987,13324.497206893197,3040.255753442707,2756.271747811252,312.1658662877354,687.871075633694,689.6441832833221,983.3525245808344,1727.306730783616,792.847408762744,1609.269357661587,1342.8051737997705,621.3441470291021,182.7505705045517,900.464257146368
2026,2,15,1,5599.374614947903,11217.82012398973,2676.5028152075947,2680.469002896112,312.1658662877354,660.0782956532287,661.7797625659027,1165.1095971745494,853.6275503849967,792.847408762744,1790.1561621223454,1249.9066618260629,659.580692697219,192.49725260232336,931.2695871537092
2026,2,16,1,6665.234922592507,11771.960967678811,2431.755527055589,2686.785886019895,312.1658662877354,745.7726751615821,747.6950342809773,1572.897933717182,2675.463483958952,792.847408762744,2070.8426867539865,1731.289685990531,366.4337492675888,197.37062042942856,1191.9303000174452
2026,2,17,1,4591.239798216297,11858.300199455489,2750.600649615905,2560.447977828078,312.1658662877354,847.679484227103,849.8645259175553,1155.788733179201,1077.060268715147,792.847408762744,736.0224225811858,1804.482419275344,745.6129904310329,197.37062042942856,981.0320873553484
2026,2,18,1,5263.329676037431,11198.982482826485,2784.2814744989337,2573.081793218852,312.1658662877354,771.2493647122682,773.2373944416507,1125.4958627819333,2595.25690099623,792.847408762744,3087.5516339669466,1638.3911740168237,525.7527128782299,187.6238847752182,1120.841028884406
2026,2,19,1,5110.769386338473,11470.558571109,2427.2647209060733,2455.166412239815,312.1658662877354,690.1871152006514,691.9661928461385,1386.4804041608802,1311.951070325668,792.847408762744,1977.280534706936,1401.9223243801723,653.2079117589865,190.0605954669901,1078.187487021565
2026,2,20,1,5426.198057256312,10396.812576441507,2117.4011614807464,2490.9621651800526,312.1658662877354,676.2907252104415,678.0339824874515,1461.0474159833873,2615.308531009852,792.847408762744,1705.9502252800655,1359.6957617532223,573.5484649439562,180.31385981277973,1007.0981638459878
2026,2,21,1,4350.029615615198,10399.952166057328,2826.943862516951,2552.025450615298,312.1658662877354,662.3943860830533,664.1018231226942,1011.3151165668796,759.0983475947849,792.847408762744,1896.193313436084,1525.7870070118622,465.2115388972579,241.2307166476324,1037.903545895826
2026,2,22,1,4714.937321220462,10211.575685445758,2696.711319970164,2444.638240938038,312.1658662877354,699.4513751941247,701.254333085263,1426.0941385534272,2220.004500565527,792.847408762744,1927.3806746215605,1711.5839073016364,818.8997262884404,265.59750222671954,1123.210681664005
2026,2,23,1,6578.646664984909,11307.298945382228,2121.8919184662186,2575.187437307972,312.1658662877354,803.6742746894702,805.7458852786325,1677.7578159369568,2039.5396417181005,792.847408762744,1918.024459416789,3321.8240395672788,665.9534736354221,229.04737741452143,1187.191046500784
2026,2,24,1,5125.200748447673,10249.250967772248,2501.362555314384,2421.476303388696,312.1658662877354,815.2546251127682,817.3560860745487,1458.717237431954,928.1051231617135,792.847408762744,2102.0301164300845,1590.5344154055088,455.6524024802287,221.73735245208303,1142.167799815806
2026,2,25,1,4063.463668915759,7633.957332034945,2514.8348754347007,2507.8072196056123,312.1658662877354,805.9903651192494,808.0679458353785,1433.0848239973425,2136.933381055558,792.847408762744,2098.9113323681686,2936.1546562832,624.530502507899,202.24393470010105,1009.4678166255871
2026,2,26,1,5642.668743751702,10696.645143713848,2936.96785113684,2625.722551441318,312.1658662877354,991.2754632633444,993.8306486302848,1990.0071841850577,2423.385588882055,792.847408762744,2441.9726478612515,855.7919536508182,713.7491557205682,197.37062042942856,1073.448181462366
2026,2,27,1,4826.265074933576,10268.088643425051,2622.6135347260406,2650.990133079657,312.1658662877354,972.7469941392196,975.2544191459654,1691.7391368949611,3211.1291132235865,792.847408762744,2373.360357366466,2325.276815331319,688.2581019482773,199.80727756476784,1009.4678166255871
2026,2,28,1,5199.195471008424,11923.569622213166,3561.7540160400777,2956.7443781471266,1093.1578263000042,810.5686313650111,812.6580133607549,2115.9836198702765,2715.5484376253075,1902.4528904500144,2551.0974885432847,3136.021389195342,691.7054849667621,190.17836606814143,1125.6808806226372
2026,3,1,1,4943.634716440177,8580.959614907526,2959.92497921381,2671.3107018064925,1093.1578263000042,803.6209195668956,805.6923926239253,1174.0441535255532,3219.7008936309544,1902.4528904500144,1646.674150759645,444.7857919182759,720.3937412067762,187.74015579618785,976.3800571285594
2026,3,2,1,4767.674849157282,10973.38608627036,2523.654884985884,2555.8298811973305,1093.1578263000042,778.1459084900579,780.1517152636593,1137.9890729694578,2578.0523189791656,1902.4528904500144,1830.6775475858983,1314.651720723812,513.2008572296455,190.17836606814143,1142.2698552283907
2026,3,3,1,4914.30806481366,7618.436005272697,2644.4681062995805,2688.741790394641,1093.1578263000042,900.8891390546228,903.2113379091876,1651.7741955784463,2162.6994264932387,1902.4528904500144,1456.4333912811574,2812.2849036866724,538.7014983405047,182.8637888087072,1004.8182844404856
2026,3,4,1,5440.092942239807,7823.58926910676,2780.942389059921,2884.8412544366693,1093.1578263000042,1104.6892785321927,1107.5368077852916,1865.8513424813664,1664.2759806735978,1902.4528904500144,2731.98216979811,1013.436019152959,809.6460550753345,195.0547330556221,997.708753633773
2026,3,5,1,4105.730505614714,8619.522246038092,3253.008991485644,3056.973026956241,1093.1578263000042,1137.112001407146,1140.0431058823874,1690.082762358016,2950.4376665245486,1902.4528904500144,2310.9574853940817,2232.3742844830213,656.6420684490479,185.3019990806608,1071.174234905957
2026,3,6,1,6250.765225860715,10931.738428094131,4349.277540544502,3494.928519583772,1093.1578263000042,1225.1166221183116,1228.2745738498384,2352.5951796381964,5176.15614215498,1902.4528904500144,2544.8601258910503,4138.197016379452,726.7689014844764,182.8637888087072,1056.9550692074563
2026,3,7,1,5010.667044810819,7107.866615971079,3731.787491435635,3242.178103631213,1093.1578263000042,1102.3733406909244,1105.2149002103802,1931.2011947130256,3022.05019948638,1902.4528904500144,1821.321469362236,1407.5499853822373,685.330324689062,192.6165227836624,1144.6397161781408
2026,3,8,1,5892.561190599662,9470.98543387094,3371.584995564992,3497.107436371751,1093.1578263000042,1021.3164826407416,1023.949103973734,1581.917470759766,1839.0106340744053,1902.4528904500144,2017.7995914930912,3825.720922839632,535.5139531919302,182.8637888087072,1052.2153993504935
2026,3,9,1,5303.93351859978,11827.934266658604,2651.179954659376,2897.9145585918263,1093.1578263000042,914.784613513676,917.1426303767764,1300.2369854018507,3414.4870512284106,1902.4528904500144,1705.9294726541552,1587.716380543365,707.6434206513467,182.8637888087072,1267.872121267505
2026,3,10,1,5921.887842226178,6691.390034211985,2631.0444095797047,2950.207726069488,1093.1578263000042,822.1482188456632,824.2674492474074,1257.42154603526,2643.93584175499,1902.4528904500144,2086.411060101752,1956.4944957567864,564.202139451364,202.3692567586237,1111.461766966674
2026,3,11,1,4891.2657138826,12022.290004813036,3074.026401331756,3002.5009426904794,1093.1578263000042,988.8937597657884,991.4428058766384,1926.6943221259355,1403.6062373919574,1902.4528904500144,1899.2889477040708,1297.76113277036,867.0225675553336,202.3692567586237,1184.927248238858
2026,3,12,1,3850.169751046468,10820.678006291802,3396.1951226059223,3059.15189460101,1093.1578263000042,1340.9121408847611,1344.368575758537,1917.6805769518933,3563.4411902465645,1902.4528904500144,2120.716725915461,1494.8181158849395,589.7028505427742,187.74015579618785,1253.6530076115016
2026,3,13,1,9212.756572899472,6395.228920901936,6483.645220657553,4392.628377859609,1093.1578263000042,1498.3940321655025,1502.256404076027,3053.416163698016,3388.7065368457565,1902.4528904500144,2831.7805886491856,3110.6854763507245,682.1427095599071,202.3692567586237,1125.6808806226372
2026,3,14,1,11431.107879735177,10317.82111562486,16573.79008031174,6957.173827922679,1093.1578263000042,2522.0264526475125,2528.5274156246724,6138.380535365036,8143.780776329058,1902.4528904500144,3433.689885817684,2663.0846173545274,497.2629215450904,192.6165227836624,1132.7904114293904
2026,3,15,1,7924.478880612703,8460.64418094804,19728.35866196204,6320.939954465141,1093.1578263000042,4536.868469010936,4548.5630386370085,12364.645385756832,15677.42256548335,1902.4528904500144,5794.546683373102,3127.5761261330563,806.4584399461797,297.45843979269745,1251.2831466617513
2026,3,16,1,8883.879146788542,15127.354136755102,12157.394056168288,5187.920719681562,1093.1578263000042,2554.449175522466,2561.033713721768,4297.317042042248,8851.31293666516,1902.4528904500144,3221.618254320444,2868.586925360273,682.1427095599071,314.5256974706603,1118.5712977733867
2026,3,17,1,7893.057462087831,16907.405774681578,8486.013199971525,4695.493142788269,1093.1578263000042,1845.780588464806,1850.5384098020777,2674.8376181392973,5184.749625979745,1902.4528904500144,2791.23749169262,4312.733215556096,889.3355935370379,236.5038256709821,827.0792336344414
2026,3,18,1,6707.423008017476,13058.85388415325,6633.54315097344,5915.667673082475,1093.1578263000042,1512.2895066245555,1516.187696543616,2512.5897057069733,4663.410202324696,1902.4528904500144,2897.273341686551,2116.9551740577804,535.5139531919302,234.0656689554612,1265.5022603177547
2026,3,19,1,6074.80535857782,11218.64449475747,6058.561507586638,1891.2705317845875,1093.1578263000042,1102.3733406909244,1105.2149002103802,1971.7631977860367,4531.643093864433,1902.4528904500144,2295.364044518052,1776.3281005956587,694.893100095917,236.5038256709821,1125.6808806226372
2026,3,20,1,6849.866732353151,11767.776549678862,5637.952327312794,4098.479132653114,1093.1578263000042,1428.9167107331048,1432.599992732058,2079.9284893842173,4133.477231936522,1902.4528904500144,3124.938482550176,2353.423590892628,863.8349524261786,212.12199073358497,1045.1058165012028
2026,3,21,1,6652.9592385615415,10738.925203462531,5519.376372397777,4187.813344951841,1093.1578263000042,1398.8098748365524,1402.4155512158989,2163.30593182382,2254.363526560205,1902.4528904500144,2909.7481354816405,1584.9013134655631,822.3963756307642,280.3911285583019,1360.2964380951523
2026,3,22,1,7076.100877771275,10391.861385329894,5774.426610073135,4412.238334092405,1093.1578263000042,1528.500868062055,1532.4408455921864,2197.107576086404,4053.27115224144,1902.4528904500144,3146.769423059549,4988.357228324855,707.6434206513467,609.5459805478368,1270.241982217255
2026,3,23,1,10748.215994636685,10445.849082708584,6476.933372297616,4961.316862896108,1093.1578263000042,1565.5554157566776,1569.5909078451298,2668.0773092587656,5602.967055012791,1902.4528904500144,3118.701119897941,2587.0768788207934,1058.2775158478798,433.9967154421313,1256.0228685612517
2026,3,24,1,8234.503404637078,12213.560715921809,6980.321950124349,5194.457371759201,1093.1578263000042,1945.3647457938007,1950.3792626622512,2717.653057505888,4651.952181952812,1902.4528904500144,3935.8007641351073,2570.186290867341,1204.906342196437,390.1094125548115,1260.7625904607924
2026,3,25,1,7019.542341416793,12144.14795229535,6143.578220702252,4375.197289271461,1093.1578263000042,1834.201051847021,1838.9290249094004,2215.135116364452,4391.2824386710445,1902.4528904500144,3174.837726221024,3808.83033488618,873.3977278330336,431.55855872661033,744.1343085632569
2026,3,26,1,6399.493250891845,9591.300902319988,5582.020274035183,3889.306364455929,1093.1578263000042,1549.3440543192237,1553.3377587966047,2005.5648420486216,4336.856873358616,1902.4528904500144,2641.539829170697,3707.486683507827,994.5258430901808,375.4803115923757,1192.036779045571
2026,3,27,1,6902.235734910535,10999.608678198112,4597.615880695735,3889.306364455929,1093.1578263000042,1408.0735244759362,1411.7030795276398,1559.3830079648028,2884.5540808401097,1902.4528904500144,2660.2520541086424,1624.3126853569506,933.9617854616072,324.2784314456155,974.0101961788096
2026,3,28,1,7120.0908552110495,12412.543960154817,5535.0373355160455,4327.26190622667,1093.1578263000042,1218.168859457374,1221.3089021190788,2237.669579159484,4007.439070753777,1902.4528904500144,2632.183750947035,2463.212505333266,548.2642737473598,331.5930087050559,1187.297109188608
2026,3,29,1,9273.50460057466,13401.290161717749,5546.223765837243,4357.766249826644,1093.1578263000042,1435.864473394042,1439.5656644628173,2057.3940765191487,2712.6839639865484,1902.4528904500144,2791.23749169262,2375.9443748305634,819.2088304821896,316.963907742614,1061.6947911069565
2026,3,30,1,9204.377505305276,14491.841738436298,5584.257589597907,4882.8770871080105,1093.1578263000042,1350.175790524145,1353.6561040702782,1753.1791782960956,4405.604932681687,1902.4528904500144,3583.387548339607,1705.9506198751692,889.3355935370379,334.0311654205769,919.5035504620888
2026,3,31,1,9830.091505437456,16539.704129952086,5985.989091025377,5746.113418868047,2199.9589533787243,1801.8462817306493,1806.490854730972,2824.2240873640417,4334.032598223223,6312.119639098973,4097.9740423382445,2604.897681669612,1267.9403641715032,355.8004103327883,1070.211187782181
2026,4,1,1,10838.557043538847,15408.374136813873,8288.121957520798,5801.407032114551,2199.9589533787243,2105.241971814082,2110.668600112274,3147.713625003292,7407.672386913937,6312.119639098973,4278.858723593071,3494.304738963497,775.201196847991,365.683768453368,1186.1708566727812
2026,4,2,1,9702.809440219751,16002.670583462455,8243.764879291368,5197.600677176651,2199.9589533787243,1801.8462817306493,1806.490854730972,3021.529730579316,5250.681902809073,6312.119639098973,3592.744379958905,3120.12049548114,1145.5402120273675,345.9170522122147,876.9450903120668
2026,4,3,1,11572.87665383108,16309.1047043937,8217.15062252093,6088.9338701395045,2199.9589533787243,1771.73827598874,1776.3052403539746,2815.047071413555,4818.138016532623,6312.119639098973,3698.780229952836,4898.93461006903,1023.1399899026808,338.5045737891104,1338.3679513655657
2026,4,4,1,18136.71463870957,26135.115883924365,27907.26213722864,17773.58253111683,2199.9589533787243,2989.9531154564293,2997.660241004864,7637.564559548838,8215.46961724814,6312.119639098973,6608.528913358515,3465.521311838407,1082.7708565818152,402.74632123819936,1227.239911492608
2026,4,5,1,14230.13442409234,25805.46707933264,28588.143433083816,12812.638567778322,2199.9589533787243,4474.507673153325,4486.041496953489,9468.37759397884,19690.77333257945,6312.119639098973,9886.284390416831,8704.100040473959,2808.927361548724,1035.280384052052,1647.5937697688178
2026,4,6,1,13319.578170195042,19896.55058791837,17977.927891907606,9158.8358673026,2199.9589533787243,3471.6806478359413,3480.629510103588,5113.887469947898,10635.996708794755,6312.119639098973,6181.266729321143,4518.993730624808,2096.4955201463144,854.9093259664016,1964.067031698452
2026,4,7,1,12918.150134691785,19444.637651652985,14192.050431697902,8619.170103730467,2199.9589533787243,2904.261177364525,2911.7474169994143,4749.101410461488,8209.740544153647,6312.119639098973,6228.047257420563,6447.481493142489,2083.9416350610763,849.9676736843343,2688.8150273177343
2026,4,8,1,14008.859485117076,19179.990009596484,14808.6139321638,9523.773813015849,2199.9589533787243,3249.344867573275,3257.720620595986,5577.326376006892,10246.420744909516,6312.119639098973,7007.7227257439245,7293.713471577679,2278.5265389695555,857.3801521074384,2014.7993965960604
2026,4,9,1,15369.79843785778,16617.086477800414,14442.667975316204,9959.487583684511,2199.9589533787243,3645.380461860928,3654.777065689307,5194.186284619577,9097.744546175903,6312.119639098973,6549.27352297365,5391.130756375215,2046.2800497859712,669.5966155986839,1674.1678334507635
2026,4,10,1,15305.178302637438,15951.598258715449,15713.498564031028,11733.30699149084,2199.9589533787243,3626.852501365249,3636.2013461445113,5320.370179043553,10086.007138625046,6312.119639098973,6081.468310470068,5221.308697091954,1428.002171571295,580.6464996263741,1765.9692531681983
2026,4,11,1,16613.246266544436,17014.831784367856,18547.91651677145,13524.820453822593,2199.9589533787243,4222.063938011617,4232.947044062866,7061.707332921494,9521.694885719104,6312.119639098973,8083.674803539704,5820.0034124691165,1795.2027679648047,543.5839468415428,1703.1577636840277
2026,4,12,1,15340.425656844363,14698.004133903938,18638.84851976712,13515.973475703213,2199.9589533787243,4411.975723828193,4423.348360624538,7038.764842975239,12727.102978130824,6312.119639098973,8782.26394096896,9236.592947657966,2448.0037426881386,605.3548681495951,2398.915829070005
2026,4,13,1,13458.609339322797,12545.227059498156,15775.598463719309,11038.819110828665,2199.9589533787243,4335.547791415607,4346.72342188852,6240.365154303868,11764.621214606515,6312.119639098973,8071.199941254126,4930.596355175112,2247.1418612467646,637.4757150959201,2287.787841239585
2026,4,14,1,12888.77731120178,12935.234138178535,16015.1267254892,10616.37580733907,2199.9589533787243,4006.676123861268,4017.0040302618327,6148.595094659062,8762.594650870731,6312.119639098973,8370.59533478846,7239.024997137255,2018.033860829628,600.4132158675276,1990.641147422936
2026,4,15,1,13329.36906888192,13277.264128083369,16228.040779652987,11671.3781446548,2199.9589533787243,4286.911876040796,4297.962138960613,6859.813181730977,11999.512582393165,6312.119639098973,9608.71993739174,7998.906756025819,2614.342457640274,578.1756734853434,2599.429474151618
2026,4,16,1,13628.971452210935,12070.099405082734,17223.857414515747,12275.18454873603,2199.9589533787243,5317.530867533177,5331.23773062474,7440.258916333565,13420.319061118757,6312.119639098973,9904.99654686416,7621.84419456247,2356.988198286213,602.8840420085644,2568.0237294095323
2026,4,17,1,13166.839691933874,12240.340591042372,17110.746847823408,12629.063722656714,2199.9589533787243,4912.231267566252,4924.8934002620335,9417.904056181193,16995.251424493606,6312.119639098973,10837.48839328087,7711.07273208997,2865.419739461411,864.7926840869753,2483.46975321852
2026,4,18,1,13096.34498352002,11098.177065066522,16212.515804730956,12343.748629161606,2199.9589533787243,4909.915227999294,4922.571390699217,7160.360179494078,11827.640829919708,6312.119639098973,10157.611412299071,6752.585548621935,2159.264805611286,728.8966572092667,2234.6396097906586
2026,4,19,1,13270.6235068547,11127.58235862816,14679.97839054943,11107.38319125424,2199.9589533787243,4289.22786474493,4300.2840975294985,7031.882056047392,12755.748280694415,6312.119639098973,9200.16997829218,6482.0215562295625,2526.4654020047965,669.5966155986839,2140.422375564402
2026,4,20,1,11762.820649045952,12079.385285444909,13160.74810475312,10492.51811366699,2199.9589533787243,2908.893205635617,2916.391385131117,5542.912591157617,10002.935767481258,6312.119639098973,7422.510047495852,7388.698645067046,2250.280350013212,761.0175577120244,2198.402236030971
2026,4,21,1,12497.140216861984,10551.857638214718,17246.03592904837,12197.77344104774,2199.9589533787243,4787.167368916032,4799.507127604177,6566.148920965758,7977.713650005758,6312.119639098973,10419.58235595765,8171.607133289953,2162.403294377764,635.0048889548893,2164.580676780065
2026,4,22,1,12628.33865004964,11194.13117363885,17609.764088523192,13564.631855360056,2199.9589533787243,5808.5224055919625,5823.49488499285,9312.368472610726,13385.944685460669,6312.119639098973,12905.187570897384,11533.508194038375,2959.5737726297543,667.1257894576472,2270.877035592883
2026,4,23,1,12998.43574179232,10268.638235433516,18177.53481768603,14276.813741404329,2199.9589533787243,6892.409340730158,6910.175727716497,9924.933713110056,15995.530748764097,6312.119639098973,16104.975501123246,14072.204067514833,3574.7131620779533,677.0090940217882,2584.934483013737
2026,4,24,1,13691.6334246845,11760.570013690469,20617.17466110756,15148.24123359845,2199.9589533787243,6991.99721104665,7010.020303135038,12544.969370331044,16969.470658477134,6312.119639098973,18447.12048468378,16749.060193339585,4265.175722076392,746.1925473093772,2981.130040074244
2026,4,25,1,11939.057335127412,9535.053548862748,19965.125468559632,13956.110686288235,2199.9589533787243,7188.857064701276,7207.387597391231,8417.610216319305,20203.52405345245,6312.119639098973,22997.30629864971,17485.915222893924,4814.407337293143,738.7800153298402,3205.801934328981
2026,4,26,1,12172.081420489309,10683.407650250194,17438.989266052165,13801.288569198196,2199.9589533787243,7188.857064701276,7207.387597391231,10548.970248512403,18456.16128906329,6312.119639098973,13765.949233134006,17514.698650019014,5008.992241201622,659.7132574781103,3343.5040378838853
2026,4,27,1,12931.857401348803,10113.87353973756,18858.41611354121,14431.635858494488,2199.9589533787243,7214.3330421721375,7232.92924363657,10987.172335742647,17682.738434387174,6312.119639098973,21369.34396188469,19402.889651658872,5125.115485793414,610.2965204316686,3290.355858477496
2026,4,28,1,13301.954493091484,14202.757066288705,21098.44908034849,15933.41068912811,2199.9589533787243,10188.074134974157,10214.33567267155,13370.900056923912,23368.82876002007,6312.119639098973,24653.336870085725,20591.64406664146,4798.715033422038,622.650704693279,3918.470805361701
2026,4,29,1,12769.328024400567,8043.121770605795,20204.65373032953,15687.906997170589,2199.9589533787243,11056.573306824868,11085.07355258814,12870.753136992937,25775.03329464769,6312.119639098973,24035.83392656973,24874.61392978985,5118.838578241071,600.4132158675276,4280.844803171342
2026,4,30,1,12528.575822509742,9781.940729398731,17323.381993441453,13314.27044391417,789.9700615645671,8223.876353350905,8245.074828745861,10596.9067481786,24984.408751743373,7089.507904148158,21597.047868379537,22812.75752635359,5170.015091819189,598.1318723944655,4438.729678637158
2026,5,1,1,9039.652862260034,11235.758931307244,15321.04547921982,11413.511122172607,789.9700615645671,6528.613719121691,6545.442359454006,8944.615428615114,18298.60158779688,7089.507904148158,19551.17593278457,19327.35780970532,4719.897242966128,544.6404010836169,4369.893745216336
2026,5,2,1,10160.689990944747,12282.257406170333,14297.226337876737,10367.981554089694,789.9700615645671,6118.693687611963,6134.465687580477,8188.828314122369,17227.268316197053,7089.507904148158,18550.070905496326,17708.533237658918,4355.365215787088,486.2860590069773,4317.673380137008
2026,5,3,1,9546.654583873476,8885.837254022399,12104.622573094675,9275.436762597836,789.9700615645671,5836.1499321947385,5851.1936263631815,7587.376121486114,16462.439511521698,7089.507904148158,17006.310807085883,16382.504763089551,3905.247436914607,457.1088879686575,3994.8567055691847
2026,5,4,1,8911.963533172195,8893.670328349135,12269.97389524737,8776.179590260728,789.9700615645671,5273.378308338647,5286.971360509484,6827.049779830525,13967.436042458978,7089.507904148158,18481.45929990656,16472.595874761595,3518.5265292915115,423.0688997209792,3643.556162385549
2026,5,5,1,8801.174295452656,9432.5856971899,10553.038256866595,8760.507881886717,789.9700615645671,5548.974301094933,5563.277749996018,7006.350600872728,14064.829970521896,7089.507904148158,15075.831005179976,16695.008246805297,3930.606227402721,393.89172868265945,3778.854317129818
2026,5,6,1,7738.3484604428995,12590.880444981023,11721.822929469765,8337.370625490674,789.9700615645671,5574.449566486016,5588.818682326069,7380.839737746846,13583.589340393562,7089.507904148158,17742.325695710573,22269.39554192801,4374.384326148303,398.7545994484566,3814.4591138676487
2026,5,7,1,8204.038937273099,11571.0144366253,11878.113927428034,8641.850338398384,789.9700615645671,5910.259739663808,5925.494464784402,8188.828314122369,15287.983238764586,7089.507904148158,19785.0789842246,14583.497967698944,4149.325401721773,381.7345785464011,4037.582430429075
2026,5,8,1,8010.627167510485,7339.588781953283,12779.618372579333,9716.484549870334,789.9700615645671,6945.481564155224,6963.384754052269,8309.11878260753,16565.562512678982,7089.507904148158,21060.6302284002,19828.489583602528,4028.871339349929,372.00883701481297,4168.133317106123
2026,5,9,1,7129.946403002007,8690.010430337215,13427.433101152204,9362.75079105136,789.9700615645671,6848.212429136339,6865.864890875908,7814.339227178077,20504.28780921822,7089.507904148158,21996.242434160584,19842.566341054942,4364.874805957986,335.5373866060198,4130.154860313413
2026,5,10,1,7834.115446639585,10975.700925732215,11758.064324575833,8079.906185135112,789.9700615645671,6811.157525401782,6828.714471665275,7728.093261994074,20736.314514640773,7089.507904148158,19594.837813803053,17731.056000119712,3718.226663229957,306.3602155677,3852.437570660359
2026,5,11,1,8872.530085758002,13109.429834367324,11692.376814382582,9949.321991841987,789.9700615645671,5891.73228779653,5906.919255179087,5279.161483892247,16906.441229444827,7089.507904148158,16033.27408295925,13316.59177550358,3410.7518271734048,289.34019466564456,3785.975297294375
2026,5,12,1,8947.641428324869,11049.331838201757,9701.365717695096,8182.8919711061,789.9700615645671,3598.959114680847,3608.236059391832,3772.1265819295295,12134.138439822684,7089.507904148158,13270.099483677408,14006.351777753356,2564.4035505069296,296.6345275925505,2986.0545129756256
2026,5,13,1,9462.154296937935,15287.02394543746,8532.58104509193,7397.065665881068,789.9700615645671,3450.739448879842,3459.6343315554154,6840.667561179057,9140.707247165252,7089.507904148158,11458.130531031982,11188.189362722838,2561.2337104434805,289.34019466564456,3111.8580795429552
2026,5,14,1,8352.383867514363,8473.817627197566,7436.279162700902,6904.524961051531,789.9700615645671,4330.793794046447,4341.957170262131,4378.118051658593,7900.366822547573,7089.507904148158,10304.208851688436,10819.378911026177,2345.684376187848,286.9087860609684,2931.46048784142
2026,5,15,1,7411.614011961876,14238.958883300882,7699.029203473465,7112.735355495706,789.9700615645671,3909.294073330423,3919.370960514089,4947.795404504905,6201.701997270915,7089.507904148158,13625.632099949353,13015.349611189407,2564.4035505069296,272.32022732002787,2995.549101152524
2026,5,16,1,17446.492471187838,16529.349209496522,12503.277820932895,15006.81937121156,789.9700615645671,5356.751867172789,5370.55982923035,6461.639197141956,13394.530557362215,7089.507904148158,15733.878209991231,14414.577125585192,2922.5958975590715,262.5944857884396,3275.640050860458
2026,5,17,1,20651.87002510882,27307.65672427007,28639.75444421816,26393.464623354364,789.9700615645671,10787.613592677517,10815.420547875898,11609.162094711864,23755.52647331468,7089.507904148158,25292.716026340964,21796.417221106767,3810.1521650308473,357.4202782738724,3168.8257126894623
2026,5,18,1,13290.95615982247,22119.02962136877,17853.412261666028,15716.525711352077,789.9700615645671,6435.976408922521,6452.566260433538,8125.278684472516,24024.79209094244,7089.507904148158,18026.12805931194,15005.80001115444,3461.469338169024,547.0718096882991,3254.277214451781
2026,5,19,1,13133.22228521253,18802.50679976416,13105.79083020542,13625.466624329332,789.9700615645671,4099.200518548478,4109.766922710917,5758.053644391778,14210.92089407039,7089.507904148158,13101.689253765097,11748.44341899404,2678.517932751905,408.48028742360606,3035.901218000073
2026,5,20,1,10140.034389791324,12780.44081610252,15282.538990774172,11113.509054269904,789.9700615645671,4634.180939172217,4646.126348659653,6611.434841905639,11223.218711598838,7089.507904148158,11426.943443808592,10388.630800733428,2421.7606076910006,372.00883701481297,2772.425784591098
2026,5,21,1,9501.587786828522,14558.5482054752,11522.49530555058,10788.879987983171,789.9700615645671,4710.606735345423,4722.749145649761,5885.15295362131,13059.380850782503,7089.507904148158,11548.573077130994,10056.419807121098,3020.86107948686,359.8516868785485,2466.2246783647693
2026,5,22,1,7565.592334310104,9664.444648983726,9098.852708422575,8847.821910340239,789.9700615645671,3881.502870098072,3891.508120609127,5231.499249172453,10913.849771035471,7089.507904148158,10064.06836910555,8581.177938505569,2377.382776822251,320.94882786507924,2328.552811523124
2026,5,23,1,7633.1925298775395,12735.008991903744,8922.17596873573,8149.30963356885,789.9700615645671,4082.9890045224665,4093.513620680512,5630.954285232283,8911.545015381456,7089.507904148158,11046.461171455849,9383.551876717062,2000.171389389473,286.9087860609684,2309.563635169327
2026,5,24,1,7897.960089945306,12813.33970068401,8240.384889232188,7844.829920661137,789.9700615645671,3872.239169595866,3882.2205413034567,4852.470885135352,9200.8623259312,7089.507904148158,12368.793080711836,10526.582813549136,2291.7970251288093,255.3002064179664,2285.827086663234
2026,5,25,1,7736.470663073847,10950.635115477817,9703.63081103482,8189.608438613551,789.9700615645671,5643.927498272549,5658.475705597468,7600.993902834647,12285.958436465544,7089.507904148158,14498.870131262958,12001.824682164666,2431.2701278813183,238.2801855159109,2411.630653230604
2026,5,26,1,7114.924109002953,9156.86154296105,11252.950033923173,7829.158212287003,789.9700615645671,5560.553939438452,5574.887236876646,6652.288185951235,14391.386130368484,7089.507904148158,17898.261063337308,13733.263128343906,2928.9355776859697,228.5544439843288,3014.538329548859
2026,5,27,1,6880.201094457095,11748.041868129856,10186.094266619182,7381.393908363724,789.9700615645671,5236.323404604134,5249.820941298895,6765.7697637621295,15749.17211306245,7089.507904148158,17009.429522657312,12218.6063635932,2827.500555694732,230.9859061454437,3363.4652126776155
2026,5,28,1,5937.553484011947,12933.969024626169,8949.356990483187,6454.521883769018,789.9700615645671,4497.540911714731,4509.134107703863,5819.3336604601045,14520.289834633755,7089.507904148158,17003.19209151446,15912.341756661514,2374.212936758831,172.631564068804,3351.5969644458783
2026,5,29,1,6155.376407189506,12416.986257002914,9411.434655175077,6517.208913838514,789.9700615645671,4416.483290721857,4427.867546557908,5120.287334872842,13629.42179933202,7089.507904148158,14305.51024526998,12680.32330318387,2526.3653997650777,175.06297267348015,2860.250946408296
2026,5,30,1,5746.019469141991,9794.473634526106,7316.229559848552,6154.519815866313,789.9700615645671,3809.7089496074486,3819.529138768888,4625.50777944339,11916.434354227746,7089.507904148158,11869.79989060812,10005.743591584349,1803.6410955144763,179.92584343927123,2689.347994926196
2026,5,31,1,6580.091287870444,10490.167616637946,7053.087680347022,6019.814617560077,210.0341263956637,3467.4085759064856,3476.3464261637623,4054.1057978854105,8467.528199428994,2128.8181114348886,10990.362234915649,8167.571441256063,1217.0165504448034,185.03009305881176,2255.9339582222983
2026,6,1,1,5773.13348181734,9260.004183943294,7041.755576480823,5711.408008901883,210.0341263956637,2703.050007470729,2710.017590227655,3646.915172188043,8109.462892464539,2128.8181114348886,10360.381210059935,5712.51378892436,1882.871211510256,192.33395903119515,2334.133332629965
2026,6,2,1,6730.137865786228,11190.873733010136,7127.8794183714335,4941.568617343902,210.0341263956637,2568.708166722185,2575.329459957813,3700.3171985411936,5872.270920981843,2128.8181114348886,10294.888114570129,8040.876976282741,1296.6642405234802,177.72628064286715,2075.838369355624
2026,6,3,1,5019.240951722114,11709.333414909044,5969.740664798925,4741.457436170663,210.0341263956637,2892.9815280705,2900.438692442369,3813.796579436445,7542.287486997426,2128.8181114348886,10307.363045346196,7987.383715145216,1819.1530594473145,172.8570902177109,2270.152031027548
2026,6,4,1,3990.872961787548,8609.57292344993,6769.78562449824,4119.935698503764,210.0341263956637,2744.7422800748554,2751.817331934792,3244.1746487802,9894.060354192445,2128.8181114348886,10927.98792348776,9777.999162221782,1471.8891586965397,126.5995401747916,1893.3731277093905
2026,6,5,1,4984.474048249012,8215.229362058668,5110.768863323777,3616.126429022839,210.0341263956637,2012.811012169928,2017.999383551362,2963.81391056644,7204.273872955081,2128.8181114348886,8872.752718165073,7981.752839043526,1551.5368487752162,153.3802214042266,1869.6763397005864
2026,6,6,1,5780.452847801769,8713.26488052345,4433.110379558365,3948.075541146919,210.0341263956637,1445.3326425260825,1449.0582394518715,2436.4686257146946,7825.875221185162,2128.8181114348886,7063.896316944743,6500.835021101972,1271.177035682756,102.25348093615106,1627.9691540536728
2026,6,7,1,6062.247631149144,7390.407125178831,3392.8252603733367,2883.95500369561,210.0341263956637,1612.101783805455,1616.2572572743911,1782.2935033093052,2870.2514659016365,2128.8181114348886,6608.563432577877,5492.909991930212,1115.0675211402252,138.77259657232517,1755.9317572585062
2026,6,8,1,5408.996043527742,9896.295599186453,3698.791474790331,2787.430778800145,210.0341263956637,1859.9392781376569,1864.7335959665777,2518.7967912840586,2938.999965583861,2128.8181114348886,5323.651658295293,4983.3165703282,974.8876145939804,126.5995401747916,1637.447869257186
2026,6,9,1,2905.780012902987,7406.118041352449,3463.084156851184,3868.031088334906,210.0341263956637,1521.7685095422405,1525.6911332442864,2438.6937018244384,3695.233902448373,2128.8181114348886,5875.664725375489,4504.6929672856,984.4453513995494,143.6417869974814,1563.9878004087186
2026,6,10,1,4420.884481554649,14075.394886724964,3753.185475019742,3029.9184465546464,210.0341263956637,1399.0078838852849,1402.6140706674837,2104.9308873276345,3566.3303869084343,2128.8181114348886,5835.121422947327,5115.641973232092,1194.7152112189017,99.8188589453566,1485.788426001052
2026,6,11,1,6532.51553640113,7839.738858688202,3558.273681834639,2523.7549168984665,210.0341263956637,1269.2985291734124,1272.5703674748931,1980.3261258836644,5519.934687111881,2128.8181114348886,6259.267014619337,4890.407300136253,971.7017489791874,97.38429051099482,1417.067766796859
2026,6,12,1,4406.245792062185,8765.110841815253,3592.269895104863,2801.5562907083427,210.0341263956637,1313.3070447958744,1316.6923227206555,1671.0391985237968,4906.926885614797,2128.8181114348886,5925.564243008423,4420.229949417427,920.727199336608,94.94966852020036,1284.3657539477513
2026,6,13,1,4486.758563031957,8254.506618003152,3129.9209914837425,2921.6229699263613,210.0341263956637,901.0166522025904,903.33917974453,2015.92749342904,4291.054547570594,2128.8181114348886,5822.64649217126,4690.511569498255,809.2204332264605,107.12272491774,1509.4852140098155
2026,6,14,1,3540.733228039808,8315.77910830553,2828.4876186131705,2380.1457342146846,210.0341263956637,910.2816242758878,912.6280338989884,1804.544364266462,2340.3147839145204,2128.8181114348886,4344.374215481037,4324.505241174754,1006.746690625451,111.99191534289018,1161.1424563021571
2026,6,15,1,5043.028806218478,7943.43081576172,2531.587038124834,1902.2331792315683,210.0341263956637,995.9824125025212,998.549730851932,1410.7041952274874,4293.91908411784,2128.8181114348886,5554.436747559665,4825.6523486242295,796.4768308061281,94.94966852020036,1208.536032319684
2026,6,16,1,4814.299256352394,14397.46832338995,1958.1837132718229,2455.4816666760653,210.0341263956637,914.9141103125592,917.2724609762404,1586.4859568446896,2220.0048780161937,2128.8181114348886,5460.875211927141,4614.494865782615,688.156000291354,92.51504652940588,1672.9930252490626
2026,6,17,1,3793.250632402256,2659.855286959968,2876.082356522805,2344.8319790158566,210.0341263956637,877.854272882237,880.1170953523812,1593.1612351038154,1237.473686274412,2128.8181114348886,5417.213193927684,4482.169524707604,1153.2983983818622,80.342043688305,1291.4748163716652
2026,6,18,1,4362.329723584989,8326.776742729435,2531.587038124834,1869.2736842079955,210.0341263956637,592.9569919825346,594.4854420302652,1706.6405660691726,3093.6841842317863,2128.8181114348886,5005.542396050764,4347.02868375275,872.938585289402,82.77661212266072,1270.1476811425011
2026,6,19,1,3723.716825456243,10177.520708983186,2291.346927803451,1968.1521692785927,210.0341263956637,699.5039165112314,701.3070098367768,1257.173294567304,2781.4512732973026,2128.8181114348886,4288.2372667053805,4259.750289662611,551.1619593599315,70.60360928155983,1383.8922635845818
2026,6,20,1,3710.907977459839,6889.229430377306,2116.8328724133485,2114.115562994298,210.0341263956637,546.6322333417824,548.0412732459224,1096.967165578027,3755.388855397473,2128.8181114348886,5239.446269377051,4194.995338150468,895.239924515333,75.47279970671607,1255.9296083372512
2026,6,21,1,4387.947419577604,8476.030308421272,1874.3262921544235,1647.9743088874557,210.0341263956637,748.1449181703194,750.0733921597456,1777.8433011599925,1002.582821755404,2128.8181114348886,5701.016516396285,4225.965094881118,783.7331584051857,77.90742169751053,1255.9296083372512
2026,6,22,1,4470.290032043627,9811.456734623647,2776.3600391569707,1497.3023456779092,210.0341263956637,451.6664730418966,452.8307221385654,1310.5753708503487,1609.8616130663552,2128.8181114348886,4147.894929011483,4293.535484444104,857.0090472736666,73.0381777159216,1369.674190779332
2026,6,23,1,3998.19228529539,9203.444940901072,1423.3094432353146,1537.3245720839154,210.0341263956637,488.7262596093517,489.9860367684496,1348.4018145054677,2503.5925492954434,2128.8181114348886,6932.910125965129,4670.803503142224,554.3478949553049,55.99593089322571,1296.2141739734018
2026,6,24,1,5039.36912322636,8524.734093376333,1917.388237681822,1669.1625030347548,210.0341263956637,796.7859198294075,798.8397744827143,2149.43260924181,4253.815761182235,2128.8181114348886,4983.711387050903,4138.686638962098,726.386877532991,46.25755004291928,1362.5651283554178
2026,6,25,1,4172.026717707731,8141.388131919411,1640.8854441528167,2118.824083344808,210.0341263956637,657.8116439070598,659.5072681295953,838.8572383913922,1612.7260867051148,2128.8181114348886,5033.610836193348,4211.887904626775,758.2459535644616,38.95368407053589,1272.5173859646384
2026,6,26,1,2878.332475414506,6870.376372356156,2035.2418720693029,948.7623294404684,210.0341263956637,479.46128753605433,480.6971826139911,852.2077449796798,847.898603107478,2128.8181114348886,3923.347270889967,3482.690747859496,812.4063688218633,41.38830606133036,1201.4270219383482
2026,6,27,1,1950.6054704303515,6229.37167536293,1260.1274917114113,1471.4056311801005,210.0341263956637,88.01703124487868,88.2439104914789,698.6768443195652,5600.141270074477,2128.8181114348886,4013.7900909509294,3401.0431680422857,391.86657920257807,14.60762483189536,1163.5121611242944
2026,6,28,1,3372.3882776392493,8317.350213718859,1090.1462778678738,915.8028344168954,210.0341263956637,298.7947390095803,299.56493455373584,892.2592647445425,1486.68710771255,2128.8181114348886,3873.447753257033,3037.85233959839,643.5532518589408,19.476868813484284,1028.4404954955876
2026,6,29,1,3308.343995181413,7365.269714484198,1314.5214919408224,1205.3754599598358,210.0341263956637,623.0681003578951,624.6741670382918,845.5325166505178,1357.7835921726116,2128.8181114348886,2993.969277218157,2866.110927640196,426.91159082942215,53.56136245886999,1040.2888634787005
2026,6,30,1,3258.273476410433,7688.653618544931,904.6967754326132,889.1585516440857,75.28678287292179,215.43140360694804,215.9867156170565,584.8020685379639,520.0599285669514,911.0039731681584,3047.0038796553213,2542.8973904587806,567.4432897193187,17.166551308943088,1099.7578690627763
2026,7,1,1,3777.038956297336,8210.451067385013,917.5902853454372,827.9012483577585,75.28678287292179,319.815640041018,320.64002062324414,546.9201527628163,2857.340826370499,911.0039731681584,2884.829711075437,2895.378227265888,580.1947999444968,34.333102617892244,853.2604282141374
2026,7,2,1,3064.6247307267745,6641.915406370764,358.870195028255,939.2781098128124,75.28678287292179,131.03560334936776,131.37337046722246,717.3888236809792,2504.6565200129994,911.0039731681584,1914.903141205877,2752.707437393644,423.9885022686205,29.42835071971614,1016.8020150590836
2026,7,3,1,3796.581505463469,6811.656734346215,446.9760919193921,889.1585516440857,75.28678287292179,284.28056892536944,285.0133516651261,804.9907351874057,735.2571750958324,911.0039731681584,1730.8978266452891,2403.0240464450467,580.1947999444968,26.976001548850487,917.2549486205984
2026,7,4,1,2707.5293299059285,5463.156157495058,1224.886342394451,827.9012483577585,75.28678287292179,68.84921618124336,69.02668704199935,445.1125353231917,1255.3171036629112,911.0039731681584,2376.4759223742385,2277.1380553813856,376.1702864387746,1.836985729652125,893.5532686134956
2026,7,5,1,3080.614085273869,7671.365147400284,251.42403326802523,761.0751707994154,75.28678287292179,290.94339793848843,291.6933552819024,932.842188446116,1811.243281923646,911.0039731681584,2441.96936031662,2436.593705890856,306.0368052488588,1.836985729652125,919.6251218255748
2026,7,6,1,3029.092869489942,6645.058789844241,543.6776129214624,1072.9303632161611,75.28678287292179,79.95389729451506,80.15999240729457,402.4953675937029,1545.2355674189243,911.0039731681584,1684.1168191123186,2151.252064317844,478.1825082013602,1.836985729652125,696.8293609840792
2026,7,7,1,3734.4007058226175,7258.013566149615,543.6776129214624,1483.1684302609203,75.28678287292179,308.7109589277463,309.50671525794894,350.407745885288,812.9672988878629,911.0039731681584,1606.14838190325,2151.252064317844,357.042986110732,1.836985729652125,722.9012141961584
2026,7,8,1,3148.124655604888,7498.480470441269,95.62708642477506,1295.6840369829376,75.28678287292179,155.46594248887735,155.86668306607018,445.1125353231917,1856.0759996783045,911.0039731681584,1930.49685604386,1759.6066763480264,452.6794877510041,1.836985729652125,836.6692678218823
2026,7,9,1,3764.6027963690894,7688.653618544931,95.62708642477506,1317.9594289313538,75.28678287292179,182.11725854135324,182.5866975331752,603.7430264255723,623.1752548925313,911.0039731681584,1802.628695730526,2444.986105295148,353.855091059285,1.836985729652125,846.1499085992089
2026,7,10,1,2400.1785687974934,7254.870217166052,1422.5873193645264,1355.085049416372,75.28678287292179,46.639803091787456,46.7600253173884,745.8002355474443,623.1752548925313,911.0039731681584,1022.9450085453864,1549.7966912419245,417.61278214633626,1.836985729652125,848.5200818041852
2026,7,11,1,2313.125449300534,7151.139424786325,1040.0789245012438,1379.216683074228,75.28678287292179,168.7916005151153,169.22669029962267,532.7144468296183,2274.5150552020614,911.0039731681584,1874.3596333062503,2377.8468482324097,510.0613887351614,1.836985729652125,751.3431885707164
2026,7,12,1,2899.4014995182647,6813.228426082777,169.76494049748746,608.860107153558,75.28678287292179,202.1057455807101,202.626708383504,371.71632975003234,1533.2801927932785,911.0039731681584,1899.309494858384,1823.9484257234928,656.7040012567262,1.836985729652125,827.188575002018
2026,7,13,1,2535.199709459533,8182.160823062847,405.07206179253217,668.2611195868707,75.28678287292179,208.76857459382907,209.30671200028024,210.71816274062107,2023.451621887756,911.0039731681584,2027.1775866813623,1767.9990757521991,149.83050757298244,1.836985729652125,708.6801749663821
2026,7,14,1,3910.283520888053,5678.476200937321,405.07206179253217,688.6802206822724,75.28678287292179,116.26310088430216,116.56278930099788,156.26291505507015,80.69896744835386,911.0039731681584,1883.715780020401,1767.9990757521991,283.7216098693692,1.836985729652125,732.3818549735254
2026,7,15,1,1597.1580715873265,6212.847045712362,586.6560776254398,696.1053349506341,75.28678287292179,146.5821874257047,146.96002857505715,452.2153633249125,1581.101754204221,911.0039731681584,1677.8793194789748,1765.201629893689,589.7584850988378,1.836985729652125,862.7411210340018
2026,7,16,1,3309.794734670753,6970.396323633708,1433.3319109584988,673.8299430023394,75.28678287292179,128.81462643644682,129.14666859901055,511.4058629648046,110.58746692087868,911.0039731681584,1603.029666331822,2184.821661934772,235.9033940395233,1.836985729652125,760.8238813905807
2026,7,17,1,2798.135644021928,8281.176609211656,455.5717651945126,621.8540939805981,75.28678287292179,139.91935841258572,140.28002495828088,277.01154031212866,484.1937417816547,911.0039731681584,1384.7182750143293,1871.5053762904945,277.3458897470556,1.836985729652125,777.4150417827956
2026,7,18,1,2927.8270139936053,6572.761556281035,712.3681188416891,744.3686514097994,75.28678287292179,6.1693068451549165,6.185209309363009,374.0839057973429,2938.039793818813,911.0039731681584,1574.9610892082617,1737.2269239936616,366.6066012844631,1.836985729652125,670.7575077720002
2026,7,19,1,2140.7958288541386,8751.108610127534,109.05786279032404,631.1354991018526,75.28678287292179,6.1693068451549165,6.185209309363009,333.83441397488474,379.58396217356193,911.0039731681584,1584.3173044129,903.5818134573952,277.3458897470556,1.836985729652125,725.271335358597
2026,7,20,1,2695.0931699776816,7636.788205110289,109.05786279032404,284.010977052982,75.28678287292179,6.1693068451549165,6.185209309363009,485.3620770756137,705.3686756233586,911.0039731681584,1194.4753923299086,2719.137839776715,255.030694367566,14.71420213807744,737.1222013834374
2026,7,21,1,2808.7951854022654,6038.390677016434,36.53170974772498,889.1585516440857,75.28678287292179,6.1693068451549165,6.185209309363009,378.819157751684,2235.6599618518662,911.0039731681584,1562.486158432195,402.8352332325002,215.1821461857425,4.905769470441244,668.387334567024
2026,7,22,1,2380.6360196315536,5678.476200937321,36.53170974772498,532.7526244739605,75.28678287292179,6.1693068451549165,6.185209309363009,182.3067009442611,765.1456745684336,911.0039731681584,1026.0637241166814,2789.074480869082,215.1821461857425,7.357101069035688,637.5751349449926
2026,7,23,1,2416.167923344587,7922.8337903795455,36.53170974772498,538.3214478893077,75.28678287292179,6.1693068451549165,6.185209309363009,549.2877787400215,1171.6292925581852,911.0039731681584,1453.330428528138,1588.9611805757547,369.7944963359101,29.42835071971614,741.8625477933897
2026,7,24,1,3265.379865648318,5617.180706062073,36.53170974772498,571.7344866685401,75.28678287292179,6.1693068451549165,6.185209309363009,179.93912489701975,364.6397438915048,911.0039731681584,764.0900408376452,1955.429370332935,357.042986110732,22.07124965068045,703.9398285564297
2026,7,25,1,2975.7950351584923,6217.562086432489,1280.75836617544,560.596839837724,75.28678287292179,6.1693068451549165,6.185209309363009,333.83441397488474,687.435550776403,911.0039731681584,1253.731399129434,1370.7587960654805,114.7638019683147,49.04725119953094,689.7188413691911
2026,7,26,1,3645.571010254336,6195.558574567364,217.0412910033556,543.8902713047765,75.28678287292179,6.1693068451549165,6.185209309363009,572.9639885819711,186.80313743030572,911.0039731681584,982.4014321551384,1639.3155770012663,168.95780790105448,36.78545178875789,639.9453081499687
2026,7,27,1,2647.125148812794,8102.0051997956,207.37113398664405,529.0400427680531,75.28678287292179,102.16336124679287,102.42670512583524,217.8210406721674,186.80313743030572,911.0039731681584,1035.4199393214528,1958.2268161913264,168.95780790105448,36.78545178875789,739.4923745884136
2026,7,28,1,3707.7518098949945,6962.537933929667,207.37113398664405,371.2561557067268,75.28678287292179,84.39580025753502,84.61334514978864,19.21951680546277,1817.220969236469,911.0039731681584,948.0953553982338,1527.4169388875598,344.2914059049735,36.78545178875789,694.4591877791031
2026,7,29,1,3240.507545792017,7399.464684292461,32.23387311015897,542.034029595215,75.28678287292179,84.39580025753502,84.61334514978864,19.21951680546277,923.5547029002915,911.0039731681584,1153.9318844301486,1644.9105305470482,162.5820877787409,39.237800959623534,630.4646673726421
2026,7,30,1,2552.965640077756,6494.17759026079,1542.9270402016248,569.8782449589785,75.28678287292179,116.26310088430216,116.56278930099788,19.21951680546277,916.0826252134428,911.0039731681584,1381.5994909524131,318.91123919005946,369.7944963359101,41.690150130495255,568.840268128579
2026,7,31,1,2583.137359987365,5651.392989656896,198.56887271424048,83.53274437793524,37.04048276232854,95.74889549721904,95.99570497222592,13.724331757335529,898.2907927589549,450.2575528219484,754.7197165869804,1314.813032166973,73.10128733724473,31.808398702974664,644.271239847841
2026,8,1,1,2187.8184949194465,8097.828162572898,36.33234888880199,923.3756735231702,37.04048276232854,47.08709093526726,47.20846612328363,13.724331757335529,521.6827780082378,450.2575528219484,1234.995887416716,1292.289465931217,165.2724209516144,44.042402323848094,277.1313947857561
2026,8,2,1,2697.469767891972,6219.885755235957,36.33234888880199,485.39305377983226,37.04048276232854,19.619629700169646,19.670202717027777,13.724331757335529,2300.6795628005502,450.2575528219484,948.0776848454902,537.7500897777123,143.02419698108923,44.042402323848094,812.4449766709113
2026,8,3,1,2767.2318855704343,6775.6033951250265,36.33234888880199,1131.0787614132626,37.04048276232854,19.619629700169646,19.670202717027777,13.724331757335529,108.43964641368994,450.2575528219484,1390.9296797616862,1016.3757950008088,193.87726034783813,46.489181625448495,620.5848083036711
2026,8,4,1,1691.7321076595174,7048.671573113829,36.33234888880199,1076.8953450443453,37.04048276232854,19.619629700169646,19.670202717027777,13.724331757335529,1948.983296654151,450.2575528219484,642.4473258269403,1219.0878911222585,117.59766529771476,34.255178004575065,556.6314015003984
2026,8,5,1,2850.55893143808,7569.257643220839,205.7633660930544,1052.0612566845848,37.04048276232854,19.619629700169646,19.670202717027777,13.724331757335529,549.525368672352,450.2575528219484,904.416214770072,1055.792051370513,117.59766529771476,44.042402323848094,513.9958143124093
2026,8,6,1,2137.434712585244,6227.870204481357,205.7633660930544,1128.8211170168986,37.04048276232854,19.619629700169646,19.670202717027777,13.724331757335529,549.525368672352,450.2575528219484,212.0699877248577,937.5433440901612,197.0555680606874,44.042402323848094,556.6314015003984
2026,8,7,1,3371.83718862672,5383.115488113035,25.90029415806164,1275.5678553489818,37.04048276232854,19.619629700169646,19.670202717027777,13.724331757335529,1386.2692959832302,450.2575528219484,701.7022367782554,1092.392807860493,216.12548431836336,41.59562302224769,582.6864970159922
2026,8,8,1,2430.048196441257,5721.656129220315,25.90029415806164,1189.7774174314552,37.04048276232854,19.619629700169646,19.670202717027777,13.724331757335529,885.1021607605135,450.2575528219484,951.1963319264296,1013.560356949964,162.09411323876515,44.042402323848094,580.3178330445683
2026,8,9,1,2984.269717163534,6630.286439552193,25.90029415806164,1113.0176062424723,37.04048276232854,0.1088464845344044,0.1091270553291355,13.724331757335529,492.374734859918,450.2575528219484,717.2956091637965,960.0669103259175,292.4050093879064,39.14879016421462,480.8347789250811
2026,8,10,1,2069.61041145067,6898.563906606142,25.90029415806164,573.4411360937228,37.04048276232854,0.1088464845344044,0.1091270553291355,13.724331757335529,1122.49715928179,450.2575528219484,973.0270669640726,1207.8260770899997,69.9229096438445,51.38279378508198,480.8347789250811
2026,8,11,1,2187.8184949194465,9102.27182936002,25.90029415806164,198.67251030451484,37.04048276232854,0.1088464845344044,0.1091270553291355,13.724331757335529,32.238822299807296,450.2575528219484,1013.5698899586844,343.48436963755773,152.55912011963702,48.93601448348157,518.73309021276
2026,8,12,1,1986.2834080594184,6797.959873705955,25.90029415806164,198.67251030451484,37.04048276232854,0.1088464845344044,0.1091270553291355,13.724331757335529,486.5131136485567,450.2575528219484,764.0757263200217,46.454851496881766,206.5904911992352,29.361619401374263,509.25853841209897
2026,8,13,1,3385.40207433951,265.0836942538256,223.03022886507915,298.0087654568939,37.04048276232854,0.1088464845344044,0.1091270553291355,13.724331757335529,486.5131136485567,450.2575528219484,403.86863244303055,46.454851496881766,120.77597301056404,44.042402323848094,556.6314015003984
2026,8,14,1,2269.2076817668103,9253.976365022983,44.6060457730372,338.6463154476276,37.04048276232854,0.1088464845344044,0.1091270553291355,493.6776025135634,2608.41376422447,450.2575528219484,403.86863244303055,2311.48069898287,36.55064366860766,41.59562302224769,580.3178330445683
2026,8,15,1,2205.259056196213,6631.883308707466,224.9487637103944,343.1616042403556,37.04048276232854,0.1088464845344044,0.1091270553291355,380.4022351939225,246.1873359757156,450.2575528219484,1484.4899825647576,588.4280983507953,36.55064366860766,44.042402323848094,459.5170113523352
2026,8,16,1,2548.2562799100338,6365.202710808791,224.9487637103944,302.52405424962194,37.04048276232854,0.1088464845344044,0.1091270553291355,223.169331951442,691.6692898700761,450.2575528219484,1291.132082796736,588.4280983507953,346.43638046750453,31.808398702974664,523.4703661130702
2026,8,17,1,3344.707459677534,4164.688595344932,224.9487637103944,354.4498262220538,37.04048276232854,0.1088464845344044,0.1091270553291355,5.0720291368543,1040.4347139565514,450.2575528219484,679.8715017406124,588.4280983507953,36.02089072618574,39.14879016421462,599.2669886884279
2026,8,18,1,2166.502300554712,6157.607064917938,132.37924847617714,47.41048317981812,37.04048276232854,0.1088464845344044,0.1091270553291355,5.0720291368543,1014.0574499596688,450.2575528219484,1256.8266224544914,1138.847659357368,36.02089072618574,31.808398702974664,599.2669886884279
2026,8,19,1,1986.2834080594184,8208.01354836367,132.37924847617714,261.8865042587666,37.04048276232854,0.1088464845344044,0.1091270553291355,5.0720291368543,1014.0574499596688,450.2575528219484,676.7527861691848,1138.847659357368,36.02089072618574,14.680782922467763,577.949221115682
2026,8,20,1,2160.688765970261,5697.702781484114,132.37924847617714,228.021838313672,37.04048276232854,0.1088464845344044,0.1091270553291355,5.0720291368543,454.27429134867225,450.2575528219484,445.9707104874909,1455.585305682962,333.7231496161075,19.57439508210731,544.7881857283135
2026,8,21,1,1862.2617900061907,6569.604618389097,212.95790863619868,415.4061757799415,37.04048276232854,0.1088464845344044,0.1091270553291355,760.8045203178087,703.3924693843119,450.2575528219484,901.297499198644,1455.585305682962,76.27959505009399,19.57439508210731,535.3135818851551
2026,8,22,1,2304.088761844142,7789.628414802385,201.4466504001197,413.1485313835776,37.04048276232854,0.1088464845344044,0.1091270553291355,272.19894694105943,5.78757795856607,450.2575528219484,461.5641513633876,1430.24630139648,95.34944132718957,14.680782922467763,532.9449699562689
2026,8,23,1,2670.3400389427866,5970.770959473268,374.115228956323,347.6768930330835,37.04048276232854,0.1088464845344044,0.1091270553291355,172.44904058288645,5.78757795856607,450.2575528219484,598.7858557515218,703.8613675803024,76.27959505009399,17.127615780506904,504.521210469251
2026,8,24,1,2350.596826137781,6120.878591491043,584.1953599066425,248.3406378807044,37.04048276232854,0.1088464845344044,0.1091270553291355,54.10164412644586,5.78757795856607,450.2575528219484,776.5504516246233,337.8534317069883,3.1771180430980697,24.468007241740786,490.3093827682394
2026,8,25,1,3042.404808149488,6143.235035582411,74.34340962172865,618.5939748771843,37.04048276232854,0.1088464845344044,0.1091270553291355,49.029614989591565,5.78757795856607,450.2575528219484,601.9045713229496,238.60899309874785,101.70612673346844,17.127615780506904,468.9915631529962
2026,8,26,1,2288.586059587658,5386.309295403054,5.43584053435777,431.2096374110364,37.04048276232854,0.1088464845344044,0.1091270553291355,49.029614989591565,5.78757795856607,450.2575528219484,436.614700754317,238.60899309874785,114.41935758486552,24.468007241740786,490.3093827682394
2026,8,27,1,2207.1968727401004,5220.232730404566,5.43584053435777,167.06553789911544,37.04048276232854,0.1088464845344044,0.1091270553291355,236.6947429830844,5.78757795856607,450.2575528219484,773.4317360531956,238.60899309874785,101.70612673346844,17.127615780506904,471.3602271244201
2026,8,28,1,1067.748426782385,5327.224343395232,5.43584053435777,912.087451541472,37.04048276232854,0.1088464845344044,0.1091270553291355,277.27097607787346,5.78757795856607,450.2575528219484,449.08942605891866,238.60899309874785,31.78314710904359,12.23400362086736,483.20344289650507
2026,8,29,1,2286.648200567183,6893.773264650762,325.91193649384303,699.869074858895,37.04048276232854,0.1088464845344044,0.1091270553291355,138.6354630739548,5.78757795856607,450.2575528219484,339.9357508703062,194.26572014003565,41.31807024762078,17.127615780506904,383.7203887770179
2026,8,30,1,3730.3371145970254,7259.461026294703,325.91193649384303,896.2839407671675,37.04048276232854,0.1088464845344044,0.1091270553291355,91.29652446334454,5.78757795856607,450.2575528219484,595.6672086705823,194.26572014003565,88.99282590149103,14.680782922467763,374.24578493381927
2026,8,31,1,2189.537940212068,6518.830697787383,164.61385904930938,43.09442143073292,23.51462820088229,0.0078837407022582,0.007904062418699,224.29869638296032,0.0,265.8464037910833,214.1108680718052,841.8561041243286,66.92942062596426,19.04011608388059,506.93483919153016
2026,9,1,1,2739.913603813724,8111.823496337922,164.61385904930938,535.8697364986526,23.51462820088229,0.0078837407022582,0.007904062418699,224.29869638296032,0.0,265.8464037910833,668.1735273593658,1996.240732644668,146.6073423124452,19.04011608388059,410.26353919271554
2026,9,2,1,2271.296671872706,7227.211443197149,164.61385904930938,550.8590897911724,23.51462820088229,0.0078837407022582,0.007904062418699,551.5916941634715,0.0,265.8464037910833,38.7614532065575,968.5568756393766,101.98772856178276,19.04011608388059,447.9889651766588
2026,9,3,1,749.7871420770313,7104.54060998875,129.72880608294938,462.7966084826865,23.51462820088229,0.0078837407022582,0.007904062418699,235.74247991049376,0.0,265.8464037910833,38.7614532065575,30.97130245162417,41.432488485511215,21.42016406713912,429.1262521846872
2026,9,4,1,3021.0837714735367,4962.12076684296,220.21193986961885,374.7340780309909,23.51462820088229,0.0078837407022582,0.007904062418699,130.45944177947706,0.0,265.8464037910833,3806.004938294944,30.97130245162417,127.48466070223584,16.660121657060802,511.65051743951295
2026,9,5,1,1627.1976048924437,6734.800422099805,267.08873286610503,466.543934520014,23.51462820088229,0.0078837407022582,0.007904062418699,130.45944177947706,0.0,265.8464037910833,311.93737652390377,222.430178749516,9.561375795384278,19.04011608388059,389.0430391192902
2026,9,6,1,3160.67180640628,7526.113549646995,25.618730745225147,417.828499461674,23.51462820088229,0.0078837407022582,0.007904062418699,130.45944177947706,0.0,265.8464037910833,311.93737652390377,222.430178749516,66.92942062596426,14.280073673802274,320.66575656587514
2026,9,7,1,1535.4683417843628,5931.392993853938,25.618730745225147,380.3550916585263,23.51462820088229,0.0078837407022582,0.007904062418699,130.45944177947706,0.0,265.8464037910833,311.93737652390377,1354.2902517727316,66.92942062596426,14.280073673802274,544.6602651755138
2026,9,8,1,935.2398085639114,9590.784282383263,25.618730745225147,271.6821942865322,23.51462820088229,0.0078837407022582,0.007904062418699,395.955848735465,0.0,265.8464037910833,311.93737652390377,1427.495165338955,19.12268161019492,16.660121657060802,445.63112605266735
2026,9,9,1,406.7993906038676,7396.531721957735,25.618730745225147,209.8510935260017,23.51462820088229,0.0078837407022582,0.007904062418699,89.26173120644945,0.0,265.8464037910833,311.93737652390377,354.7620736816548,114.73615964171913,11.900079246982488,417.3370565646897
2026,9,10,1,1892.4148627694349,6268.30579413189,91.02821734844564,429.070526716988,23.51462820088229,0.0078837407022582,0.007904062418699,334.1592579110108,0.0,265.8464037910833,311.93737652390377,287.1883453612829,60.5551700956912,11.900079246982488,403.1900738632386
2026,9,11,1,1768.7797376195124,6238.933886517074,91.02821734844564,217.3457947438664,23.51462820088229,0.0078837407022582,0.007904062418699,297.53907073501705,0.0,265.8464037910833,311.93737652390377,366.02438234471646,76.49079642132973,19.04011608388059,424.4105739367044
2026,9,12,1,2558.449175391502,6211.289770634336,160.25323971963442,682.0160416736727,23.51462820088229,0.0078837407022582,0.007904062418699,131.60383511122646,0.0,265.8464037910833,5.07514711409871,354.7620736816548,60.5551700956912,19.04011608388059,381.9695217472756
2026,9,13,1,2219.449661983384,6138.72393195307,160.25323971963442,698.8790825566437,23.51462820088229,0.0078837407022582,0.007904062418699,131.60383511122646,0.0,265.8464037910833,5.07514711409871,118.25402456057604,73.3036711562079,19.04011608388059,405.5479129872704
2026,9,14,1,2478.684584001391,4704.684868706606,218.03160562261613,756.9628572799683,23.51462820088229,154.68738494741962,155.08611865678304,544.7253841030081,0.0,265.8464037910833,5.07514711409871,461.75385140806446,58.96164245343517,14.280073673802274,1287.378756554102
2026,9,15,1,2472.702248142407,6764.17229522506,107.92566026994484,751.3418436523112,23.51462820088229,22.948145024663084,23.00729787020252,22.887616985010546,0.0,265.8464037910833,5.07514711409871,419.5202402934218,58.96164245343517,16.660121657060802,89.5977826268
2026,9,16,1,1846.5502312154915,7125.273731390277,107.92566026994484,732.6051643223421,23.51462820088229,22.948145024663084,23.00729787020252,219.72117298599565,0.0,265.8464037910833,195.65301690419724,723.6020795637372,127.48466070223584,16.660121657060802,367.8224870032868
2026,9,17,1,2191.532080482594,7261.766588050308,139.54026103016693,620.1849409131423,23.51462820088229,66.29457901662694,66.46546485460895,382.22327854450185,0.0,265.8464037910833,978.2650845213842,534.9587031455271,58.96164245343517,11.900079246982488,502.219212986085
2026,9,18,1,1511.5389558720317,6195.739955450625,163.5237410901384,848.7727137689914,23.51462820088229,87.54283695736765,87.76849388550096,222.00990971953067,0.0,265.8464037910833,867.518114497244,470.20053653376016,58.96164245343517,16.660121657060802,506.93483919153016
2026,9,19,1,2392.9376567522954,6090.346729158366,93.20850243122196,558.3537910091588,23.51462820088229,5.630771060925817,5.645285355239231,107.57182479444634,0.0,265.8464037910833,146.7397626781479,374.4711292991733,70.11654589108608,19.04011608388059,346.60198692986137
2026,9,20,1,2392.9376567522954,7470.825317881869,93.20850243122196,648.2899599079742,23.51462820088229,5.630771060925817,5.645285355239231,54.93028076402531,0.0,265.8464037910833,146.7397626781479,306.8974009788014,92.4263527664173,26.18015292078476,367.8224870032868
2026,9,21,1,2472.702248142407,7450.092196480343,228.9332276932991,691.3843813386572,23.51462820088229,5.630771060925817,5.645285355239231,281.5177638104498,0.0,265.8464037910833,146.7397626781479,487.0940304426737,92.4263527664173,9.520084820156637,306.518773864424
2026,9,22,1,2183.555604353084,6159.457018865036,28.88918295149308,665.1530007908235,23.51462820088229,5.630771060925817,5.645285355239231,320.4266877200477,0.0,265.8464037910833,146.7397626781479,402.6268082133882,60.5551700956912,14.280073673802274,297.08741736845843
2026,9,23,1,1736.8739180538707,5286.939266422587,28.88918295149308,1137.3179489386162,23.51462820088229,5.630771060925817,5.645285355239231,272.3626670865567,0.0,265.8464037910833,146.7397626781479,70.38929002886955,50.99386428087669,16.660121657060802,384.327360871267
2026,9,24,1,1780.744451813875,7266.949859778564,379.375012465752,633.3006066153326,23.51462820088229,5.630771060925817,5.645285355239231,80.10668441245102,0.0,265.8464037910833,146.7397626781479,644.7660425804227,86.05210223614424,21.42016406713912,282.9403826244696
2026,9,25,1,2083.8498651152995,5646.312910855725,71.6778738169869,1045.5080924494714,23.51462820088229,5.630771060925817,5.645285355239231,77.81789774902137,0.0,265.8464037910833,146.7397626781479,509.6185859397981,9.561375795384278,19.04011608388059,374.89600437530135
2026,9,26,1,1689.015146229208,5328.405474736431,71.6778738169869,818.79400718383,23.51462820088229,5.630771060925817,5.645285355239231,501.2388868665508,0.0,265.8464037910833,146.7397626781479,80.24381783760083,124.297535437114,19.04011608388059,379.6116826232842
2026,9,27,1,2662.1431526941387,6062.702578786067,22.34822937475034,262.3138546216693,23.51462820088229,52.69568579650498,52.83151811581294,27.465140382012653,0.0,265.8464037910833,2417.975968797425,80.24381783760083,50.99386428087669,23.80015849396497,414.97921744069833
2026,9,28,1,909.3163248572542,5990.13674010445,22.34822937475034,239.82980011116308,23.51462820088229,0.97148030589118,0.9739844657880792,418.8434657204956,0.0,265.8464037910833,756.7710759824827,751.7578203068324,60.5551700956912,19.04011608388059,363.106808755304
2026,9,29,1,2361.0317947102603,6494.64206190047,22.34822937475034,447.8072551901666,23.51462820088229,0.97148030589118,0.9739844657880792,411.97715566003217,0.0,265.8464037910833,129.20482119168685,425.1514255393927,76.49079642132973,14.280073673802274,337.1706304338554
2026,9,30,1,2199.856183595336,6888.823246186321,508.635775299199,904.5972223662642,31.691565351127675,1.1342414042603828,1.1371651092708983,810.7668258587487,346.7049834247824,219.5466607605408,97.13050784521224,622.0323819469812,12.73058603366142,12.181036306390576,378.9375756578976
2026,10,1,1,2479.050178508105,5983.661970268731,219.8241817699174,755.2947853655565,31.691565351127675,1.1342414042603828,1.1371651092708983,290.9807283041385,112.01240635935127,219.5466607605408,97.13050784521224,737.4320781163592,60.470353640440585,14.617211433805446,393.14773799774406
2026,10,2,1,1704.0461478936377,6347.712233991221,211.6392754433252,690.8898029057864,31.691565351127675,1.1342414042603828,1.1371651092708983,273.57161978033974,112.01240635935127,219.5466607605408,2186.8236333950376,250.50170861274407,50.92241411521033,14.617211433805446,367.0958170768272
2026,10,3,1,2207.076706961249,5283.692690022379,29.816567385984925,720.1647770626745,31.691565351127675,1.1342414042603828,1.1371651092708983,261.1365779275017,112.01240635935127,219.5466607605408,793.6948601982349,371.5306733341182,57.2877071320207,12.181036306390576,357.622358169417
2026,10,4,1,1932.696394292228,6422.177036362379,3.80039319229282,646.977292527184,31.691565351127675,1.1342414042603828,1.1371651092708983,644.1368156620129,3819.0887627546936,219.5466607605408,1348.726235755958,284.27725809524577,28.6438185757382,12.181036306390576,260.51957350685154
2026,10,5,1,2760.65101454304,5819.839370562834,3.80039319229282,33.17833025421727,31.691565351127675,27.74201886291176,27.81352875423353,378.0262709232706,37.337489755935785,219.5466607605408,1068.435380825716,413.7500638156149,120.94070728091056,14.617211433805446,324.4653300573283
2026,10,6,1,1347.8331096484203,5975.3881186674525,182.4073196414236,33.17833025421727,31.691565351127675,27.74201886291176,27.81352875423353,537.195206078409,794.7544830452221,219.5466607605408,1343.1759014531967,258.9456114406193,19.09587905049213,19.489615245079992,338.6754923971747
2026,10,7,1,1607.772333109028,6630.678551980602,28.06268346953144,33.17833025421727,31.691565351127675,28.17262369378477,28.24524354414776,574.5004314966433,389.37635535410624,219.5466607605408,58.27830470712735,244.8725018897472,63.65300014886047,12.181036306390576,279.4664913216315
2026,10,8,1,89.05324894220003,5942.292643282513,12.862044820290995,33.17833025421727,31.691565351127675,28.17262369378477,28.24524354414776,246.83620490191325,389.37635535410624,219.5466607605408,58.27830470712735,225.1701237869978,60.470353640440585,17.053440117659058,343.412195829611
2026,10,9,1,2245.586207389179,6415.557927489637,12.862044820290995,33.17833025421727,31.691565351127675,28.17262369378477,28.24524354414776,246.83620490191325,965.4400336710044,219.5466607605408,58.27830470712735,240.65051956142892,82.74887919935038,17.053440117659058,206.04732790624183
2026,10,10,1,695.5781461600498,6278.211728785147,2.9252703097208643,33.17833025421727,31.691565351127675,95.11550051036488,95.3606772993406,246.83620490191325,485.3869893764182,219.5466607605408,58.27830470712735,240.65051956142892,44.55712109837055,24.36207261278115,487.8821709441117
2026,10,11,1,2534.4076092664195,5651.052473691853,2.9252703097208643,33.17833025421727,31.691565351127675,23.778887843308144,23.84018207332905,33.88557642622239,485.3869893764182,219.5466607605408,58.27830470712735,430.6378076423661,60.470353640440585,29.234476424049635,367.0958170768272
2026,10,12,1,587.2701257657785,6008.483594052042,253.73327606542628,33.17833025421727,31.691565351127675,43.59459380416944,43.70696647180253,3.2654155276992327,16.001772337050184,219.5466607605408,58.27830470712735,371.5306733341182,98.66211174142042,21.92584392892754,367.0958170768272
2026,10,13,1,3677.65888373596,7122.146351098293,87.69581824150127,33.17833025421727,31.691565351127675,59.44716874542548,59.60040418936989,3.2654155276992327,16.001772337050184,219.5466607605408,58.27830470712735,337.7551238516166,73.20093967412012,14.617211433805446,431.0415215848067
2026,10,14,1,1268.4072251941952,7006.312187251356,30.401228134274,851.9022590551507,31.691565351127675,29.723584372713564,29.80020209468577,683.9290494508148,4.799915198245555,219.5466607605408,58.27830470712735,354.642929507248,54.105060623630216,21.92584392892754,326.83368177356664
2026,10,15,1,3006.1491912718207,6607.51170541539,143.82113601635174,1059.7546935129658,31.691565351127675,29.723584372713564,29.80020209468577,151.7079100434356,4.799915198245555,219.5466607605408,58.27830470712735,270.20414854437354,105.0274047582602,19.489615245079992,369.4641687930656
2026,10,16,1,1663.1297638673425,8153.070419682197,189.4230027998124,1425.6920670469656,31.691565351127675,60.43797693173346,60.593766356556976,447.6626550887093,4.799915198245555,219.5466607605408,58.27830470712735,253.31634288874216,25.46117206732284,24.36207261278115,324.4653300573283
2026,10,17,1,1612.5860578295571,9756.546198627691,7.015683158434582,726.0197620653372,31.691565351127675,60.43797693173346,60.593766356556976,701.3381579746135,4.799915198245555,219.5466607605408,58.27830470712735,273.0187209914915,98.66211174142042,21.92584392892754,352.8856547369808
2026,10,18,1,3008.556032393792,6946.740310864659,7.015683158434582,6402.440573169735,31.691565351127675,2.7262483976841496,2.7332757783372275,370.5651958816732,4.799915198245555,219.5466607605408,455.12570056099946,365.90140478224106,28.6438185757382,24.36207261278115,208.41567962248013
2026,10,19,1,1971.2059371967453,11237.568739343067,7.015683158434582,1048.0446743641876,31.691565351127675,2.7262483976841496,2.7332757783372275,231.29237762097023,4.799915198245555,219.5466607605408,124.88204237783611,168.8775619257488,85.93152570777028,19.489615245079992,4.735870751859969
2026,10,20,1,3160.187277936522,7951.1880129367155,7.015683158434582,1074.392180591349,31.691565351127675,2.7262483976841496,2.7332757783372275,584.4484649788445,4.799915198245555,219.5466607605408,1018.482577572731,517.8912228812386,6.368232200923445,26.79824774020209,42.6304870194585
2026,10,21,1,1027.7227307091628,2377.909930541776,7.015683158434582,989.4947260504114,31.691565351127675,2.7262483976841496,2.7332757783372275,241.24041110324063,4.799915198245555,219.5466607605408,604.9841788105751,205.46774568424848,124.12335378933048,24.36207261278115,343.412195829611
2026,10,22,1,1345.4262685264496,4823.665554581968,7.015683158434582,1182.7096242863902,31.691565351127675,2.7262483976841496,2.7332757783372275,512.3250724429074,4.799915198245555,219.5466607605408,618.8599460768563,239.24323333787,25.46117206732284,19.489615245079992,390.7793862815462
2026,10,23,1,1814.7610094100728,4778.986673159203,49.98662573885503,1636.4720185777169,31.691565351127675,2.7262483976841496,2.7332757783372275,330.7729620929404,4.799915198245555,219.5466607605408,122.10687522647088,135.1020742721273,60.470353640440585,4.873635609281148,305.5184122425484
2026,10,24,1,2428.5064299939263,4654.878657710988,4.749262385193873,655.7597946029043,31.691565351127675,2.7262483976841496,2.7332757783372275,105.69810539828542,4.799915198245555,219.5466607605408,421.82383172567626,253.31634288874216,47.73976760679045,9.744807622536964,388.41103456530783
2026,10,25,1,823.140938006676,8667.705065365099,4.749262385193873,655.7597946029043,31.691565351127675,2.7262483976841496,2.7332757783372275,21.76139813726156,4.799915198245555,219.5466607605408,235.8883174892642,261.7602457164984,57.2877071320207,29.234476424049635,269.9930324142213
2026,10,26,1,2209.4835480832194,7175.099118611897,4.749262385193873,594.2823292161922,31.691565351127675,29.723584372713564,29.80020209468577,21.76139813726156,4.799915198245555,219.5466607605408,926.9024040301488,405.3061609877397,92.29681872461003,36.543055362739054,449.988387357049
2026,10,27,1,1802.7267613236304,5530.253978190624,4.749262385193873,1217.8396325892725,31.691565351127675,75.29979454951213,75.49389290087566,427.7665381942738,4.799915198245555,219.5466607605408,158.18391121309597,125.25088522081212,57.2877071320207,34.10688023532418,459.4618462644592
2026,10,28,1,1718.4871946254636,7681.45987820361,30.401228134274,1261.752142967875,31.691565351127675,75.29979454951213,75.49389290087566,256.16251125647176,4.799915198245555,219.5466607605408,158.18391121309597,125.25088522081212,92.29681872461003,26.79824774020209,355.2540064532191
2026,10,29,1,2389.996929565996,7433.243812817618,93.54222906756456,570.8623400619667,31.691565351127675,184.2863044913477,184.76133457734787,174.09103530836958,4.799915198245555,219.5466607605408,148.4708604286413,329.3112828526215,50.92241411521033,38.97928404659266,435.77822501724296
2026,10,30,1,2594.578722268483,7269.421213111721,244.37904824225603,1592.5595081991144,31.691565351127675,53.502472215998125,53.64038416799118,472.5327887242108,4.799915198245555,219.5466607605408,148.4708604286413,275.83335526737056,3.184116100461723,38.97928404659266,393.14773799774406
2026,10,31,1,2481.038584462758,5708.919424960397,179.08878484072687,784.2092932261912,75.52793799232028,59.26258748729772,59.4153471408617,43.43422063008675,0.7108655536064847,243.1459744074257,265.12835637047823,155.3545435630119,73.2045086833656,43.91574135444181,502.5784626102487
2026,11,1,1,827.8126640705186,5760.537133983128,179.08878484072687,541.8488083994534,75.52793799232028,87.79638823092321,88.02269873167883,376.4297124078125,0.7108655536064847,243.1459744074257,265.12835637047823,378.847127267558,76.38729515291682,41.47597794586172,395.8990707344374
2026,11,2,1,1782.7965723913658,4869.762821404418,41.41430546199386,313.3375025587519,75.52793799232028,6.145757348734622,6.161599110009089,206.8295221882012,0.7108655536064847,243.1459744074257,1262.975084419102,427.9064568137472,127.31215858823388,29.277160902961207,414.86430752179245
2026,11,3,1,2406.6554150838124,6146.932598182608,41.41430546199386,370.4653413048514,75.52793799232028,6.145757348734622,6.161599110009089,301.97109840038905,0.7108655536064847,243.1459744074257,388.8548952806034,425.1809178959328,35.0108611068925,31.71692431154131,412.4936659340176
2026,11,4,1,1367.6904940049274,6225.096584166129,13.431661321272944,408.5505343732418,75.52793799232028,6.145757348734622,6.161599110009089,250.2636928884087,0.7108655536064847,243.1459744074257,462.7695159256108,566.9078905279898,165.505806164707,36.59645112870152,379.3045275773949
2026,11,5,1,1490.0627953271269,5879.995259593045,13.431661321272944,585.1274681593948,75.52793799232028,6.145757348734622,6.161599110009089,51.707355582107,0.7108655536064847,243.1459744074257,430.6327392300096,130.8248787897983,76.38729515291682,39.036214537281616,357.9686492022246
2026,11,6,1,2747.3782816149114,5682.373147999607,13.431661321272944,1930.2281663194167,75.52793799232028,6.145757348734622,6.161599110009089,213.0344108496444,0.7108655536064847,243.1459744074257,343.8634763972766,245.29670955982635,76.38729515291682,73.19284870097034,398.2697123222123
2026,11,7,1,1756.4025349556744,6996.412736645712,65.36740204212602,1672.2873797049324,75.52793799232028,232.6604796748318,233.26020263294217,146.84893179427357,0.7108655536064847,243.1459744074257,600.957621471332,637.7714077584582,44.55922051557551,78.07237551813054,495.4664858043459
2026,11,8,1,1494.8617382550628,6719.151863149376,65.36740204212602,1691.3299762391885,75.52793799232028,92.18620764246032,92.4238336682537,227.1457492698892,0.7108655536064847,243.1459744074257,600.957621471332,89.94210416806162,165.505806164707,82.95190233529074,474.13060742917565
2026,11,9,1,1444.4731136094508,5944.886124340776,65.36740204212602,1703.4479832803045,75.52793799232028,31.46039788084268,31.54149254250072,227.1457492698892,0.7108655536064847,243.1459744074257,331.0087657190627,395.2002371162084,159.14016324499482,70.75308529239024,412.4936659340176
2026,11,10,1,2001.14718007666,6257.54199929539,65.36740204212602,1703.4479832803045,75.52793799232028,31.46039788084268,31.54149254250072,227.51243446307092,0.7108655536064847,243.1459744074257,331.0087657190627,411.5533469649778,165.505806164707,63.43384862308262,417.2349491096077
2026,11,11,1,1281.310073497512,7595.178244083358,65.36740204212602,1719.028334211383,75.52793799232028,31.46039788084268,31.54149254250072,237.8539155655224,0.7108655536064847,243.1459744074257,1134.42797763683,444.2595666623977,216.43066959999467,68.31332188381015,436.2001858969628
2026,11,12,1,4321.422089700269,8708.64613480701,671.5830168993642,1719.028334211383,75.52793799232028,219.49102144017525,220.05679782317225,78.59520644829331,0.7108655536064847,243.1459744074257,874.1201891384985,376.1215883497436,190.96823788233613,68.31332188381015,109.05003346358608
2026,11,13,1,2684.992405841023,7450.648651921939,1381.2223747663454,1727.68404650599,75.52793799232028,351.1856546494273,352.0908969146656,376.4297124078125,11.091515706855445,243.1459744074257,128.54710678228483,457.8871375934716,105.03251334012654,65.87361203166272,846.3231582006679
2026,11,14,1,2001.14718007666,6115.961993462986,1034.2378234094804,830.9502477326416,75.52793799232028,30.72873588082987,30.807944556094355,182.00996754242848,5.2843103099951065,243.1459744074257,202.46165893679088,452.4361215868418,127.31215858823388,68.31332188381015,538.1382425546866
2026,11,15,1,2013.1444312051287,5682.373147999607,80.58996792763764,720.1568649871953,75.52793799232028,14.266925803238964,14.303701292388723,105.48305731457012,5.2843103099951065,243.1459744074257,89.98297474759939,645.9479626827834,200.51659729104856,73.19284870097034,523.9143409854189
2026,11,16,1,8393.30067630479,6900.551267178009,803.6609871157211,1419.5400106386674,75.52793799232028,14.266925803238964,14.303701292388723,552.2347912887979,5.2843103099951065,243.1459744074257,941.6073859538442,550.5547806792204,92.30129748131198,63.43384862308262,495.4664858043459
2026,11,17,1,10653.589202856676,10903.136466635491,3537.00382017379,4165.1381229031,75.52793799232028,752.8542071002561,754.7948201031134,2208.9391651553296,651.2317972159076,243.1459744074257,491.6925807064474,482.41680236656623,187.7853814322046,68.31332188381015,203.8761653579449
2026,11,18,1,5444.367981060798,8494.801281159554,3044.50963727934,2181.244412584216,75.52793799232028,682.6170965155266,684.3766611177795,95.1415762121879,154.48926534239968,243.1459744074257,491.6925807064474,463.3382154289815,178.23702202352158,68.31332188381015,640.0763512549481
2026,11,19,1,3013.718021243459,8202.792510507701,1190.9405224362706,813.6387740000962,75.52793799232028,122.91499438613252,123.23182921829824,308.17598706183225,365.22850413184926,243.1459744074257,1487.9324527975562,419.7299018893031,35.0108611068925,73.19284870097034,504.9491041980638
2026,11,20,1,1305.3046182310388,7985.998105021143,1226.7582695715785,772.091286185075,75.52793799232028,122.91499438613252,123.23182921829824,217.1710032905834,25.61619749534985,243.1459744074257,642.7353969303826,523.2996388173104,190.96823788233613,60.99408521450252,495.4664858043459
2026,11,21,1,2548.223360687996,9394.424352725311,1170.7930304543568,663.0290262412176,75.52793799232028,438.9820428803958,440.11359564638985,262.67347021129507,25.61619749534985,243.1459744074257,9.640998763414183,425.1809178959328,178.23702202352158,68.31332188381015,308.1849156459812
2026,11,22,1,1811.590060052636,8083.334350408573,494.7328258906605,621.4815384261963,75.52793799232028,62.1891337616407,62.34943709856314,16.54636976384257,3.47883762074678,243.1459744074257,1545.7786508495851,318.8857038792291,184.60259496265337,63.43384862308262,542.8795777728144
2026,11,23,1,1938.761261826184,5405.112274503621,414.14285796300567,531.4619241599261,75.52793799232028,62.1891337616407,62.34943709856314,113.75624219644824,3.47883762074678,243.1459744074257,1063.7271373970757,376.1215883497436,76.38729515291682,68.31332188381015,355.59795557187164
2026,11,24,1,2447.446153873552,5595.36043751895,799.1837502872017,519.3439171186883,75.52793799232028,62.1891337616407,62.34943709856314,43.43422063008675,3.47883762074678,243.1459744074257,668.4448182868105,373.3960494320481,165.505806164707,63.43384862308262,497.8371794346989
2026,11,25,1,2927.33755825965,4995.1201541615765,633.5266267677029,519.3439171186883,75.52793799232028,228.27066026324945,228.85906769632192,39.2976281891261,3.47883762074678,243.1459744074257,678.0858855407482,414.8853031438287,89.11851101176079,65.87361203166272,343.7446955904192
2026,11,26,1,1137.342635191164,5952.260072918535,405.188433470297,510.6881556807499,75.52793799232028,44.99566168406883,45.11164584848307,13.44392543312209,3.47883762074678,243.1459744074257,1031.5903607014743,733.1645279331412,130.4949450577851,70.75308529239024,450.4240874662305
2026,11,27,1,2193.103707849868,5764.961496231871,615.6177777821426,604.1700646936508,75.52793799232028,44.99566168406883,45.11164584848307,13.44392543312209,3.47883762074678,243.1459744074257,642.7353969303826,485.1423412842617,92.30129748131198,73.19284870097034,436.2001858969628
2026,11,28,1,2668.1962117846165,4794.548456239473,895.444022532581,541.8488083994534,75.52793799232028,274.3637895159359,275.07101002745907,103.414761094066,114.08442217697402,243.1459744074257,655.5901076085966,599.6141102255285,127.31215858823388,68.31332188381015,495.4664858043459
2026,11,29,1,2185.905357172748,5214.864145977502,114.16912123082,439.7111870919453,75.52793799232028,17.559277646188498,17.604539746339633,250.2636928884087,52.28869087659409,243.1459744074257,261.3790486334158,449.7105826691465,152.77459030586303,63.43384862308262,365.0805739655896
2026,11,30,1,1635.461476448187,5174.337572723722,422.5177839493124,723.7794161197473,100.36173813792357,99.42526180667456,99.68154775693534,21.045403356417413,53.47042622389478,251.328514147347,44.25007755584937,101.337221179035,135.1090441999329,63.41076579948296,533.9217042669285
2026,12,1,1,1708.941767142844,7051.984404063569,865.6461867093186,618.4616810437012,100.36173813792357,20.809921957680924,20.86356316039807,112.24216787749126,53.47042622389478,251.328514147347,44.25007755584937,447.5726650451873,167.2778542503172,70.72737820346205,524.4297702593302
2026,12,2,1,1652.2569908819053,6048.308062221784,195.80092786649288,663.2777406140158,100.36173813792357,47.40040604958693,47.5225888619469,93.5351315762718,53.47042622389478,251.328514147347,0.8424333266317698,98.52227775889295,19.301272034115325,73.16628470907688,417.6454085889456
2026,12,3,1,2223.3038869578427,6184.190383724614,195.80092786649288,524.347936288477,100.36173813792357,47.40040604958693,47.5225888619469,121.59568602810096,824.9720566514984,251.328514147347,0.8424333266317698,242.08334109581827,157.62718324296975,60.971912850300825,462.7321471675045
2026,12,4,1,2200.21005461136,6911.469713446715,906.8674243308492,717.057002269946,100.36173813792357,47.40040604958693,47.5225888619469,30.39892150703638,34.37380948195746,251.328514147347,194.5653190456892,194.22961209760643,215.53106932589364,60.971912850300825,329.84496697625485
2026,12,5,1,1538.887395883634,5682.352212803897,962.5161442841382,452.6422213184708,100.36173813792357,47.40040604958693,47.5225888619469,114.58053493268731,34.37380948195746,251.328514147347,851.2233992447383,194.22961209760643,106.15710115847094,68.2885252542799,517.3108197536618
2026,12,6,1,2657.8873556890258,6911.469713446715,370.9912369222921,708.093800184452,100.36173813792357,9.248848551986717,9.272689071960132,114.58053493268731,1.4343127984272437,251.328514147347,814.7424062042359,354.68021229768544,106.15710115847094,58.533006344686,550.5325887801952
2026,12,7,1,1878.9961808782543,5869.190422114937,418.3956601870879,681.2041447848821,100.36173813792357,9.248848551986717,9.272689071960132,53.78269191863328,1.4343127984272437,251.328514147347,136.80377526941862,410.978647898738,164.06098724139483,68.2885252542799,398.661540573749
2026,12,8,1,2311.48021030544,5439.925781059483,395.7239794952104,699.1305489557485,100.36173813792357,256.65589064179824,257.3174659560384,427.923218223724,1.4343127984272437,251.328514147347,477.2931349673405,142.15359162679488,96.50643015112352,60.971912850300825,465.105130669394
2026,12,9,1,1383.5290572775582,6355.587420137707,263.81596994212543,678.9633565494328,100.36173813792357,226.59706926929888,227.18116272974063,250.20647322179013,1.4343127984272437,251.328514147347,1155.2316974116695,142.15359162679488,176.9285252576646,65.84967230509777,198.14430455719847
2026,12,10,1,3126.0618108114445,5963.381594037604,364.8080512790268,719.2977905053955,100.36173813792357,302.9001842645666,303.68096230978165,657.0842880891678,358.0607775555647,251.328514147347,805.6221408215545,306.82654512835376,170.49472125923953,58.533006344686,198.14430455719847
2026,12,11,1,3256.2269202434336,4999.852301730897,1246.9427330371004,932.1740980365116,100.36173813792357,238.15814267497964,238.7720368181652,1000.8258928872988,2328.8274482020224,251.328514147347,1100.5102420962928,543.2799993839697,131.89217719101052,70.72737820346205,934.9562283426072
2026,12,12,1,5851.131139282556,8614.631273793739,2644.343032557225,1582.007010950925,100.36173813792357,173.41615194821458,173.86316232047827,1412.3804418649995,1985.089101748614,251.328514147347,15.200442304554622,672.7664074490406,193.0129302828568,75.60513765825901,263.40137688060986
2026,12,13,1,3249.928602330669,6811.10207236459,1251.064856799325,1940.535487514172,100.36173813792357,316.7734825239751,317.5900214147042,219.80755171476488,1466.617045521319,251.328514147347,15.200442304554622,717.8051930270918,254.133683374703,109.74940028539896,564.7705418341102
2026,12,14,1,2935.013046510135,8338.234227184495,3456.401610358625,1133.8463661034746,100.36173813792357,115.61078491976544,115.90879187831057,189.40863020773963,590.0842117383315,251.328514147347,15.200442304554622,1002.1123144520392,147.9765822162027,121.94377214417504,498.32695173846514
2026,12,15,1,3713.904178844706,5980.366901470545,1071.7524239813015,1064.3814885122492,100.36173813792357,115.61078491976544,115.90879187831057,65.47457712443173,366.6542613803297,251.328514147347,152.00414908339923,456.0174334767892,202.66353130962383,97.55502842662293,448.4942461561273
2026,12,16,1,8746.25488148927,9811.32229410602,2081.6729915303786,2668.7965292483923,100.36173813792357,300.58795941088414,301.362777293329,1014.8561451482316,925.2291372754618,251.328514147347,1292.035472681088,774.1036286280253,170.49472125923953,87.799509517029,491.207949190259
2026,12,17,1,4148.487690052476,7203.307898464343,1232.515299869529,1853.14415660887,100.36173813792357,587.3026714251818,588.8165464756652,332.0497195922561,441.1308905301255,251.328514147347,361.76991043369,532.0202875322071,164.06098724139483,87.799509517029,493.5809847346862
2026,12,18,1,3472.468956195224,5067.793462482488,1174.8055671993864,1369.130703419809,100.36173813792357,154.91840398139598,155.317733182605,128.61078719361998,1031.2151022685846,251.328514147347,915.0651199427964,453.2024900566285,267.0012213909728,87.799509517029,498.32695173846514
2026,12,19,1,3235.232527201141,6293.822728545577,1310.8356513505084,1133.8463661034746,100.36173813792357,138.73293173117227,139.09054005520488,159.00970870071438,567.1682968114103,251.328514147347,544.1749441262924,574.2441296900976,154.4103162340474,85.36065656785293,453.2402131599063
2026,12,20,1,2937.112485814519,6724.631504135325,494.6549497870265,1104.7159224683337,100.36173813792357,27.7465965188034,27.81811820983149,432.5999523341161,1145.7945510863449,251.328514147347,2681.353639130464,413.7935913187797,331.33884149174145,82.92175006223205,500.699935240395
2026,12,21,1,2431.1481232162832,6641.249170485789,630.685083102336,1003.8798130065176,100.36173813792357,339.8956293353819,340.77176959159857,63.13621006925224,449.7243743548906,251.328514147347,772.1812362420786,509.5009256575621,173.7115882681619,78.04404416387382,410.5264580832367
2026,12,22,1,2084.741020309091,6468.3079995384005,632.7461449833768,994.9165617778142,100.36173813792357,182.6650005002129,183.1358513924501,128.61078719361998,441.1308905301255,251.328514147347,395.210883503787,517.9456940891639,112.59083517631564,78.04404416387382,597.9923108606436
2026,12,23,1,2198.110615307169,7056.616738688032,676.0284444859481,976.9901576069478,100.36173813792357,235.8459686841192,236.45390279564216,264.23672548279194,443.9953641688849,251.328514147347,462.0926926627389,484.16662036287534,247.69987937627795,78.04404416387382,507.8188857460634
2026,12,24,1,6113.560797450724,8714.998880386303,1267.5533518479374,2511.940271608656,100.36173813792357,307.5246339719767,308.3173323427324,229.16106986537463,614.4323634846963,251.328514147347,908.9849430210088,306.82654512835376,102.9402341495486,78.04404416387382,336.9639174819233
2026,12,25,1,7988.358099720597,7626.396104849899,2291.9013525644427,696.8897607201774,100.36173813792357,626.6103413496794,628.2255387739347,813.7556297346862,614.4323634846963,251.328514147347,1219.0734866003486,641.8022771427936,263.7842844014701,75.60513765825901,567.1435253359997
2026,12,26,1,5647.485739156102,6647.425639645248,1725.1091877755148,2384.2145067472698,100.36173813792357,163.0111909693977,163.43138074030287,395.18592966157183,2420.491045001348,251.328514147347,1039.70854136864,509.5009256575621,109.3739681673933,85.36065656785293,688.1657359752643
2026,12,27,1,4121.194979097612,7512.131390914912,1234.5763617507127,1566.3213950156296,100.36173813792357,163.0111909693977,163.43138074030287,316.8502588387435,759.08891132634,251.328514147347,1760.2083422657472,616.467971848107,302.38689845027943,134.138144002945,541.0406547725969
2026,12,28,1,2909.8198173360483,7558.45494409866,933.6612779491384,1286.2209981288593,100.36173813792357,171.10392709453217,171.54497730402562,316.8502588387435,867.9394128665817,251.328514147347,632.3373725116335,616.467971848107,180.14539226658692,112.1883067910138,479.3430316807713
2026,12,29,1,2720.8704498627294,7370.072600252975,721.3718550338905,1046.4550351981734,100.36173813792357,173.41615194821458,173.86316232047827,163.686492740932,527.0654771434458,251.328514147347,1246.434214258037,388.459286024093,215.53106932589364,102.43278788141988,465.105130669394
2026,12,30,1,4568.375083654325,6335.51391261495,1096.4851665542196,1496.8564682810731,100.36173813792357,201.16274846703152,201.68128053032336,514.4431987045821,524.2010035048139,251.328514147347,896.8246576677894,529.2054059409265,176.9285252576646,97.55502842662293,457.9861801637255
2026,12,31,1,7569.324799929598,16190.889461108924,1216.4543645652857,1684.5638739993617,254.122541119344,515.1947281520073,516.015948930583,693.6915509642873,514.0598817820336,484.1073285278932,849.9329908464196,724.6266365499191,246.05345752576892,152.61198944785357,625.2854899978634
2027,1,1,1,4765.568402525384,14612.971917664756,1234.5612772845907,1581.80548716215,254.122541119344,400.553546428468,401.1920290783957,541.3809915123685,514.0598817820336,484.1073285278932,849.9329908464196,490.99385829885006,242.26802994945743,150.3342090119147,594.866203359644
2027,1,2,1,7042.087805878439,18151.796725580232,2134.9679752690563,2134.342424948599,254.122541119344,754.1456580796769,755.3477668176859,651.466824448133,914.079191243024,484.1073285278932,994.7363851902436,682.6457332422384,141.95392899432895,148.05642857597584,425.8701249818269
2027,1,3,1,17854.533092409973,21464.65758277717,10159.616277619454,9014.101273926504,254.122541119344,755.5268684900989,756.731178878526,2818.4988601558584,4658.119537551372,484.1073285278932,2127.980419073472,1169.9890712389065,264.98063697391774,159.44538077280762,500.228377058712
2027,1,4,1,10230.032352269453,17556.24772129277,7687.201576695157,5806.691665023418,254.122541119344,1291.4398776086284,1293.4984337308497,919.8952856549588,2184.3159391955023,484.1073285278932,1299.0334160522682,1274.0286593486792,524.2831118000878,369.0021312048327,942.9981098783336
2027,1,5,1,9089.729109337166,17050.70132016199,5058.409097696634,4007.577423769127,254.122541119344,838.4000235586581,839.7364338176963,1524.6133494571125,684.243547674673,484.1073285278932,982.1448017127004,978.3371962954589,346.36755848089746,234.6124852787692,638.8051687982883
2027,1,6,1,6829.558166552034,16031.948720077098,3761.2967163668,3567.9062846063484,254.122541119344,628.4546994651246,629.4564567219302,862.5903521221423,1126.3701488772394,484.1073285278932,1057.6943947539633,832.3167048780052,316.08405473720774,189.05662647429617,591.4862743222957
2027,1,7,1,6954.214944531903,15241.074998899185,2294.6378996981966,2921.033765680645,254.122541119344,650.5542220445956,651.5912059567747,731.3921734127467,1563.2333291331215,484.1073285278932,1152.131409099543,744.7044180443304,304.7277304416819,175.3898938415213,630.3553462049389
2027,1,8,1,6659.943176393947,14796.806980355,2604.1012735692966,2944.6176516010983,254.122541119344,466.8520517617992,467.5962142783737,1060.1416375308518,580.7297793309073,484.1073285278932,912.8910004101392,866.9965675812629,304.7277304416819,166.2787220806284,528.9576991782571
2027,1,9,1,5830.260162167538,13410.384254889625,2906.9802828857787,2474.624314536285,254.122541119344,493.0952367750632,493.8812309480022,669.5631358121931,219.30883959107328,484.1073285278932,873.0175912806066,549.4020628825697,289.5859785698446,145.7785981228995,439.38980378227313
2027,1,10,1,5830.260162167538,14090.190950164104,1991.758854459367,2604.335724556169,254.122541119344,524.8632634300433,525.6998958610193,732.9001731330435,566.6940154170486,484.1073285278932,705.1295965026654,554.8778032520034,280.1223888457702,154.8897698837924,515.438020377811
2027,1,11,1,4362.988229961453,12791.855899666964,2143.198377078731,2100.651127241687,254.122541119344,627.0734890547026,628.0730446610901,511.2205075411748,210.53645870773687,484.1073285278932,1114.3566125789114,890.7249094617841,323.65490988984584,138.94525681507875,638.8051687982883
2027,1,12,1,3709.050894920757,12761.216708373666,1702.0485024074262,1741.8390576268264,254.122541119344,279.0062502477368,279.45098641745227,294.0648760791739,121.05849219413416,484.1073285278932,518.3541804204075,447.1876948400486,187.37918460985605,116.16735242141095,410.6604816627279
2027,1,13,1,4638.868061536077,13511.876512246514,1641.1434715396897,2082.1209472144133,254.122541119344,343.9235763731447,344.47179080882574,452.407539319127,262.5857720060748,484.1073285278932,562.4248147677429,540.2757621270259,191.1646121861675,113.8895719854721,473.18901945784086
2027,1,14,1,4638.868061536077,13165.270852147556,1534.1481402461618,1844.5974444640383,254.122541119344,417.1281649611691,417.7930675653242,648.4507900386047,262.5857720060748,484.1073285278932,698.8338047638242,605.9849672313593,215.7699537820944,100.22278933556396,376.86126598716015
2027,1,15,1,5164.061492577797,14229.982196637618,1952.2529185881936,1751.9464319559434,254.122541119344,279.0062502477368,279.45098641745227,478.043954191518,262.5857720060748,484.1073285278932,671.5519791119042,461.78977604889496,202.5209364816933,125.27852418230808,611.7658111974172
2027,1,16,1,6130.662619333579,12217.371360661036,1881.4713768109289,1804.167909690129,254.122541119344,328.7301682508657,329.25416438273726,687.6594471762958,1398.3130841872376,484.1073285278932,585.5094152018602,490.99385829885006,202.5209364816933,111.61174153239575,520.5079139338334
2027,1,17,1,4375.249564510497,12108.21930548082,1881.4713768109289,1755.3155317608205,254.122541119344,281.7687022711077,282.2178417913961,443.3593661526296,301.7689620640511,484.1073285278932,558.2275895499403,532.9747215226027,176.02286031433022,111.61174153239575,478.2589130138419
2027,1,18,1,3498.5648186037906,11972.25795791897,1224.6848022974095,1785.637692205613,254.122541119344,281.7687022711077,282.2178417913961,663.5310320242015,355.28028828792014,484.1073285278932,717.7211799802085,618.7617882890848,189.2718776147161,125.27852418230808,623.5955254791893
2027,1,19,1,4955.618935763139,11849.701235280549,1853.4879891044427,1748.5772946938234,254.122541119344,425.4154898287831,426.09360243492034,402.64270929464175,355.28028828792014,484.1073285278932,719.8197925891099,637.0143497162444,187.37918460985605,120.72291329329288,483.32876922093885
2027,1,20,1,5625.904731371299,12226.946086672802,1855.134098204296,1556.5370326105374,254.122541119344,472.376955808541,473.1299250262615,535.3488877243342,647.3996768798523,484.1073285278932,971.6517847560564,401.5563113140547,183.5937154669532,118.445132857354,474.87898397651503
2027,1,21,1,4072.803544335017,11828.636812533792,977.7725324715524,1627.2886903719964,254.122541119344,223.7574906028636,224.1141602087506,603.2100291128795,434.2314887405498,484.1073285278932,654.7632165044212,558.5283235542447,185.4864500384046,118.445132857354,473.18901945784086
2027,1,22,1,5092.537091799182,12161.837847709316,1005.7559201780384,1558.2215637843549,254.122541119344,226.51994262623447,226.8810155826945,603.2100291128795,434.2314887405498,484.1073285278932,602.2982238972756,564.0041040075472,170.34469816656733,109.33396109645692,522.1978784525076
2027,1,23,1,4835.049240294789,11937.788867714007,1560.4854547751418,1441.9866653558067,254.122541119344,472.376955808541,473.1299250262615,530.8248186255743,1063.2092112649468,484.1073285278932,858.3273951941621,582.2566654347067,198.73546733879044,118.445132857354,540.7874508089549
2027,1,24,1,4148.415027625609,10999.464102238786,1463.366634391244,1415.033642173134,254.122541119344,327.3489266379449,327.8707210696616,416.214916591007,164.92024494588424,484.1073285278932,726.1155843278814,441.7119544706149,204.41362948655333,129.8340850541858,549.2372360533786
2027,1,25,1,4906.573641073404,9919.433162102072,1481.4735471105491,1543.0605210193007,254.122541119344,343.9235763731447,344.47179080882574,417.7229512802386,1186.0221644692551,484.1073285278932,373.5507860765835,534.7999816737233,204.41362948655333,118.445132857354,515.438020377811
2027,1,26,1,5574.815873672354,10532.216690225096,1593.4070979363923,1261.7383462327969,254.122541119344,298.3433208038088,298.81888027832474,390.578501718616,826.3556857395953,484.1073285278932,967.4546056261862,500.12011897046574,202.5209364816933,116.16735242141095,539.0974862902807
2027,1,27,1,3805.0979212907887,11662.036273678172,1334.972279945848,1463.8859826451005,254.122541119344,254.14430684739364,254.5494130608994,791.7131763240261,415.809534385023,484.1073285278932,1087.074786926922,739.2286776748967,219.55538135840587,138.94525681507875,625.2854899978634
2027,1,28,1,3805.0979212907887,11223.513082234562,689.7082176746683,1416.718210804194,254.122541119344,215.4701969377484,215.81365659139,791.7131763240261,415.809534385023,484.1073285278932,335.7759895559521,516.5474202465639,219.55538135840587,136.66747637913988,444.45969733829565
2027,1,29,1,4920.878538631888,11713.739887718228,691.3543267745218,1308.906118073703,254.122541119344,312.15551851566585,312.6530946435731,564.0013719752311,677.2256657177437,484.1073285278932,453.2976043356491,558.5283235542447,200.62820191024187,138.94525681507875,620.215596441841
2027,1,30,1,3882.753011097491,10936.27079146374,674.8934872327229,956.83228552584,254.122541119344,225.1387322157844,225.49760352182625,514.2365419507458,1054.4368682978434,484.1073285278932,698.8338047638242,472.7412968716312,210.09179163431625,127.55630461824694,485.0187337395915
2027,1,31,1,3829.7913985128303,11373.07999032052,884.6180388169774,1583.8701728071455,1022.2882856829168,381.8045808246154,382.4131776094723,871.4372092142617,210.66829353081275,1236.551722575433,388.2426413274816,551.3796819109293,206.33749743220508,141.3920951753406,496.86958751741753
2027,2,1,1,4805.776965478745,11102.245979936446,928.9310055325126,1422.8927150115476,1022.2882856829168,330.4407523813697,330.9674751856133,659.640774606389,210.66829353081275,1236.551722575433,556.131373511924,516.5749578810255,198.76547841513016,134.55055105699378,519.7749411244566
2027,2,2,1,5433.053092829917,11515.316577121812,928.9310055325126,1519.1091412060364,1022.2882856829168,347.5620389299699,348.1160530776636,394.4910693075794,809.9980440404761,1236.551722575433,455.3981526364594,520.2386257001162,198.76547841513016,125.42847556015086,507.441277690236
2027,2,3,1,4523.202073256239,11160.69935429238,774.6562338531111,1289.670017151261,1022.2882856829168,436.5926977800688,437.28862686396576,535.1497397230569,741.2084002684746,1236.551722575433,627.4840639507721,642.9709765498654,191.1934593980401,120.86746282029604,540.9183214700506
2027,2,4,1,3272.657936026409,10755.422582889843,681.1066294706901,1467.3002934507238,1022.2882856829168,339.00138005440635,339.5417485055066,619.2216333225805,469.48932253554767,1236.551722575433,959.0643031017848,542.2205524470417,194.97946890658508,120.86746282029604,540.9183214700506
2027,2,5,1,4144.431491556371,11452.966268607306,605.6104852426134,1631.97838590439,1022.2882856829168,455.42609738226,456.1520469190836,549.7006571616286,474.6485496100854,1236.551722575433,711.4284300429586,642.9709765498654,223.3745194373546,129.98953831713897,551.4900116428475
2027,2,6,1,9763.863743624996,15451.177712577226,1296.564456615701,1780.0036598541917,1022.2882856829168,568.4265574004047,569.3326297542618,740.4791271118754,1606.2381744931022,1236.551722575433,1275.954253990488,644.8028104594405,230.94653845442951,139.1116138139819,525.0607862108551
2027,2,7,1,11986.385286841558,18993.45275150148,2291.1443003965446,3447.1380375527865,1022.2882856829168,559.8659297273681,560.7583564343686,1257.8444432713434,1012.9274780014016,1236.551722575433,1084.9808291961328,655.7937738329032,221.48153546637016,127.70900693864284,577.9192370748614
2027,2,8,1,38746.827144679344,33215.160986652576,7221.371668468128,15296.55938744308,1022.2882856829168,838.9428224630213,840.2800979439154,2420.299651567564,2445.471813345113,1236.551722575433,1040.9100565850697,584.3525319473894,227.16052894588444,127.70900693864284,495.1076516049409
2027,2,9,1,69250.88509224803,94916.60420893382,23520.335756896915,31333.2449948059,1022.2882856829168,2335.3428611765744,2339.065399428423,4796.94658578839,7833.420589746801,1236.551722575433,3093.34959323066,1577.2023021187272,283.95067157401485,168.75832166586525,429.9155373066924
2027,2,10,1,59474.99686568481,87621.62194086953,41537.65806164253,35762.900635093574,1022.2882856829168,4780.261956264111,4787.881697365889,8439.521833500035,12779.39594662125,1236.551722575433,6379.771223864716,3484.133345105385,1031.6874040278883,547.3243297419514,970.8338587767644
2027,2,11,1,32446.00865729865,44714.88995474445,18690.222851886803,15729.533230403697,1022.2882856829168,3039.027566709551,3043.871778903644,2006.40740563376,4816.994755843759,1236.551722575433,2650.543116247609,1586.3614315826148,694.7326409008796,444.7010179153371,657.2069507198073
2027,2,12,1,19421.511417078127,31693.42455237675,8974.195509598292,11107.444775184278,1022.2882856829168,1696.7190445282058,1699.4236159429204,2043.593005823616,2333.688623257494,1236.551722575433,1890.846642287852,1302.4283781179906,475.1441309720549,294.1867972260161,831.6399132689157
2027,2,13,1,17287.169284887,25799.37503571785,6850.455770084243,7525.233684984827,1022.2882856829168,1321.762978323036,1323.869869490274,1807.5451004329725,2129.03945957711,1236.551722575433,1531.984531396987,1289.605620918881,435.391010349074,273.6621648709757,644.8733246345121
2027,2,14,1,14022.527670819412,24423.77207986665,6244.845284841629,6328.079496827329,1022.2882856829168,1085.489286357592,1087.2195570846927,1993.4732412577807,2056.810318450029,1236.551722575433,1653.7038322735325,989.1861023521876,372.9218742414445,207.5271550317248,595.5387455954806
2027,2,15,1,11928.267061407912,23496.31174581446,5657.288223830809,5915.459107028647,1022.2882856829168,1159.1108029152365,1160.958426394304,1613.533089388731,2261.4595200466465,1236.551722575433,1439.6457609571278,1348.2240655213573,391.8519217841547,209.80763639308347,759.3999806228451
2027,2,16,1,11505.406795949237,21918.070382994123,4897.402966908694,5667.516809683631,1022.2882856829168,1231.0201752167911,1232.9824222886125,1492.2755955993932,2221.9054710861083,1236.551722575433,1911.8327683768653,1148.5550111413563,395.6379312926845,198.40507953488608,569.1095201634881
2027,2,17,1,10174.699569652796,21627.75191449156,4816.983151729368,5117.97304990935,1022.2882856829168,979.3373409588928,980.8984054063404,1434.0719957830186,2552.095738441961,1236.551722575433,1769.1273414113066,1251.1372691537551,422.1399978524848,209.80763639308347,673.0644859790242
2027,2,18,1,9707.74957692772,17752.292599203978,4286.868810714831,4794.16781698912,1022.2882856829168,1042.6860855873829,1044.348127980727,1366.1678076535527,1931.269214774489,1236.551722575433,1542.477594441494,1168.7050638948378,427.8189913319991,253.13748249879785,711.8273748452373
2027,2,19,1,9697.729196232756,18923.30870227417,3814.197225619026,4174.31207362653,1022.2882856829168,1090.6256567209198,1092.3641148261872,1534.3115249146877,1671.588320910025,1236.551722575433,1529.8859187880855,1049.6363808641795,378.6008677209588,237.1738628836081,606.1104357682991
2027,2,20,1,9595.521287040074,32311.081959807423,3274.2355786246417,4424.10468830058,1022.2882856829168,789.2911070733666,790.5492376831239,1042.8144675694336,770.4439950799376,1236.551722575433,1393.4763296492308,1077.1137692559018,367.2428391953389,202.96609227473667,812.2584688357985
2027,2,21,1,15643.826024283157,58983.36088938058,5424.234860622431,5375.166933899438,1022.2882856829168,1285.8082921722446,1287.8578715431058,2821.25776809424,2947.636190131041,1236.551722575433,2346.244794924381,1630.325285076406,425.9260073610146,241.73492564059623,627.253816113893
2027,2,22,1,9775.88822656323,41957.8387056068,4334.464224731266,4505.518575862896,1022.2882856829168,1124.8682298180922,1126.66127061026,1990.239735132679,1828.0847491164868,1236.551722575433,1416.561022259213,1392.1878789312798,497.86014645671867,330.67509921338365,630.7777252878149
2027,2,23,1,12018.45053116949,36496.34424425177,4365.647402243808,4642.441945838593,1022.2882856829168,1001.5949978707928,1003.191541039857,1252.994149114798,2316.4912123144936,1236.551722575433,1336.8138813848293,1122.9094165753402,422.1399978524848,273.6621648709757,512.7271227766345
2027,2,24,1,21720.18788838189,53241.29018858199,9683.202905203172,9085.04976997207,1022.2882856829168,1653.915843758025,1656.5521868389828,4287.665104879462,4983.809638199224,1236.551722575433,2109.1019849100617,1588.1932654921304,461.8930769088743,241.73492564059623,565.5856109895664
2027,2,25,1,17513.630010412464,43000.25738509422,16087.246596753002,8714.986641283629,1022.2882856829168,2640.101699336335,2644.310023402121,6282.7551341687295,5001.007049142225,1236.551722575433,2310.568472748924,1408.6743039494802,482.7161084225536,255.4180138772898,674.8264592404264
2027,2,26,1,17489.581088043124,38998.14904950003,15506.25443034378,8650.22560968252,1022.2882856829168,2624.6925570438807,2628.8763189254296,5159.102314093766,9303.79920641536,1236.551722575433,3487.888072384916,2330.082872319232,810.2059101280944,643.1060474330856,854.5452295270078
2027,2,27,1,11220.82784499036,36416.45796596545,8371.867471656375,5834.04521946633,1022.2882856829168,1660.7643583774425,1663.4116179957805,3197.964413838188,4160.053680570827,1236.551722575433,2713.501356250852,1773.2077287634463,654.9795202778988,492.5918767609021,814.0204047482965
2027,2,28,1,11220.82784499036,36416.45796596545,8371.867471656375,5834.04521946633,1022.2882856829168,1660.7643583774425,1663.4116179957805,3197.964413838188,4160.053680570827,1236.551722575433,2713.501356250852,1773.2077287634463,654.9795202778988,492.5918767609021,814.0204047482965
2027,3,1,1,12749.25260951297,31059.68868137809,6554.056088158382,5097.694960901143,961.6766859083236,814.4181782208809,815.7163614006735,2016.8256960677315,2776.739546955464,2072.9446173109004,1792.214015801061,1361.9978130816144,510.9936086432641,326.1295417689771,678.9683065102068
2027,3,2,1,8613.923285342804,28438.470876890664,5018.515558884166,4698.344842618994,961.6766859083236,783.2035593244327,784.4519863785657,1879.6049600855613,2058.0341414537,2072.9446173109004,1645.3112253540412,1340.14756192318,467.4645376259834,275.9557507223252,631.0813721127944
2027,3,3,1,9466.027280428243,26022.459193054085,5194.806141713964,4470.144769678146,961.6766859083236,841.3762751964643,842.7174296028194,1661.0091336397434,3326.3378049126186,2072.9446173109004,1895.0459875491545,1529.5162583220117,467.4645376259834,271.39453791392464,783.2934376003253
2027,3,4,1,11860.802942885395,25035.14671935344,4250.745258324661,4595.286759661469,961.6766859083236,839.9574345561762,841.2963273294988,1772.7004246768304,2560.282388998457,2072.9446173109004,2039.8501653872725,1465.786395853463,518.5638818636687,275.9557507223252,660.1556116282447
2027,3,5,1,8924.880692591147,21324.013380840395,4848.815231886351,4530.875429720022,961.6766859083236,1119.4702887939725,1121.2547252641464,1980.1271430002448,2401.3216695482224,2072.9446173109004,2121.69596495849,1655.155092252295,577.2335408883499,287.35890778617244,808.9471497883114
2027,3,6,1,11741.66993255681,22212.59459015731,5318.37431866341,4854.772283276495,961.6766859083236,814.4181782208809,815.7163614006735,1937.0462024698184,2886.659190963634,2072.9446173109004,2463.76963585719,1862.732297879921,639.688294956642,314.72643472226736,867.0955541213398
2027,3,7,1,11493.30787269032,25768.85541046441,4802.683117760535,5241.240150553251,961.6766859083236,1237.234592380823,1239.20674523821,1938.6417993355533,3272.223534381483,2072.9446173109004,2495.2487789027778,1762.585416953843,681.3247976688369,317.007016117901,711.4630360041957
2027,3,8,1,13441.839524446585,24533.74684808567,5794.523697194901,5958.966136271038,961.6766859083236,1305.3392551398977,1307.4199668802069,2197.127372580328,3409.2003326133736,2072.9446173109004,2400.8112575902896,1866.373999725692,660.5065463127395,348.9358058795382,916.692733508043
2027,3,9,1,13280.30320164765,23014.060007983204,5923.034583979635,6380.400124121641,961.6766859083236,1414.5904836824918,1416.8453419620837,2519.436540703365,3245.166380157835,2072.9446173109004,2482.65710324937,1877.2991052629447,694.5727758045298,348.9358058795382,762.7704603801468
2027,3,10,1,14277.789882901394,22766.263961840363,6445.316076636943,5982.890359518,961.6766859083236,1530.935946629054,1533.3762596628264,2573.686589356152,3813.366429274001,2072.9446173109004,2430.1918341148385,1882.7616981155293,654.828841397436,317.007016117901,838.0213519548363
2027,3,11,1,13254.053569314605,23418.66455537238,6239.36912702858,6323.350133979437,961.6766859083236,1390.4700679875127,1392.686478306607,2102.9875771285847,3508.9735485272404,2072.9446173109004,2558.207111081816,1971.9834735043548,715.3910687272185,328.41017318174823,817.4983747346579
2027,3,12,1,15885.076053288729,22692.69949867861,8587.164489068975,7677.82789202594,961.6766859083236,1678.4960284720642,1681.171552385677,2959.8193523575364,4072.100402554336,2072.9446173109004,3129.029371998753,2236.00709782506,810.0194839821997,332.9714360072863,843.1520869226442
2027,3,13,1,15885.076053288729,25612.046951753327,9442.256272122582,9111.439584697691,961.6766859083236,1997.736607853092,2000.921001486884,3286.9153110778207,5294.745158546827,2072.9446173109004,3311.608576797096,2698.5036731590826,921.6810555496828,348.9358058795382,903.0107735938672
2027,3,14,1,19263.20395950966,23565.79343916064,10791.62076297418,9748.191394483752,961.6766859083236,2192.118649243273,2195.612887995131,3767.187869530948,4689.341527112638,2072.9446173109004,3628.498850301117,2958.885635717945,982.2432828794498,323.8489103562102,949.1874630020318
2027,3,15,1,19396.47145083534,22013.19620595329,10701.004080719238,9332.27835529664,961.6766859083236,2376.56877494891,2380.357027337871,3851.7541537260654,5558.552326916232,2072.9446173109004,3926.501656413028,3288.4599734301432,1003.0615342355472,335.25206742005736,1118.5019783822556
2027,3,16,1,19396.47145083534,20348.316380032946,10378.079245915862,9904.618835141251,961.6766859083236,2376.56877494891,2380.357027337871,4143.747121275707,6038.816653242644,2072.9446173109004,4428.069747324224,3543.37934313648,1086.334581226528,319.28764753067213,1142.4454455809723
2027,3,17,1,18887.632092752603,19988.23769864185,12256.315521179198,10318.691520649858,961.6766859083236,2624.86697908776,2629.051018998176,4411.8062407459565,5983.011279765609,2072.9446173109004,5011.483683894569,3858.386833381727,1137.4339254642289,312.44580330950043,1115.081488403717
2027,3,18,1,18384.850332091173,21385.96241364373,11223.285573376648,9565.999376900882,961.6766859083236,2911.474098932022,2916.114990803925,4343.195855270447,6089.548793714375,2072.9446173109004,5038.765647810286,4206.169720406589,1137.4339254642289,312.44580330950043,1005.6256223457908
2027,3,19,1,17179.38570430085,19417.1452026888,10841.04800501604,9343.320290080868,961.6766859083236,2663.175863590674,2667.4209678913853,4100.666180745281,5545.023768762525,2072.9446173109004,5040.864260419188,4344.55451079701,1120.4008107183183,314.72643472226736,1255.3217642685115
2027,3,20,1,17585.2456451785,19242.91357717245,9760.238361168424,8822.508851715067,961.6766859083236,2528.385409915312,2532.415658132948,3767.187869530948,5962.71842357686,2072.9446173109004,4784.83366039737,4504.789552345925,1129.8636522438242,335.25206742005736,1077.4560239419202
2027,3,21,1,15901.229689919355,19148.054151264703,9032.009918902651,7922.590885871753,961.6766859083236,2362.380306140974,2366.1459421001377,3767.187869530948,5000.498705894441,2072.9446173109004,3659.978039434567,4348.196212642781,1303.979977879584,526.8246559384598,1231.3782970697948
2027,3,22,1,13867.891500235968,20034.69946261077,7045.033632117879,6376.719491679313,961.6766859083236,2024.694704828647,2027.922069689001,3020.451788473306,3647.6414117887966,2072.9446173109004,2572.897399344125,3434.1281675121063,1074.979129829345,399.1095969261901,1121.922468360794
2027,3,23,1,13021.84510257184,20129.558888518524,6056.488216522003,6067.545205349396,961.6766859083236,1488.3705402052462,1490.7430039496264,2645.4881335942823,4089.011128683681,2072.9446173109004,3307.411351579293,2050.2801433559266,959.5324632182663,335.25206742005736,1000.4948873779828
2027,3,24,1,12458.487280682804,18898.322164615773,6954.416985785387,6360.156570774349,961.6766859083236,2175.0924991547604,2178.5595982107566,2864.0839600400577,3872.55393281044,2072.9446173109004,3089.15577851763,2960.7064866408305,923.5736238547838,303.3232776584202,998.7846423887136
2027,3,25,1,13250.015127526827,18898.322164615773,7064.804543303622,6636.205052751681,961.6766859083236,2243.1971307113363,2246.772788600518,3195.966674388655,4132.978971120441,2072.9446173109004,4096.4891855578935,3308.489333581764,938.7141702955776,303.3232776584202,846.5725769011827
2027,3,26,1,18417.15760535244,17655.47001035507,9101.208108052708,7230.629402164651,961.6766859083236,1983.548139045156,1986.70991624915,3671.4524772134696,5567.00768998094,2072.9446173109004,5227.640644347331,3590.721507215251,1004.9541025406484,294.2007520073441,1097.9790011620985
2027,3,27,1,15341.910266311192,17972.958723718457,8122.548148049551,6919.6147996135705,961.6766859083236,2692.9716418468342,2697.264240640173,3245.4299674131294,4581.112948134134,2072.9446173109004,4675.705896910436,4213.453124098071,1137.4339254642289,396.8289655134232,930.3747307711228
2027,3,28,1,12628.100400043715,14494.13420504863,6418.954873696767,5515.448278852076,961.6766859083236,1596.2028969050534,1598.7472455059465,2844.9369025579144,4790.805808056171,2072.9446173109004,2360.9376641091662,3064.495069412679,955.7473266080642,348.9358058795382,937.2157107281996
2027,3,29,1,10845.143469367258,14496.07010301947,5511.14068476291,5077.45140755385,961.6766859083236,1461.4124432296908,1463.7419357475085,2637.510184234457,2671.8930980362934,2072.9446173109004,3741.823885093717,3035.361414562763,934.9290336853752,335.25206742005736,942.3464456960078
2027,3,30,1,13153.093351250183,15067.162598972527,6102.620330647822,4713.06740984555,961.6766859083236,1606.1348437920965,1608.69502392369,2529.0100869289254,3855.643244597328,2072.9446173109004,3385.0599720205705,2955.2439338721742,1004.9541025406484,337.532648815691,861.9648191535317
2027,3,31,1,10746.202493950172,14197.940454431711,6473.324861496262,4840.049716049938,961.6766859083236,1596.2028969050534,1598.7472455059465,2372.642258495677,3304.3538836942744,2072.9446173109004,2902.379348501555,2973.452443100969,980.350714574364,319.28764753067213,964.5796679054554
2027,4,1,1,11167.383349225816,15409.875918698464,5857.710304820872,5613.366279306787,590.5828515094278,1990.8060618287536,1993.9794081670448,2721.551130339489,3839.717355308401,2916.15908199907,4373.503515097838,4182.9330074735535,1045.5041793498226,322.65084986473,934.153135574246
2027,4,2,1,12686.673838263128,15574.263401163162,8363.416398403777,5691.710538440586,590.5828515094278,2935.623064925785,2940.3024502673834,2973.8600033106254,4510.381347464693,2916.15908199907,4132.163341601989,4352.659353707558,1143.9937149373582,304.34442753501787,859.6916510466698
2027,4,3,1,11193.302981656096,15446.621357456424,7326.286373036284,5638.828163525267,590.5828515094278,1892.897570565319,1895.91485069596,3380.0157253105795,4588.404130466255,2916.15908199907,4314.742454224466,4365.4344511579175,1189.4504364597708,318.07423177801445,1081.3837871279443
2027,4,4,1,11480.41299053642,15603.272989418903,6821.826353527098,5979.625690757201,590.5828515094278,2811.6056218571307,2816.087323302546,3210.784159906872,4817.492330874798,2916.15908199907,6004.12357651948,5064.414972051231,1284.151884209375,302.0560934830914,1027.2300005709585
2027,4,5,1,10964.013741474297,13909.11492383363,7442.444939613373,5681.917506048886,590.5828515094278,2483.612176124652,2487.571055774436,4769.252949332957,5624.281180900805,2916.15908199907,5105.918439932992,4710.36216248519,1255.7414540411517,302.0560934830914,1177.8452497786186
2027,4,6,1,10208.356122674082,13501.047172244498,6984.448346735002,5897.364218666682,590.5828515094278,2839.34637144927,2843.8722916700985,4769.252949332957,6021.035369869363,2916.15908199907,5521.443275615713,5044.339796009892,1255.7414540411517,315.78594774322966,1017.0761329112006
2027,4,7,1,10507.429052216514,13934.256544303484,7732.841338094871,6443.815426124813,590.5828515094278,3027.00430263666,3031.8293497389072,4338.481730089646,6925.767748946574,2916.15908199907,6197.195752186464,5626.519420202355,1342.866809248061,308.9209956045918,1154.1529541540876
2027,4,8,1,11145.451299006963,12638.496395912414,7707.950224383192,6422.270754862953,590.5828515094278,3216.2940628134384,3221.420837933724,4070.788175712513,7158.176048419187,2916.15908199907,6961.0898200672045,5454.9680543206205,1412.9458731007817,299.7678094483024,1275.9990299307476
2027,4,9,1,10615.095294669994,16579.92800727644,8429.792701634957,6312.588792075695,590.5828515094278,3152.653543492205,3157.6788755775174,3881.556520984129,6200.321818902503,2916.15908199907,5712.416792585864,5809.02086388666,1433.7802107263255,288.32628924009066,890.1531793280499
2027,4,10,1,10832.42165769636,13394.678823756509,6972.832472116151,5793.558075314504,590.5828515094278,3082.485801820938,3087.399286474013,3781.556074360746,5269.028495647368,2916.15908199907,5227.637832985331,5663.019692905645,1384.5354429325578,272.30815094516754,1267.537479772444
2027,4,11,1,10832.42165769636,13216.753539110528,7244.975394393506,6095.183472979539,590.5828515094278,2883.405192517788,2888.001342532059,3609.247558688317,5162.784681019649,2916.15908199907,5359.850289082179,4852.713294170746,1176.192232943498,256.29001265024027,1301.3836057078074
2027,4,12,1,9602.23496864497,12851.233135423176,4913.507132715111,5245.148261378015,590.5828515094278,2899.723263994193,2904.345425026495,2790.782214150878,4291.253520080971,2916.15908199907,4681.999199902526,4067.9570903365066,1013.3057029102744,233.40697223381684,1040.7684285357316
2027,4,13,1,9546.40803455918,13866.567575931384,5308.446223154744,4802.503159814919,590.5828515094278,1654.6535647568223,1657.2910837655993,2860.013297962268,3791.5756155488352,2916.15908199907,3494.185891991391,3237.575555644137,876.9355799095819,242.5602084072437,956.1531136973229
2027,4,14,1,11500.351206142315,14177.936813428389,5869.326143517376,5327.409733468532,590.5828515094278,1817.83440433088,1820.7320337189,2418.4728052316827,4037.264425026645,2916.15908199907,3657.877445045894,3283.200926586196,928.0743708390272,256.29001265024027,920.6146702605264
2027,4,15,1,8328.184266169901,13319.25396234741,5271.93927074656,5744.592913355905,590.5828515094278,1817.83440433088,1820.7320337189,2107.702121936389,3808.1762246181015,2916.15908199907,3271.733185887791,3159.099951294249,909.1340979157368,320.3625158128035,932.4608180727917
2027,4,16,1,7072.077944688231,12336.796992810809,4400.750039379616,4277.596623618649,590.5828515094278,1641.5991200567253,1644.2158302709734,2426.1651284501927,2438.627246595592,2916.15908199907,3152.1124054442816,3067.849209410191,850.4191728770356,308.9209956045918,808.9224621436244
2027,4,17,1,9981.060673598104,13468.169658737648,5396.394875227508,4534.174072281704,590.5828515094278,1672.6034652226467,1675.269596386072,2090.7789479115854,3756.714385794394,2916.15908199907,3853.048233321779,2719.2714587873406,928.0743708390272,276.8847690318789,724.3071473052155
2027,4,18,1,9981.060673598104,11265.377444753847,4808.964440756874,4369.651128100768,590.5828515094278,1817.83440433088,1820.7320337189,1963.086053776081,3736.793677660985,2916.15908199907,3548.749727646961,3261.300730897067,880.7236261809217,272.30815094516754,964.614663855648
2027,4,19,1,9321.106420095704,12640.430337270343,4608.176058822115,3946.592128778416,590.5828515094278,1321.7646944612,1323.8715883639634,1889.2395620459693,2488.429035887229,2916.15908199907,3089.154119353176,2836.072395572177,740.5654569089046,210.52393181739336,719.2302321497993
2027,4,20,1,8982.157102847917,12727.459016968014,4116.991278405656,3803.613855859337,590.5828515094278,1112.893236031734,1114.6671886749295,2267.7028715027373,2475.148525882033,2916.15908199907,2828.926478465147,2746.64667333579,763.2938176701261,226.54207011231645,854.6147358912534
2027,4,21,1,8984.150893953747,17138.845439148987,4628.088935422479,4510.670794541585,590.5828515094278,1856.9978008362536,1859.9578567073345,2881.551879905794,2098.315045046884,2916.15908199907,2862.504234119636,2571.445308242464,700.7908463600853,221.9654520256051,768.3071035513902
2027,4,22,1,13701.527998900883,21140.23012584765,7963.499070852727,7861.84655390337,590.5828515094278,1804.7799284282555,1807.6567489720096,2883.090337555709,5798.587443421499,2916.15908199907,4073.402280728616,3553.303032775229,975.4251154971172,276.8847690318789,764.9225058974283
2027,4,23,1,11117.537831963951,16429.07832699303,7618.342207836452,6318.464611510775,590.5828515094278,1879.8431258652213,1882.839597201333,2526.1656100425107,3751.7341992820175,2916.15908199907,2883.4903141207164,3146.3248137600203,967.8489813878464,372.9935487842883,983.230006975837
2027,4,24,1,9039.977871546667,15798.603958962494,6999.3830221465005,6614.21418974073,590.5828515094278,1881.4749236521127,1884.4739960751056,3000.013958203939,4641.526056738267,2916.15908199907,2952.7444841263887,3502.20264297385,1005.7295688010032,345.53389028115345,852.9224183897992
2027,4,25,1,10487.49088011752,15289.96976802919,8554.248306116006,7013.769911322962,590.5828515094278,1656.2853937462403,1658.9255138916362,3384.6311332292594,5257.408073090476,2916.15908199907,5410.216945607809,3889.1056859476607,1255.7414540411517,311.20932965651406,1066.153041661717
2027,4,26,1,9701.925959661568,14106.379919805177,8484.553166169733,6653.3863193076295,590.5828515094278,2495.034823037886,2499.011910395317,3770.786765904537,5871.630039910686,2916.15908199907,4488.927070323475,4672.03687013417,1276.5757501001042,306.6327115698027,984.9223244772916
2027,4,27,1,9701.925959661568,13276.706614445166,8672.066273089418,7170.458467047902,590.5828515094278,2640.2657621461194,2644.4743477281454,4413.866679469673,7194.697365621933,2916.15908199907,5666.247361278037,4807.087923228687,1714.0965492703597,315.78594774322966,1008.6146201018224
2027,4,28,1,10252.22013609776,13415.952476440008,9466.92272700245,7568.055582151775,590.5828515094278,3483.9106160009646,3489.4639721054086,4495.405529387186,7712.635890839173,2916.15908199907,7811.026912736896,7086.530929593047,1759.5532292261962,315.78594774322966,1083.0761046293987
2027,4,29,1,11195.296816268596,15071.431119374143,9362.379999121864,8047.914169346166,590.5828515094278,3647.0914555749946,3652.9049220586817,4747.714402358365,9322.893491827115,2916.15908199907,9282.152646321838,8519.167224435292,1926.227847097351,288.32628924009066,1375.845090235384
2027,4,30,1,8994.12002351026,13110.38514808729,9488.495039921583,7509.297387801475,590.5828515094278,4081.152443910332,4087.657803931185,5049.254269816256,9674.826078016413,2916.15908199907,9223.391539360602,8685.243531373777,2009.5651144663443,292.902907326802,1485.845018199778
2027,5,1,1,10491.422686471942,13227.391769108855,9314.11014161846,6782.8875187754375,372.5321880754401,3605.683319130711,3611.4307810142113,4003.339457770314,9284.987965856672,3112.614162673269,9175.106166392769,8334.551195060254,1722.4703461978163,270.3411269837226,1394.955680206657
2027,5,2,1,14354.837964317718,13023.684498736462,8258.070301460928,8251.841965503047,372.5321880754401,3542.2964138296225,3547.9428369390857,4149.180592116598,9852.09079434895,3112.614162673269,8514.045222457666,7887.1442814094435,1627.0954781607031,265.4701080264361,1541.434572437705
2027,5,3,1,14530.182074736322,12624.030223614398,9455.990312398657,8253.759668573914,372.5321880754401,2280.4546777640885,2284.0897242108904,3495.8122626876248,6794.666832948974,3112.614162673269,5756.476734540046,5953.250847888225,1329.5258466556504,250.8571011717141,1367.7038071772236
2027,5,4,1,11570.763135265042,14793.027570553815,9626.89141822159,6909.455397049026,372.5321880754401,2072.6045711704387,2075.9083043932555,3977.088044496103,6384.309807880686,3112.614162673269,4927.527288860024,5031.044810467472,1239.8734507488095,270.3411269837226,1284.2449273501222
2027,5,5,1,9807.580660190444,14808.548144336852,6426.526422350948,5933.348579377237,372.5321880754401,2057.863412261752,2061.143648066341,3275.592129892508,5438.551357025752,3112.614162673269,4346.213393623511,4304.2368886288905,1131.1461061744944,255.72812012900064,1297.8708638648498
2027,5,6,1,9217.255472495312,12911.160477049349,4425.693671673396,5599.669668427532,372.5321880754401,2106.5091898566525,2109.866967066788,2948.9079651780003,4297.300935458647,3112.614162673269,3976.858680567185,3756.391724233836,1068.1986633420563,236.2440442998547,1125.8433593431696
2027,5,7,1,7512.521048729066,13442.739437917917,5533.326301205562,5747.33216810854,372.5321880754401,1662.8008215466466,1665.451327288786,3230.38137230042,4494.554116274536,3112.614162673269,4197.212359270771,3977.3559480221847,1094.9036164164595,187.53395476126488,1050.9006711632967
2027,5,8,1,8626.930328307311,12422.2630196478,8516.034248334108,7007.257841631823,372.5321880754401,2239.179464022282,2242.748717747783,3609.5683635633927,5341.685976721598,3112.614162673269,4898.146804511271,4607.377863026129,1346.693304613044,194.8404581886259,1008.3196382292816
2027,5,9,1,8628.87856767978,12717.15353870641,6790.900452406266,6871.101485461337,372.5321880754401,2778.705256029977,2783.134514267876,3328.0949564409734,7532.604994030418,3112.614162673269,6694.553667179477,6154.127389460583,1604.2055065064612,185.0984202740529,1059.416900159472
2027,5,10,1,8979.566788516757,13304.9945104183,8564.40246143098,6771.381337807672,372.5321880754401,3237.154783248698,3242.314810372821,3492.8954351050484,9248.00297075605,3112.614162673269,8312.579057234121,7653.39702355997,1777.78778462331,187.53395476126488,1466.491884257832
2027,5,11,1,8977.61854914452,12724.913846865318,8686.935354156938,6564.270267674313,372.5321880754401,3206.198365141711,3211.309047712424,4023.757215879415,9628.419803222572,3112.614162673269,8069.140732008415,7715.486132036796,1781.6027660434866,165.61439446204866,1485.227565640037
2027,5,12,1,7777.48551898956,11632.65488650456,8566.014767531036,6249.768275061158,372.5321880754401,3815.0075572164737,3821.0886820906494,3981.463285869946,10627.013912614711,3112.614162673269,8791.061257249927,7872.535105351552,1884.6076384875444,163.17885997483668,1558.4669930810874
2027,5,13,1,7401.469794750013,10346.388987800396,6507.140146768217,5929.513210692844,372.5321880754401,3871.023867461942,3877.194282376173,4025.215629670725,8372.692089894781,3112.614162673269,8318.874848972893,7898.101213557786,1838.827695179076,158.30789103468769,1667.4745225477468
2027,5,14,1,6715.679485588918,10885.728214292623,6062.152356373182,5289.003044498772,372.5321880754401,2544.321094603207,2548.376744314048,3924.585217947594,9131.764506807804,3112.614162673269,7727.067936779806,7054.419642752446,1724.3778369078973,146.13036865004025,1589.1253502391974
2027,5,15,1,5846.752021506471,11760.699439438997,5902.537177716352,5269.826088704977,372.5321880754401,2569.3810491467134,2573.476644443673,3877.91604656424,8638.631630600617,3112.614162673269,8109.014233313744,7392.257475423627,1638.540463987824,148.56585312011472,1696.4296189670558
2027,5,16,1,5848.700260878708,11434.76781534956,5512.366717051166,5185.447528160713,372.5321880754401,2830.299265406632,2834.8107645337227,3879.374460355549,8978.541085675168,3112.614162673269,8094.323991139367,7317.385332885558,1684.3204072962926,119.33978939353334,1643.6290962980645
2027,5,17,1,6448.766775956188,11450.288346597348,5588.143630935514,4788.484640617021,372.5321880754401,3384.566185120487,3389.9611861284657,4707.752164987551,9022.570807442187,3112.614162673269,8623.172755505077,7646.092415489031,1764.4353080861083,133.95279624825528,1723.681529345415
2027,5,18,1,6024.044371297311,11525.951064035307,5563.959506425802,2765.316328767713,372.5321880754401,2379.2203020410047,2383.0127809661167,3721.866015679002,7354.724896858621,3112.614162673269,8337.762316365073,7803.141388803786,1682.4129165861966,133.95279624825528,1706.6490713530852
2027,5,19,1,6025.992654176449,11168.97833491551,5422.079371568054,4169.06913328771,372.5321880754401,2256.868823510196,2260.4662740878334,3559.982364597504,7840.813046399413,3112.614162673269,7907.548068090201,7319.211474882326,1546.980577370887,124.21080835081982,1732.197720992643
2027,5,20,1,5429.822661350804,10371.609893612893,5423.6916417456605,4159.480655390714,372.5321880754401,1990.054174889352,1993.2263227193043,3558.523950806194,6990.158803661072,3112.614162673269,7804.716372869563,7090.942643023096,1571.7780397352096,119.33978939353334,1652.1453252942183
2027,5,21,1,4330.999557792779,10276.54651211508,4725.576750932817,4100.0320849383625,372.5321880754401,1770.411141168741,1773.233177840127,3065.580893636388,6678.42836900073,3112.614162673269,7586.461306774809,6552.228228695691,1382.9357528044725,99.85571356438744,1647.0355804267406
2027,5,22,1,5036.272565225469,10532.635660519203,4951.2951864857005,3265.834732649564,372.5321880754401,1704.0760040859266,1706.7923024996298,2906.6140351685312,8712.601544969402,3112.614162673269,6896.019878490952,6208.911929950397,1234.1509786185525,119.33978939353334,1614.6739998787552
2027,5,23,1,5036.272565225469,10278.48657852088,4177.40338178851,3192.9623156158223,372.5321880754401,1487.3812333495969,1489.7521201381155,2161.365776764158,5581.207669200716,3112.614162673269,5569.700765402946,5388.970325354584,1133.0535968845752,90.11372566695196,1480.1178207725595
2027,5,24,1,5439.563988733152,10001.056699651102,4053.258254807291,3336.7894466124376,372.5321880754401,1323.7545410769808,1325.8646067967245,2108.8629502156928,5220.163920378212,3112.614162673269,4979.99246581876,4340.759888899541,999.5287483793464,92.54921013702644,1360.8908389198707
2027,5,25,1,4488.809252818694,10243.565340678457,4241.894368506855,3336.7894466124376,372.5321880754401,1301.642849517727,1303.7176691847346,2390.3363573381125,4589.658324391203,3112.614162673269,5250.712662784318,4357.195247038068,961.3788094778224,92.54921013702644,1245.0703411958584
2027,5,26,1,5416.184811716621,10243.565340678457,3616.331851222942,3614.855230708671,372.5321880754401,1251.5229404306858,1253.517868925456,2086.986778315282,5200.790874650425,3112.614162673269,5567.602152794045,4612.8563291003,1047.2161823979106,85.24270670966548,1084.9655497990302
2027,5,27,1,5422.029616847593,9096.984435879702,4249.955755317541,2953.250443107278,372.5321880754401,1071.6810201622964,1073.3892805028463,2200.742879191093,6146.549287589127,3112.614162673269,6232.86032194695,4979.91259405506,1068.1986633420563,85.24270670966548,1308.0903162508794
2027,5,28,1,4280.344594494312,9851.671373715766,3653.4141730762617,2801.752537284634,372.5321880754401,1073.15512045191,1074.8657305094143,2498.258838017662,4408.255844928056,3112.614162673269,6432.227920649524,5275.749000465287,1072.0136447622333,80.371687752379,1389.8459726881051
2027,5,29,1,5061.600025121138,10065.078976118555,3482.51306725343,2608.0653137324657,372.5321880754401,1068.7327883805704,1070.4363492374748,2070.944261580067,6292.727982055369,3112.614162673269,6230.761709338049,5138.787709366524,970.9163045948474,82.80717222245349,1374.5167754345766
2027,5,30,1,5412.288245958116,10065.078976118555,3650.189596798599,2542.863671524853,372.5321880754401,1192.5583984034922,1194.459337374562,1789.470854457648,5449.118503899657,3112.614162673269,6020.901093678899,5138.787709366524,951.8413143607972,53.58110849587212,1369.4070679160243
2027,5,31,1,5063.548308000276,8786.5733855733,3045.5866636690816,2542.863671524853,372.5321880754401,1673.1196171814663,1675.7865710914966,1879.8923696417385,5165.56708965352,3112.614162673269,5221.332132347632,4525.201112417239,948.0263329406208,68.19416536773154,1321.716252765585
2027,6,1,1,5031.340839587871,9732.085129197309,3364.454420047646,2276.276986744768,107.60005895001738,1119.5193391433413,1121.3038537998082,1822.585792569672,4181.538623856653,901.4682168696232,4813.2953363356455,3927.181977155501,886.2779614639062,57.27202311399656,1194.082324894592
2027,6,2,1,4997.864231140983,9996.838030334076,2974.7641703298536,2106.357714446767,107.60005895001738,983.272851433004,984.8401890870646,1762.7534453510784,5043.395489924009,901.4682168696232,4871.891955575332,3641.834804030149,889.7672271027728,78.09825880739264,1148.1560600819523
2027,6,3,1,4097.933569879144,10101.193194656274,3281.500565323085,2123.99082880918,107.60005895001738,930.7440771922156,932.2276839411982,1859.405722759608,3425.2848256023044,901.4682168696232,4532.868566369976,3276.0051062008515,774.6208790878961,57.27202311399656,988.2647178369966
2027,6,4,1,4470.114943239813,9084.696611367872,2536.844942825618,1918.8053277865524,107.60005895001738,799.4221571915646,800.6964367027202,1543.3681255910024,3580.28276544466,901.4682168696232,3741.8139301069255,3404.04548641174,577.4763728937636,41.6523713525172,835.1772307097624
2027,6,5,1,4470.114943239813,7702.956952952714,3127.167814853302,2175.2872227935327,107.60005895001738,727.19511211206,728.3542616598187,1386.8834659949446,2858.094448474387,901.4682168696232,3775.297712529564,3177.2310585256846,516.4139332474663,28.63601155699828,996.7695554086116
2027,6,6,1,4320.45474482009,8680.803505313255,2864.8020779865988,2132.0059114389933,107.60005895001738,682.8739715224425,683.9624731392472,1317.8461449711006,3076.1135666084747,901.4682168696232,3283.504496888953,2902.8587751327445,518.1585660668919,13.016359795518918,784.1480932332943
2027,6,7,1,4320.45474482009,8763.901137737323,2866.73125577773,2436.578189852727,107.60005895001738,700.9307405929294,702.0480247130174,679.6342548051297,1832.7232343273347,901.4682168696232,2833.566055364502,2494.958666662681,481.52111059243487,52.065489199213154,937.2355430116028
2027,6,8,1,4324.39316422474,9880.887852480466,1927.2305084214167,2000.5589159006608,107.60005895001738,648.4019663521691,649.4355195671792,842.2555752609707,1962.1721011229552,901.4682168696232,2320.8454296218097,1926.093428616873,371.6086610358656,59.87531507995284,510.29159885817046
2027,6,9,1,4324.39316422474,8615.09837191892,1842.3474759057249,1673.544488529543,107.60005895001738,650.0434993228974,651.0796691426797,1227.3304934534626,2040.5227080762645,901.4682168696232,2260.1560509367423,1880.3647213986944,423.9479365850041,62.47860704591328,690.5946185030691
2027,6,10,1,5096.324890285991,9362.977063737875,1844.276617774407,1441.107766497318,107.60005895001738,507.2309109321458,508.0394373801696,1032.4917821636705,2096.7307901111544,901.4682168696232,2262.248810382124,1679.1583695548163,450.1175535762701,49.46219723325688,581.7324137345597
2027,6,11,1,4304.701023694359,8245.990306459955,1828.8433391351527,1285.61559798423,107.60005895001738,623.779096601268,624.7734009436427,1185.9080938453692,1544.8698795610455,901.4682168696232,2461.058837648576,1874.8772765325173,556.5406959273813,31.23930352295455,508.5906164042772
2027,6,12,1,4304.701023694359,9361.044526036992,1828.8433391351527,1152.5656158858685,107.60005895001738,507.2309109321458,508.0394373801696,1073.9141817717637,2014.9735971132257,901.4682168696232,2410.833117926686,1924.2642803281672,556.5406959273813,49.46219723325688,979.7598429164556
2027,6,13,1,3534.738463828762,9494.38724545605,1477.7362860153933,1152.5656158858685,107.60005895001738,507.2309109321458,508.0394373801696,1093.8583208238897,1647.066323413129,901.4682168696232,2984.243122354446,1918.776835461991,542.5835502387322,44.25566331847347,858.990835668566
2027,6,14,1,4117.625710409526,10031.623070929729,1705.3771459438774,1194.2439032229372,107.60005895001738,361.1352565999375,361.7109064666586,1149.0881986243255,2180.1912192570435,901.4682168696232,2942.388348238216,2121.812335594574,478.03180338697695,44.25566331847347,818.1675182176064
2027,6,15,1,3674.55265724353,9496.319740622155,1055.2503371504113,1211.8770550425927,107.60005895001738,446.4945030402429,447.2062156090646,1044.7651038832796,1783.3282864655216,901.4682168696232,2674.517996681036,2204.124008587284,409.990790896355,26.03276960817532,807.9616981920977
2027,6,16,1,3674.55265724353,7007.255885829636,968.4381627660366,928.1439390261144,107.60005895001738,328.30478440039246,328.82810247009104,627.4727249190527,1449.4864940494292,901.4682168696232,2994.7067813175545,2200.465712009872,366.37476257755816,4.336485810186349,675.2858511158809
2027,6,17,1,4147.163942958434,6819.803089083372,1147.8500089857305,997.0734473727806,107.60005895001738,300.3988799105335,300.8777159477893,578.3795079784426,2089.917693854311,901.4682168696232,2829.3805364738096,2129.1289287494565,293.0998100620526,4.336485810186349,833.4762482558692
2027,6,18,1,3278.7407239478284,9730.152634031205,1022.454602080874,900.8927180165168,107.60005895001738,238.02097025040104,238.4003758534193,831.516410014095,817.5717024818174,901.4682168696232,3201.8877541897364,1851.098348779046,396.03364520770594,4.336485810186349,654.8742110648637
2027,6,19,1,3432.3393852791028,12574.7970455847,9.2110480282362,873.6415344642613,107.60005895001738,239.66250322112933,240.04452542891983,619.8019075865359,1199.10516869553,901.4682168696232,3298.153674742824,1823.6611244481624,305.31228136466945,18.222943727435634,728.0160083951463
2027,6,20,1,3432.3393852791028,11173.732350437987,9.2110480282362,796.6969434877818,107.60005895001738,185.4921960096408,185.78787070758108,513.9446563727563,1619.8139383858972,901.4682168696232,1496.3070109361215,1724.8871168569233,198.88913901355812,18.222943727435634,692.2956009569623
2027,6,21,1,2398.502203216372,8108.782596708214,9.2110480282362,570.6722426105566,107.60005895001738,183.8506942414113,184.1437523843162,211.71450242755907,890.8125251587808,901.4682168696232,1148.9126761250366,1567.5803239424588,343.6944112251588,2.600891143365027,673.5849060109131
2027,6,22,1,3020.7737308576693,8269.180333523722,9.2110480282362,798.2999675051531,107.60005895001738,183.8506942414113,184.1437523843162,451.0439612397609,1195.698620567144,901.4682168696232,1672.0969608309067,1485.2686509497494,240.7605345129141,2.600891143365027,387.821609156366
2027,6,23,1,2601.331237626936,6719.312957628633,9.2110480282362,771.0487464955555,107.60005895001738,54.170276008961615,54.25662346907501,432.6340136292605,415.5989474977167,901.4682168696232,1762.084649135783,1377.3488618309343,211.1016518827816,26.03276960817532,564.7227012424037
2027,6,24,1,2215.36535284286,6856.520667379907,9.2110480282362,586.702370412841,107.60005895001738,128.0388540591945,128.24294808747698,434.168170101994,975.9762283688626,901.4682168696232,1636.520418962887,1156.0218788110556,207.61234467732365,10.413117846695952,277.25842193398483
2027,6,25,1,2398.502203216372,6116.371998760623,9.2110480282362,774.2547945303978,107.60005895001738,172.36002585133892,172.63476786031228,501.6713346531044,78.35060695323808,901.4682168696232,1289.1260380639396,1165.167620254703,92.46599666246216,18.222943727435634,561.3207363346171
2027,6,26,1,3479.600505149167,6976.335835566199,9.2110480282362,572.2752666280276,107.60005895001738,162.5108592294679,162.76990165954507,500.1371781804136,1432.453753407427,901.4682168696232,1500.492483738951,1101.1474301492888,266.93019307077145,36.445837437733786,510.29159885817046
2027,6,27,1,2780.529668595568,7660.441889157393,9.2110480282362,665.2499479494492,107.60005895001738,205.19049805085592,205.51757185685173,366.66500555088345,209.50274781305137,901.4682168696232,1142.6344438768951,949.3281221849292,212.8462847022073,31.23930352295455,399.72841163576777
2027,6,28,1,2743.1145972371287,6614.957793306904,9.2110480282362,697.3102035539182,107.60005895001738,206.83203102161232,207.16172143238035,329.8450753609478,127.74559273135569,901.4682168696232,1199.1383497590637,976.7653465158124,174.46415484173315,46.85895528443392,411.6352141151696
2027,6,29,1,2242.9343321827723,7246.886264737,9.2110480282362,920.128856396301,107.60005895001738,134.60495473960893,134.81951513724326,73.63982541093642,756.2538361705814,901.4682168696232,1169.840040139255,464.6037455044641,322.7586926921851,26.03276960817532,483.0760289915804
2027,6,30,1,2244.9035418850976,6897.103236009121,9.2110480282362,681.2800757517335,107.60005895001738,229.8133678017852,230.17969048041635,193.304554817016,981.0860505614418,901.4682168696232,1042.1830966088412,1218.2129607116922,117.76329724400765,39.04912940369423,454.1595140200225
2027,7,1,1,3118.679937957992,7603.721988444086,159.25078160050597,395.0283286731304,44.43633193491303,506.6820899429309,507.4897415698911,158.54184621012246,402.16025087136615,394.6455108749125,1235.858148119383,865.1469364232124,138.3379268295313,38.47953424329916,408.0990918401757
2027,7,2,1,3121.145300447323,7843.513830420852,159.25078160050597,432.8811735189912,44.43633193491303,412.5839870792004,413.2416462604432,136.0817632780791,887.6952022332325,394.6455108749125,1242.2948766618947,686.2768930241726,151.65935312571534,40.403493449464754,322.3639812937183
2027,7,3,1,4277.3989592395765,6741.244882827393,159.25078160050597,558.0866911389004,44.43633193491303,184.57705752576032,184.87127349227887,136.74236115203252,724.2153958630156,394.6455108749125,1057.7744033514766,547.5613704326555,254.131882280941,38.47953424329916,567.566411649211
2027,7,4,1,4025.9322898740393,6803.126625173278,159.25078160050597,593.9983471662283,44.43633193491303,188.1962057274329,188.4961906188677,158.54184621012246,155.3057819269534,394.6455108749125,1126.4332098416346,828.6428557500749,196.74725431536723,42.32745265563034,543.5605717324615
2027,7,5,1,3665.9897579905855,7920.866040254641,159.25078160050597,640.586466781052,44.43633193491303,680.4016716611466,681.4862324301398,138.0635219310046,747.1025960545909,394.6455108749125,911.8744856478584,843.2444960361274,174.2032829372456,28.859638178187915,517.8400423034041
2027,7,6,1,3668.455120479917,7369.731545190523,159.25078160050597,447.4399398288686,44.43633193491303,206.2920091408496,206.6208387563394,101.7310235215506,567.2748166306703,394.6455108749125,1021.2994239256068,753.8094743366075,176.25276511095254,101.97073823531758,552.1340939917893
2027,7,7,1,3942.110052249893,7661.736145818961,159.25078160050597,448.4105342381849,44.43633193491303,23.524541317187204,23.56203945348497,101.7310235215506,254.2110568185328,394.6455108749125,1177.9272686213903,677.1508728558883,272.57693087822486,44.25146187893758,416.67261409950345
2027,7,8,1,3954.436864696549,6892.081674989186,159.25078160050597,457.1458090070482,44.43633193491303,23.524541317187204,23.56203945348497,105.03397792242558,254.2110568185328,394.6455108749125,579.3085184528917,604.1427115096134,200.8461770962049,57.71927635638,558.9928893898832
2027,7,9,1,3956.90218367898,8605.433088774764,159.25078160050597,457.1458090070482,44.43633193491303,206.2920091408496,206.6208387563394,105.694575796379,1087.140511405407,394.6455108749125,905.437711017414,589.541071223561,57.384627965558565,18.97950294733017,528.12825407504
2027,7,10,1,3905.129658416368,6928.823966152952,159.25078160050597,579.4395808563509,44.43633193491303,191.8153539291055,192.12110774545656,177.03841183627216,186.3669307291117,394.6455108749125,660.8408281160055,565.8134107692241,178.30220571808331,18.97950294733017,265.778816549796
2027,7,11,1,3907.595020905698,7650.133305836844,159.25078160050597,574.5866462673108,44.43633193491303,16.02770089673405,16.05324906384439,160.52363983198268,145.49699809474555,394.6455108749125,1139.3067130145903,518.3580898606098,14.346167383040283,18.97950294733017,565.8516847879987
2027,7,12,1,3762.1388080616166,7122.204490736961,159.25078160050597,449.381091190159,44.43633193491303,16.02770089673405,16.05324906384439,177.03841183627216,197.8105118667829,394.6455108749125,948.349465073728,536.6101301971786,157.80771651366868,18.97950294733017,288.0699669542586
2027,7,13,1,3466.2956573945603,5020.158256565484,159.25078160050597,600.7924705739008,44.43633193491303,16.02770089673405,16.05324906384439,161.18420273704405,789.6073259943489,394.6455108749125,976.2420936884326,600.4922713751691,4.098465548369986,18.97950294733017,413.243197725983
2027,7,14,1,3466.2956573945603,7508.965539904977,159.25078160050597,617.2924257023111,44.43633193491303,16.02770089673405,16.05324906384439,177.03841183627216,483.90015405640304,394.6455108749125,965.5141666962676,481.85400918747234,225.4395890814574,11.543855271272658,377.23445652533246
2027,7,15,1,4531.330991094676,7242.1004329929665,159.25078160050597,518.2926949316497,44.43633193491303,16.02770089673405,16.05324906384439,258.951673983809,162.66236980121653,394.6455108749125,892.5642078444585,631.5207720144665,96.32416576725711,3.846317863937896,353.2286166085616
2027,7,16,1,1079.8275086361011,6021.869356896164,2.2846660866011046,473.6457641354586,44.43633193491303,16.02770089673405,16.05324906384439,134.7605675301723,162.66236980121653,394.6455108749125,924.7480349086768,434.3986882787987,96.32416576725711,5.77192763563424,368.6609716149303
2027,7,17,1,1572.8994409169816,6381.557098594622,2.2846660866011046,528.9691210618034,44.43633193491303,16.02770089673405,16.05324906384439,31.70838322959751,456.10856194879534,394.6455108749125,770.2657663937541,598.6670913918452,84.02748055794181,5.77192763563424,348.08451072275443
2027,7,18,1,5152.601642300991,13944.669210903932,2.2846660866011046,703.6745415242859,44.43633193491303,220.76863315006685,221.1205385149585,40.956648558218326,210.8889282260789,394.6455108749125,866.817155410684,585.8906711730447,16.395607990153064,17.31578290691108,289.7846564665668
2027,7,19,1,7827.516810751612,9580.07088163542,2.2846660866011046,586.2336668066812,44.43633193491303,644.2100960368401,645.2369674074602,40.956648558218326,475.7261675295155,394.6455108749125,791.7216203780143,547.5613704326555,16.395607990153064,17.31578290691108,438.9637271550405
2027,7,20,1,2852.421093656238,9570.40185540643,2.2846660866011046,544.4984817808976,44.43633193491303,495.82461413538624,496.6149589378609,57.47142056248256,603.2403573489327,394.6455108749125,562.1438168304219,492.8052093390805,16.395607990153064,21.163751336383907,360.0874493556026
2027,7,21,1,4494.350597261149,6006.398889408725,2.2846660866011046,548.3808219607209,44.43633193491303,495.82461413538624,496.6149589378609,115.60343899896122,264.8372393034366,394.6455108749125,566.4349691920731,432.5734682116062,16.395607990153064,11.543855271272658,222.91127995103
2027,7,22,1,3601.8904202813183,7737.154541899624,2.2846660866011046,525.0867808819801,44.43633193491303,86.85977525783032,86.99822980397835,75.30738831467887,264.8372393034366,394.6455108749125,542.833539027022,436.2238682621224,16.395607990153064,15.39182370074549,368.6609716149303
2027,7,23,1,4028.3976523633705,8021.4239300522,2.2846660866011046,547.4102650087467,44.43633193491303,86.85977525783032,86.99822980397835,177.03841183627216,655.553909037203,394.6455108749125,620.074650240552,472.727989019188,192.6483731011208,9.619896065107072,420.1020304730239
2027,7,24,1,3584.6328828557707,7416.142905118527,2.2846660866011046,604.6748107536246,44.43633193491303,231.6261089576115,231.9953211469888,78.61034271555386,161.84497114852064,394.6455108749125,553.5614660191173,542.0857503149466,260.2802456689096,4.81164861522163,264.0641270375092
2027,7,25,1,3037.3230628231768,7274.975096651413,2.2846660866011046,520.2338462929401,44.43633193491303,97.71725106537498,97.87301243600862,83.8950557693543,815.7640828804034,394.6455108749125,1019.1538477447464,514.7076898100343,176.25276511095254,4.81164861522163,234.91418123495265
2027,7,26,1,3054.580600248494,7673.33898580108,2.2846660866011046,601.7630275257753,44.43633193491303,213.5303055441948,213.87067300951705,99.08866699467173,136.50561291516206,394.6455108749125,899.0009824749026,567.6385907525479,268.4780496639785,9.619896065107072,214.3377576917023
2027,7,27,1,3552.5832140011366,7153.145383177526,2.2846660866011046,468.7928295464186,44.43633193491303,177.33872991988824,177.62140798683745,116.26403687291464,136.50561291516206,394.6455108749125,868.9627315914748,580.4150510552766,14.346167383040283,7.695886841804004,334.366919926545
2027,7,28,1,3113.749212979329,8375.31027302699,2.2846660866011046,412.4988407534153,44.43633193491303,15.833808485167207,15.859047587629783,132.1182110032507,441.3953862004121,394.6455108749125,1014.8626492951628,602.3174914423615,59.43406857268937,5.77192763563424,327.50808717952555
2027,7,29,1,3116.2145754686608,6652.289833011952,2.2846660866011046,519.2632518836239,44.43633193491303,15.833808485167207,15.859047587629783,79.9315034945686,349.8467370993287,394.6455108749125,454.8644547334641,558.5125705842636,71.7307537820199,9.619896065107072,228.05538583683725
2027,7,30,1,4134.408108884825,7818.374379239202,2.2846660866011046,500.8221453940226,44.43633193491303,15.833808485167207,15.859047587629783,132.77880887720414,349.8467370993287,394.6455108749125,750.9554425024913,480.02878912022055,182.4010869323297,15.39182370074549,385.8079787846601
2027,7,31,1,3207.4328570539,7795.1686992749665,2.2846660866011046,400.8518202141445,44.43633193491303,15.833808485167207,15.859047587629783,79.27094058950726,414.4212306616617,394.6455108749125,712.3348868957611,551.211770483231,84.02748055794181,9.619896065107072,282.9258610684513
2027,8,1,1,2942.4641666231564,6520.821505873584,0.477768222512495,414.70474054343794,24.25316339195104,3.1960733371084165,3.201167880376939,151.9910833957654,420.7582124884874,253.4550768324062,849.7301119027052,397.8993775889528,45.84358175424747,10.031337037133351,421.7224886274525
2027,8,2,1,2942.4641666231564,7078.391044379425,0.477768222512495,327.72547992086925,24.25316339195104,3.1960733371084165,3.201167880376939,40.46516038297882,44.814474523043934,253.4550768324062,547.4222809706699,640.6544882901836,40.11312883914642,12.037624451413349,430.19079894262825
2027,8,3,1,3136.220183276241,6305.106078976809,0.477768222512495,369.6618857387991,24.25316339195104,3.1960733371084165,3.201167880376939,4.145215815929578,395.0313880322976,253.4550768324062,647.510686011911,598.6743064925562,103.14806933871223,10.031337037133351,308.24698100840254
2027,8,4,1,3139.50417175998,6224.669822425799,0.477768222512495,332.3850597576271,24.25316339195104,3.1960733371084165,3.201167880376939,4.145215815929578,186.45038440916304,253.4550768324062,606.6582776721733,565.8202250310692,40.11312883914642,14.043911865697517,374.2998761646295
2027,8,5,1,3576.2762063502987,6224.669822425799,0.477768222512495,360.3426886078416,24.25316339195104,69.40015986814585,69.51078377442033,4.145215815929578,186.45038440916304,253.4550768324062,459.58961686653714,403.37503779058966,57.30448758446479,2.0056872086334154,362.44424172337045
2027,8,6,1,2922.7601487069205,5806.035640011313,0.477768222512495,280.3528164691804,24.25316339195104,19.72426253148201,19.75570302057832,4.145215815929578,92.3952811873522,253.4550768324062,314.56357186907366,520.1895630151286,2.5480318267249507,2.0056872086334154,125.33117940921296
2027,8,7,1,2922.7601487069205,6798.692218056295,0.477768222512495,334.71486840477667,24.25316339195104,27.76006394726733,27.80431350977714,4.145215815929578,92.3952811873522,253.4550768324062,420.77982433490257,456.30662015928783,2.5480318267249507,2.0056872086334154,287.9229989030636
2027,8,8,1,3254.444160254104,7082.047230125484,0.477768222512495,303.6508654825375,24.25316339195104,43.101153560353445,43.16985683107849,168.7693112458308,222.4126264131542,253.4550768324062,453.4617694418796,430.7534590504991,2.5480318267249507,12.037624451413349,318.40895338660926
2027,8,9,1,3254.444160254104,5535.477299320253,0.477768222512495,425.577143439029,24.25316339195104,43.83166677881172,43.9015344881485,179.62583218936666,222.4126264131542,253.4550768324062,369.7142908662294,445.355259672086,1.616940261983696,4.011374417266831,218.4827422718494
2027,8,10,1,3139.50417175998,5732.911754951953,0.477768222512495,305.9806366722453,24.25316339195104,79.62756334439051,79.75448973938745,130.27807647762845,215.7734520238756,253.4550768324062,555.592790291363,419.8020985632972,1.616940261983696,2.0056872086334154,243.88771056630245
2027,8,11,1,3316.840158980339,7277.653614151544,0.477768222512495,345.5872713003678,24.25316339195104,62.82541609182947,62.9255598516508,81.91728357332565,1042.3517061878345,253.4550768324062,310.4782941647261,412.5011782105397,1.616940261983696,6.608314206777481,276.06732711287896
2027,8,12,1,3139.50417175998,6314.246564609346,0.477768222512495,298.9912481883379,24.25316339195104,75.24439042600395,75.36433004011984,6.908669713935745,136.1032456036183,253.4550768324062,349.28808669636066,363.220076060214,1.616940261983696,6.018812225706673,286.2293368400327
2027,8,13,1,2870.216158938804,6124.124480469296,0.477768222512495,341.7042943459267,24.25316339195104,77.43596128393378,77.55939426362177,6.908669713935745,33.1959098627182,253.4550768324062,502.4846410145172,427.1030189160547,1.616940261983696,2.0056872086334154,201.54608429257212
2027,8,14,1,2870.216158938804,6125.952594610182,0.477768222512495,400.7259261182809,24.25316339195104,39.44852506295207,39.511406041144646,200.35187630006823,33.1959098627182,253.4550768324062,371.7569527623347,478.2093411336323,1.616940261983696,6.018812225706673,247.2750346923642
2027,8,15,1,3080.392161517714,6277.684622079666,0.477768222512495,322.2892597443528,24.25316339195104,100.8128523128112,100.97354807412792,123.36937179477144,270.5467070890109,253.4550768324062,353.3733644006386,136.89198604776263,1.616940261983696,14.043911865697517,230.33837671308697
2027,8,16,1,3080.392161517714,6279.512736220085,0.477768222512495,344.81066841805097,24.25316339195104,22.64637781040619,22.68247615342319,6.62671530931418,49.793864794077294,253.4550768324062,365.6290592498144,651.6058487773855,1.616940261983696,6.018812225706673,223.563728460942
2027,8,17,1,3185.4801845603897,5829.800868627151,0.477768222512495,358.78948284310843,24.25316339195104,74.51384600501878,74.63262113078609,6.62671530931418,409.9695588454565,253.4550768324062,796.622008713722,425.2777587649341,1.616940261983696,2.0056872086334154,245.5813726293333
2027,8,18,1,1756.9401038120318,6462.322406333238,0.477768222512495,323.842465509086,24.25316339195104,86.93282033919326,87.07139131925513,6.62671530931418,262.24771066520213,253.4550768324062,394.2257727404459,363.220076060214,1.616940261983696,4.011374417266831,210.01443195667355
2027,8,19,1,1756.9401038120318,5339.870915293725,0.477768222512495,316.8530770251785,24.25316339195104,110.30971136807068,110.48554512976128,6.62671530931418,156.02080668775875,253.4550768324062,400.3536201650338,290.2110328682328,1.616940261983696,8.025099639986665,189.69044985133456
2027,8,20,1,1934.2760910323905,6904.721859898807,0.477768222512495,336.2680741694103,24.25316339195104,50.40644175765499,50.48678966318177,6.62671530931418,250.62914600487048,253.4550768324062,435.0781810801835,359.56963592576966,1.616940261983696,14.043911865697517,210.01443195667355
2027,8,21,1,2528.680138433272,8968.643200934608,0.477768222512495,292.7784251295047,24.25316339195104,86.93282033919326,87.07139131925513,6.62671530931418,370.1344366771757,253.4550768324062,308.4356783565533,354.0939356402047,1.616940261983696,8.025099639986665,267.59901679770314
2027,8,22,1,2528.680138433272,8694.428674497956,0.477768222512495,332.3850597576271,24.25316339195104,40.17903828143844,40.2430836982428,6.62671530931418,911.2278508551976,253.4550768324062,420.77982433490257,379.6470967489935,261.6904337236128,6.018812225706673,242.1940485032716
2027,8,23,1,3136.220183276241,8794.974016454458,0.477768222512495,378.2045174446823,24.25316339195104,36.52640978403706,36.58463290830896,31.582565054249823,53.11347094685162,253.4550768324062,363.5864434416416,350.44349550581967,101.2379183670119,6.608314206777481,289.61666096609446
2027,8,24,1,3060.688143601249,7535.41524092923,0.477768222512495,407.71535205953046,24.25316339195104,36.52640978403706,36.58463290830896,31.582565054249823,53.11347094685162,253.4550768324062,164.09053602045898,262.8326116083827,101.2379183670119,6.608314206777481,279.45465123896224
2027,8,25,1,1756.9401038120318,6305.106078976809,0.477768222512495,383.6407001638565,24.25316339195104,11.688461115696697,11.707092531379493,31.582565054249823,330.2993524251278,253.4550768324062,164.09053602045898,262.8326116083827,61.12478952786548,4.011374417266831,299.7786333443012
2027,8,26,1,3838.996198696868,7789.520724495636,0.477768222512495,310.6402539663453,24.25316339195104,11.688461115696697,11.707092531379493,108.5650695595342,858.1143799083594,253.4550768324062,164.09053602045898,228.15331007964392,12.415981316061494,6.018812225706673,203.23974635560305
2027,8,27,1,3842.2801871806073,8957.67460116212,0.477768222512495,232.9801904747341,24.25316339195104,11.688461115696697,11.707092531379493,92.77376954792676,0.8303660123329006,253.4550768324062,531.0813084172163,198.9496687524827,12.415981316061494,6.608314206777481,338.7329354919697
2027,8,28,1,3530.3001935498896,7687.14731093396,0.477768222512495,340.1510885811936,24.25316339195104,11.688461115696697,11.707092531379493,113.49984862756304,0.8303660123329006,253.4550768324062,749.6417068613944,284.7353325827271,40.11312883914642,16.050149262840026,291.31032302912536
2027,8,29,1,3224.8881768864208,7994.267551619454,0.477768222512495,288.8954481750636,24.25316339195104,168.0214413230553,168.2892676250745,167.78234843843808,544.4130203307776,253.4550768324062,488.1862842691666,375.9966566146084,24.83192106552839,10.031337037133351,364.1379037864228
2027,8,30,1,3842.2801871806073,8319.6688061048,90.3991719851986,318.40624533256965,24.25316339195104,178.2488135967731,178.53294233777788,28.621711600980262,280.50548763104536,253.4550768324062,1311.362344577415,523.8400031495729,79.27118219243503,6.018812225706673,347.2012458071456
2027,8,31,1,3566.424197391952,9487.822725306063,90.3991719851986,250.84201931157483,24.25316339195104,84.74124948126344,84.87632709575321,47.37383009691008,873.0525507214468,253.4550768324062,984.543077859096,279.25967238109024,79.27118219243503,10.031337037133351,311.6343051344858
2027,9,1,1,2382.099315505586,8000.296725563988,68.6610411626848,406.99103961383753,22.798900501039107,364.201215460654,364.78175246807183,35.634343915057386,185.54331381041783,175.38157699897232,875.1488802118812,515.4200607562447,30.03169335531532,5.120104301399727,289.5780048204708
2027,9,2,1,2567.686910047166,7396.984478198721,68.6610411626848,411.11246994938,22.798900501039107,364.201215460654,364.78175246807183,35.634343915057386,905.8879528195492,175.38157699897232,564.5444895477723,526.3092110414907,37.53965826074313,2.560877433467103,316.8324175773551
2027,9,3,1,2772.0682274539176,7350.838749690512,1.6236935080875772,497.6624695372352,22.798900501039107,48.56015790107424,48.63756282876503,35.634343915057386,905.8879528195492,175.38157699897232,472.202631218459,411.97307292045576,2.5023085802421217,6.4001428810319405,245.2896027650316
2027,9,4,1,1804.193566466032,8191.715916214478,1.6236935080875772,326.6231855292463,22.798900501039107,48.56015790107424,48.63756282876503,35.634343915057386,1768.1186352574985,175.38157699897232,308.50573196727515,379.3056220646582,2.5023085802421217,2.560877433467103,223.14542041176395
2027,9,5,1,1031.3033396989772,7884.0779388359715,1.6236935080875772,375.0499732424776,22.798900501039107,48.56015790107424,48.63756282876503,35.634343915057386,676.6873686274598,175.38157699897232,260.2361210618881,404.7136393969189,2.5023085802421217,5.120104301399727,275.95079844203946
2027,9,6,1,1931.050923889136,7352.547850746474,1.6236935080875772,375.0499732424776,22.798900501039107,48.56015790107424,48.63756282876503,35.634343915057386,109.14311907972149,175.38157699897232,426.0317250976989,239.5614265273753,62.87889952928757,1.2054130106749454,310.0188143881394
2027,9,7,1,2551.242429731637,8010.551331898834,1.6236935080875772,375.0499732424776,22.798900501039107,48.56015790107424,48.63756282876503,35.634343915057386,1839.061694888176,175.38157699897232,528.866969086837,426.4919399674702,62.87889952928757,1.2054130106749454,291.28141495501694
2027,9,8,1,2551.242429731637,7460.221174729919,1.6236935080875772,526.512444428292,22.798900501039107,48.56015790107424,48.63756282876503,35.634343915057386,13.415491877516644,175.38157699897232,402.9462489934223,281.3031893295283,118.24987571976916,1.2804387167335516,328.75621382124046
2027,9,9,1,2551.242429731637,7615.749243207511,1.6236935080875772,389.47497941672685,22.798900501039107,48.56015790107424,48.63756282876503,35.634343915057386,13.415491877516644,175.38157699897232,440.72247423905407,210.5236924333463,12.513205564719073,1.2054130106749454,211.2215868189316
2027,9,10,1,1966.289083562936,7161.128660095985,1.6236935080875772,494.5713780569321,22.798900501039107,48.56015790107424,48.63756282876503,35.634343915057386,13.415491877516644,175.38157699897232,247.64403061736672,255.8951719972084,12.513205564719073,1.2054130106749454,274.2473883075149
2027,9,11,1,1966.289083562936,7964.40564592587,1.6236935080875772,469.84283350131807,22.798900501039107,48.56015790107424,48.63756282876503,35.634343915057386,13.415491877516644,175.38157699897232,411.3409759564134,286.74778451405604,12.513205564719073,6.4001428810319405,269.1371952528238
2027,9,12,1,2858.989027116816,7489.27585014465,1.6236935080875772,468.8124571888361,22.798900501039107,48.56015790107424,48.63756282876503,35.634343915057386,13.415491877516644,175.38157699897232,379.86077288914566,257.7100103361583,28.15471252061001,1.920658075100328,185.67058419661484
2027,9,13,1,3002.290821348318,6867.16349116472,1.6236935080875772,402.8696092783946,22.798900501039107,58.36557860067492,58.45861337622938,35.634343915057386,13.415491877516644,175.38157699897232,394.5515220304312,337.5638592625053,13.13886584295503,1.920658075100328,175.45019808725405
2027,9,14,1,3166.7355809950946,7653.349466436372,1.6236935080875772,406.99103961383753,22.798900501039107,58.36557860067492,58.45861337622938,35.634343915057386,13.415491877516644,175.38157699897232,321.09777632393383,208.70881401052768,31.908715756612,1.2804387167335516,161.82299170882266
2027,9,15,1,3227.8150171565435,7752.477242605687,1.6236935080875772,432.7499604819336,22.798900501039107,58.36557860067492,58.45861337622938,35.634343915057386,13.415491877516644,175.38157699897232,96.53922181077402,261.33976718179554,22.5237700164941,1.2054130106749454,211.2215868189316
2027,9,16,1,2746.226907459138,8266.916320136952,829.2141677683878,392.5660334396877,22.798900501039107,58.36557860067492,58.45861337622938,35.634343915057386,13.415491877516644,175.38157699897232,308.50573196727515,208.70881401052768,35.662677426022604,1.2804387167335516,241.88281984488648
2027,9,17,1,2746.226907459138,8266.916320136952,338.0236038420114,436.8713908174761,22.798900501039107,177.43137017897715,177.71419591456802,35.634343915057386,13.415491877516644,175.38157699897232,673.6757557151353,185.11567510108577,31.908715756612,2.560877433467103,187.3739943311394
2027,9,18,1,2889.528745197541,8109.679150603396,485.908926032598,386.3838879364238,22.798900501039107,700.3869744107101,701.5033917671008,35.634343915057386,13.415491877516644,175.38157699897232,8.394726963001728,225.0425594803608,24.400750851199405,1.2804387167335516,253.8066160887933
2027,9,19,1,2889.528745197541,6082.686616949031,702.4553253082205,322.50175519370384,22.798900501039107,26.4590751960154,26.50125098149132,35.634343915057386,13.415491877516644,175.38157699897232,8.394726963001728,188.74539186285423,31.908715756612,1.920658075100328,158.41620878867755
2027,9,20,1,2487.813751020086,7145.746793128495,99.51682171429704,725.371364472198,22.798900501039107,26.4590751960154,26.50125098149132,35.634343915057386,13.415491877516644,175.38157699897232,8.394726963001728,210.5236924333463,30.03169335531532,1.920658075100328,253.8066160887933
2027,9,21,1,2579.43299227629,6339.051605186682,99.51682171429704,336.9267613679532,22.798900501039107,26.4590751960154,26.50125098149132,35.634343915057386,13.415491877516644,175.38157699897232,337.88723024991594,239.5614265273753,28.15471252061001,3.841316150200655,206.11139376426192
2027,9,22,1,1766.6062077492595,7321.784074276247,99.51682171429704,336.9267613679532,22.798900501039107,26.4590751960154,26.50125098149132,35.634343915057386,13.415491877516644,175.38157699897232,801.6951345053837,230.4871546649479,52.55550493840079,1.2054130106749454,277.6542085765855
2027,9,23,1,2579.43299227629,7403.820882422108,99.51682171429704,588.3338994605332,22.798900501039107,26.4590751960154,26.50125098149132,35.634343915057386,13.415491877516644,175.38157699897232,631.7022130759752,186.9305134400356,54.432485773106094,1.2054130106749454,214.6284070880237
2027,9,24,1,3288.8944968248925,6836.399672159247,99.51682171429704,558.453510799652,22.798900501039107,26.4590751960154,26.50125098149132,35.634343915057386,13.415491877516644,175.38157699897232,46.17090612070589,288.5626228530059,78.83323662430548,1.2054130106749454,344.0867929852924
2027,9,25,1,2574.734550683214,6574.907423288952,99.51682171429704,480.1463718827823,22.798900501039107,26.4590751960154,26.50125098149132,35.634343915057386,13.415491877516644,175.38157699897232,46.17090612070589,333.93414250079616,58.1864474425167,1.2054130106749454,315.12900744280904
2027,9,26,1,2945.909783272814,7007.309692674355,99.51682171429704,336.9267613679532,22.798900501039107,26.4590751960154,26.50125098149132,35.634343915057386,13.415491877516644,175.38157699897232,222.459895816326,381.1204604035488,39.41663909544844,1.2054130106749454,308.3154042535934
2027,9,27,1,3817.466848425221,6921.854682417034,99.51682171429704,454.3874510145868,22.798900501039107,26.4590751960154,26.50125098149132,35.634343915057386,13.415491877516644,175.38157699897232,222.459895816326,321.2301137926721,52.55550493840079,1.2054130106749454,260.620219278009
2027,9,28,1,3817.466848425221,8104.551847435972,99.51682171429704,500.753523560196,22.798900501039107,312.8395087882532,313.33817519716206,56.59569389064436,13.415491877516644,175.38157699897232,652.6889843955553,205.0790972487592,60.06342827723724,1.2054130106749454,187.3739943311394
2027,9,29,1,3925.530526489824,6954.327602478004,99.51682171429704,48.94197586956276,22.798900501039107,79.37719438552547,79.50372169221639,56.59569389064436,13.415491877516644,175.38157699897232,621.2087813282876,339.3786976014551,50.67852410369548,1.2054130106749454,313.4255973082845
2027,9,30,1,2577.083749726187,6298.033222381141,99.51682171429704,48.94197586956276,22.798900501039107,79.37719438552547,79.50372169221639,56.59569389064436,13.415491877516644,175.38157699897232,518.3735373391494,148.81846739965104,56.3094666078114,1.2804387167335516,248.69638568517664
